50.41667
44.08334
39.41667
39.33334
45.58334
38.66667
25.66667
24.75000
29.58333
28.58333
34.58334
36.25000
47.00000
56.00000
68.91667
78.75000
85.25000
98.50000
112.25000
121.41667
121.66667
124.25000
131.08334
141.66667
160.83334
160.41667
150.83334
156.08334
164.16667
147.08334
160.50000
168.41667
156.83334
141.41667
132.08334
131.66667
114.58334
95.41667
83.83334
68.00000
60.83334
60.33334
54.41667
60.66667
59.91667
62.33334
66.83334
63.16667
73.66667
84.25000
50.66667
43.33334
41.66667
38.41667
48.58334
35.75000
27.16667
24.25000
29.75000
33.75000
37.33334
42.66667
51.58334
59.75000
74.91667
91.91667
94.83334
112.00000
123.58334
134.33334
136.75000
129.66667
143.83334
162.75000
168.50000
158.25000
164.91667
172.33334
172.83334
159.33334
173.08334
177.66667
158.41667
149.50000
154.33334
144.75000
126.83334
110.25000
92.16667
78.16667
65.25000
62.50000
64.33334
60.58334
60.33334
64.58334
65.91667
63.16667
76.83334
88.58334
51.91667
40.66667
42.75000
40.25000
42.16667
32.83334
25.75000
24.08333
33.08334
38.58334
46.50000
47.91667
57.91667
76.91667
87.08334
112.33334
123.75000
141.25000
143.33334
152.08334
157.00000
141.41667
167.66667
169.91667
168.50000
173.33334
180.50000
179.58334
181.00000
175.83334
177.75000
175.08334
166.16667
166.00000
163.91667
156.66667
141.41667
124.16667
107.83334
84.91667
68.00000
70.25000
65.16667
57.75000
60.50000
64.16667
64.75000
63.08334
78.16667
92.83334
52.50000
46.66667
45.50000
40.00000
37.91667
30.41667
25.25000
33.33334
40.00000
46.66667
43.66667
60.00000
80.08334
84.00000
108.25000
133.50000
141.25000
154.33334
148.25000
157.25000
170.91667
162.91667
172.75000
175.33334
178.50000
184.41667
188.16667
186.83334
182.83334
180.58334
177.08334
182.66667
172.50000
172.33334
169.66667
162.16667
143.91667
134.16667
111.25000
90.16667
76.91667
77.25000
72.00000
62.41667
61.50000
65.58334
66.16667
65.91667
78.50000
92.58334
53.33334
49.00000
50.83334
39.00000
38.16667
30.91667
27.66667
36.91667
41.16667
52.33334
62.41667
81.83334
95.83334
98.83334
138.00000
148.83334
161.08334
167.41667
157.16667
171.25000
181.33334
176.66667
171.66667
176.33334
179.75000
188.00000
190.41667
185.75000
183.66667
179.66667
180.16667
179.83334
177.08334
174.16667
174.00000
154.41667
144.83334
133.66667
116.91667
104.91667
87.58334
85.41667
74.25000
65.41667
64.16667
65.91667
68.50000
65.58334
81.33334
92.00000
52.16667
51.41667
49.25000
39.83334
37.83334
42.50000
38.58334
37.50000
54.33334
79.25000
78.25000
99.50000
113.50000
126.91667
148.83334
166.58334
173.66667
166.91667
169.66667
177.58334
181.58334
176.83334
171.66667
184.58334
180.83334
185.58334
190.66667
184.58334
182.75000
182.58334
179.50000
177.58334
178.25000
177.16667
170.66667
154.00000
151.83334
139.83334
131.33334
116.41667
96.83334
92.33334
82.58334
73.66667
67.50000
69.00000
67.66667
71.00000
77.83334
98.33334
50.75000
45.50000
45.00000
38.50000
41.25000
49.91667
49.83334
58.83334
72.66667
93.58334
94.75000
111.91667
125.41667
143.91667
157.08334
177.33334
179.58334
170.08334
184.25000
177.66667
184.58334
182.00000
169.33334
184.25000
183.91667
188.25000
191.08334
182.16667
185.16667
187.33334
180.66667
186.08334
184.08334
181.16667
172.00000
159.00000
159.41667
142.58334
137.00000
120.91667
111.83334
105.50000
87.91667
80.91667
70.50000
73.00000
68.16667
73.75000
83.91667
101.50000
47.58334
48.08334
41.16667
40.66667
47.50000
53.58334
62.41667
69.08334
87.58334
109.25000
107.66667
122.66667
140.50000
155.33334
167.58334
178.83334
184.08334
175.00000
183.91667
175.58334
186.00000
182.41667
175.33334
189.66667
189.41667
189.41667
190.91667
182.00000
190.25000
190.58334
188.00000
188.83334
187.41667
180.33334
166.16667
169.16667
155.41667
143.58334
149.08334
123.83334
124.50000
116.83334
103.33334
90.75000
73.08334
73.58334
68.25000
76.25000
88.50000
96.66667
45.41667
48.91667
39.75000
46.00000
54.66667
63.08334
71.75000
74.58334
94.00000
114.08334
120.91667
136.08334
156.08334
163.41667
175.58334
177.91667
184.83334
178.41667
180.66667
181.75000
190.58334
186.58334
180.00000
193.25000
192.08334
189.66667
195.66667
190.00000
196.66667
195.41667
191.50000
192.16667
185.50000
179.16667
178.33334
170.25000
153.16667
157.33334
153.08334
129.75000
129.66667
131.58334
116.33334
104.00000
81.41667
72.66667
62.83334
80.33334
91.41667
102.91667
43.66667
50.00000
41.58334
58.16667
61.41667
75.08334
84.16667
91.66667
102.50000
123.00000
135.50000
143.75000
160.00000
162.75000
172.75000
179.25000
185.00000
182.50000
185.08334
190.50000
193.16667
194.58334
190.50000
198.08334
196.25000
196.08334
198.16667
199.00000
201.08334
199.33334
193.25000
192.16667
188.00000
185.91667
177.00000
165.91667
161.41667
166.33334
153.83334
133.91667
136.33334
137.00000
126.83334
114.33334
86.33334
71.75000
66.16667
84.00000
95.00000
107.25000
51.16667
52.33334
53.66667
66.41667
75.08334
92.00000
99.33334
104.66667
121.08334
132.08334
145.66667
155.75000
158.50000
166.33334
178.58334
181.83334
185.00000
182.75000
189.25000
190.41667
196.25000
200.16667
197.83334
201.33334
198.83334
201.83334
201.83334
204.08334
197.58334
195.66667
193.25000
194.00000
191.50000
191.58334
183.33334
179.16667
173.75000
161.25000
159.75000
146.33334
137.33334
140.41667
128.33334
125.83334
95.25000
74.00000
70.75000
90.00000
93.58334
99.33334
52.91667
58.25000
66.33334
75.41667
89.08334
109.08334
112.08334
115.16667
121.00000
142.91667
152.25000
163.91667
170.33334
179.41667
183.16667
186.75000
188.25000
189.33334
187.50000
190.33334
189.75000
195.66667
202.50000
202.83334
204.58334
204.25000
204.00000
195.08334
193.00000
193.16667
190.25000
192.41667
192.58334
189.41667
181.66667
176.33334
168.25000
161.58334
155.16667
154.75000
138.50000
138.16667
129.75000
131.25000
104.00000
79.08334
75.66667
90.58334
93.25000
103.91667
52.50000
60.16667
74.75000
88.41667
98.08334
113.50000
119.58334
119.91667
134.50000
150.66667
159.16667
160.25000
166.25000
174.41667
183.25000
183.83334
190.50000
191.16667
188.50000
188.33334
188.75000
191.25000
191.75000
199.00000
203.08334
200.83334
194.50000
189.00000
189.41667
187.33334
186.75000
176.08334
163.50000
156.50000
156.16667
156.33334
151.08334
149.41667
146.58334
147.25000
144.08334
140.50000
132.58334
132.75000
113.41667
83.00000
80.16667
89.66667
97.08334
108.66667
53.33334
67.33334
79.16667
94.25000
106.75000
116.33334
122.50000
129.50000
144.16667
150.33334
143.58334
142.58334
147.00000
148.50000
152.33334
159.75000
165.41667
171.50000
174.91667
178.75000
181.50000
182.83334
185.08334
190.83334
194.91667
192.25000
185.00000
177.75000
173.58334
164.25000
152.75000
138.83334
131.58334
135.91667
132.16667
132.75000
134.75000
136.91667
142.41667
136.75000
139.66667
142.91667
134.08334
135.33334
117.83334
90.91667
86.08334
91.25000
109.00000
110.50000
55.25000
78.00000
80.16667
92.00000
114.83334
119.00000
127.83334
136.83334
138.83334
136.00000
125.91667
124.66667
125.16667
119.08334
118.41667
121.50000
127.91667
138.58334
147.50000
155.58334
165.25000
172.75000
180.66667
182.25000
180.58334
176.75000
169.58334
166.66667
154.58334
144.08334
135.91667
129.58334
117.91667
115.83334
121.66667
123.25000
125.16667
126.50000
130.66667
136.66667
136.66667
138.33334
134.25000
135.33334
121.16667
95.83334
89.16667
92.66667
112.16667
115.00000
69.83334
81.33334
84.08334
96.58334
118.66667
120.66667
127.58334
137.58334
131.00000
129.83334
128.25000
131.91667
130.58334
133.83334
138.50000
123.41667
119.58334
122.75000
141.16667
149.08334
160.58334
168.91667
173.50000
176.16667
171.83334
167.75000
166.00000
159.25000
155.25000
148.58334
138.08334
123.75000
115.83334
123.91667
138.25000
136.91667
136.00000
137.91667
137.00000
137.50000
140.91667
136.41667
132.50000
134.83334
122.58334
103.50000
98.66667
98.16667
117.08334
120.75000
80.08334
89.66667
81.91667
96.75000
118.33334
123.33334
129.83334
134.16667
135.66667
145.91667
151.25000
158.16667
162.91667
162.50000
160.66667
153.58334
137.25000
144.50000
149.00000
145.16667
155.33334
163.83334
171.25000
175.58334
175.83334
171.33334
164.00000
158.83334
148.58334
140.91667
136.66667
122.75000
121.00000
133.75000
136.00000
138.16667
137.25000
136.66667
135.41667
142.66667
144.83334
137.16667
133.50000
135.16667
128.50000
107.50000
106.91667
106.91667
119.91667
125.08334
95.33334
105.41667
80.16667
100.83334
121.58334
124.25000
126.66667
133.75000
140.58334
150.00000
151.66667
152.66667
152.75000
152.83334
148.08334
139.66667
137.66667
135.58334
145.83334
138.25000
149.33334
159.25000
169.83334
178.00000
179.41667
177.83334
169.91667
157.08334
145.00000
135.08334
129.91667
135.41667
122.75000
106.16667
109.00000
135.33334
130.91667
130.16667
141.33334
147.91667
146.33334
137.91667
133.08334
136.66667
127.83334
113.91667
109.33334
121.08334
130.75000
131.25000
110.66667
116.83334
84.33334
99.00000
122.50000
124.41667
128.33334
129.83334
138.75000
142.08334
137.83334
127.91667
121.41667
116.91667
102.83334
98.16667
121.08334
135.16667
131.50000
135.75000
148.50000
157.16667
171.58334
183.50000
190.08334
186.33334
175.58334
161.25000
143.25000
137.00000
129.83334
137.00000
114.16667
82.75000
103.16667
123.25000
134.50000
128.58334
136.50000
147.16667
145.33334
134.91667
135.83334
134.66667
125.50000
114.91667
113.08334
129.08334
127.41667
129.75000
132.41667
124.00000
94.33334
98.91667
121.66667
123.75000
129.16667
127.83334
136.41667
130.83334
119.08334
107.33334
110.25000
97.58334
80.83334
86.91667
143.58334
145.41667
138.66667
144.00000
148.25000
161.66667
175.25000
188.08334
198.50000
196.75000
180.25000
164.33334
152.50000
155.33334
142.25000
148.50000
152.33334
121.00000
106.00000
131.41667
147.00000
138.41667
141.66667
146.83334
142.41667
136.33334
136.83334
134.33334
125.08334
114.91667
123.00000
140.00000
128.75000
131.08334
131.66667
125.50000
110.91667
102.91667
121.08334
124.50000
127.91667
129.58334
136.00000
132.08334
121.41667
126.50000
131.58334
146.66667
131.16667
148.50000
152.33334
147.91667
139.33334
146.41667
156.58334
165.58334
176.50000
193.66667
199.66667
200.66667
189.66667
175.16667
166.33334
162.58334
155.08334
152.75000
164.16667
141.00000
144.83334
161.33334
156.00000
154.08334
157.91667
157.41667
149.75000
138.66667
139.25000
137.75000
125.00000
115.66667
128.75000
143.66667
131.33334
131.16667
137.58334
118.16667
121.33334
104.91667
119.91667
124.58334
128.58334
133.00000
136.50000
135.58334
138.50000
146.41667
153.75000
149.91667
150.00000
150.33334
148.41667
146.83334
146.50000
159.41667
161.91667
167.41667
180.25000
195.91667
203.91667
203.25000
195.50000
183.33334
174.00000
174.50000
170.33334
161.75000
160.41667
153.00000
157.83334
157.83334
166.33334
170.08334
169.66667
169.25000
157.83334
147.66667
144.75000
137.50000
127.08334
120.91667
138.41667
143.75000
130.08334
133.00000
141.00000
112.91667
130.41667
107.08334
119.50000
124.75000
128.58334
132.50000
139.50000
145.00000
149.83334
154.91667
157.75000
153.25000
149.25000
144.75000
156.50000
156.08334
161.66667
169.41667
169.66667
170.25000
185.25000
196.58334
203.66667
206.66667
199.75000
188.41667
181.91667
181.16667
180.58334
171.83334
172.50000
165.16667
157.83334
164.08334
176.16667
172.33334
174.08334
175.66667
167.25000
152.75000
147.83334
135.50000
129.50000
130.16667
145.91667
144.66667
137.50000
139.91667
128.83334
114.41667
136.58334
112.33334
120.33334
124.08334
128.83334
135.50000
142.66667
147.58334
160.00000
162.50000
167.08334
166.41667
151.83334
154.91667
170.83334
169.83334
170.83334
179.33334
177.16667
178.50000
187.91667
196.33334
204.33334
207.16667
205.00000
192.25000
190.91667
188.83334
186.75000
188.08334
182.08334
180.58334
184.25000
186.83334
188.66667
183.83334
178.50000
179.91667
171.16667
154.91667
148.41667
138.75000
133.83334
134.75000
143.00000
145.41667
136.83334
135.50000
121.08334
105.66667
134.83334
117.58334
123.16667
126.83334
127.91667
136.58334
146.41667
155.00000
168.83334
167.58334
164.41667
160.50000
155.16667
158.50000
177.33334
175.33334
179.41667
184.25000
184.75000
185.50000
191.66667
195.00000
203.66667
208.41667
207.66667
194.75000
193.83334
195.16667
192.58334
195.08334
190.50000
191.66667
193.50000
190.50000
189.41667
187.58334
187.08334
185.58334
175.83334
164.41667
157.25000
140.08334
135.41667
138.08334
150.91667
148.66667
141.83334
145.33334
110.75000
103.00000
122.25000
114.41667
125.75000
122.91667
126.75000
135.16667
148.91667
160.83334
173.33334
173.66667
168.33334
173.58334
181.25000
178.41667
180.08334
182.83334
188.50000
189.75000
187.75000
184.83334
190.83334
197.75000
202.25000
205.16667
205.50000
197.16667
194.58334
191.08334
189.75000
197.16667
201.00000
199.41667
196.83334
193.50000
192.91667
191.16667
193.33334
187.50000
175.41667
158.16667
152.83334
138.75000
139.66667
140.50000
149.41667
150.75000
146.58334
146.33334
106.25000
110.58334
120.83334
109.50000
119.16667
120.41667
126.50000
132.50000
149.58334
162.58334
171.00000
178.91667
176.58334
178.50000
178.91667
185.41667
190.66667
192.50000
192.00000
188.91667
184.83334
185.50000
191.83334
196.25000
199.91667
203.66667
206.16667
198.33334
192.83334
194.00000
188.25000
190.66667
203.41667
204.83334
202.33334
199.33334
196.33334
194.00000
192.75000
195.25000
175.41667
161.08334
154.58334
145.33334
150.75000
145.66667
153.08334
153.41667
152.25000
146.75000
95.50000
104.00000
113.50000
109.91667
115.66667
121.66667
123.75000
130.83334
147.25000
162.41667
166.75000
181.91667
182.16667
184.75000
188.33334
191.58334
195.91667
196.00000
191.66667
188.16667
184.33334
179.50000
186.50000
191.16667
199.83334
201.83334
206.91667
200.00000
193.66667
191.50000
191.08334
191.41667
197.58334
204.00000
203.25000
202.25000
200.50000
194.16667
190.91667
186.91667
169.58334
162.16667
150.75000
143.75000
148.00000
143.00000
154.83334
164.08334
172.66667
160.00000
77.58334
105.25000
109.25000
112.50000
107.33334
121.41667
123.25000
127.58334
141.00000
159.66667
165.91667
177.50000
186.00000
189.25000
193.16667
194.33334
199.75000
198.83334
191.75000
184.58334
179.50000
180.91667
180.00000
193.25000
205.33334
207.91667
207.41667
201.33334
190.66667
189.25000
187.58334
190.58334
193.50000
198.08334
203.00000
202.75000
199.25000
196.16667
187.33334
183.75000
166.33334
161.50000
149.08334
141.75000
142.75000
141.50000
151.16667
150.25000
161.41667
149.16667
76.50000
103.41667
96.33334
116.83334
105.66667
113.66667
123.83334
126.58334
135.00000
157.16667
163.91667
171.25000
186.33334
192.41667
194.83334
197.25000
197.91667
197.33334
188.75000
184.58334
177.00000
176.91667
178.75000
199.16667
205.50000
209.25000
206.41667
200.08334
183.25000
174.41667
178.91667
184.16667
189.66667
195.83334
200.41667
200.75000
199.33334
191.66667
186.08334
181.75000
167.50000
159.66667
146.83334
143.08334
142.91667
146.83334
165.25000
178.50000
165.75000
166.91667
76.75000
94.25000
91.66667
123.50000
105.91667
111.83334
124.16667
126.41667
133.41667
153.83334
163.58334
170.58334
185.33334
192.91667
195.83334
196.66667
198.00000
193.08334
187.25000
182.91667
171.83334
161.16667
181.33334
201.41667
199.58334
204.08334
201.50000
197.91667
189.58334
184.16667
183.33334
175.91667
183.08334
192.83334
200.41667
196.25000
194.66667
187.25000
183.41667
173.00000
157.66667
149.16667
142.33334
141.41667
140.08334
139.08334
154.08334
172.91667
165.00000
168.41667
78.08334
95.66667
81.66667
112.83334
105.41667
111.16667
119.25000
124.50000
130.16667
147.66667
160.50000
166.33334
179.08334
190.25000
192.00000
197.16667
193.41667
187.33334
186.75000
177.00000
178.66667
175.83334
180.83334
176.75000
165.16667
171.66667
173.00000
174.75000
167.16667
162.58334
162.50000
167.50000
180.75000
191.08334
192.58334
191.33334
189.91667
181.75000
178.75000
169.16667
161.16667
159.83334
150.25000
154.25000
149.50000
153.25000
161.41667
170.66667
163.66667
166.25000
81.83334
93.41667
82.50000
104.75000
96.58334
110.00000
117.83334
121.58334
130.41667
141.00000
158.41667
164.50000
172.75000
183.50000
187.08334
190.83334
190.75000
187.91667
183.16667
173.25000
165.66667
159.66667
161.83334
156.25000
152.75000
151.91667
153.00000
155.66667
149.91667
143.00000
153.00000
170.75000
182.83334
188.00000
189.91667
189.91667
182.66667
178.16667
175.08334
157.66667
161.58334
162.83334
148.25000
150.08334
143.50000
149.25000
168.08334
157.08334
159.33334
153.33334
87.91667
90.91667
87.33334
97.00000
92.33334
107.75000
115.25000
121.50000
132.00000
144.33334
154.66667
161.00000
169.25000
176.25000
182.75000
187.25000
189.16667
184.33334
183.50000
171.83334
163.58334
158.83334
155.25000
159.16667
151.08334
145.91667
145.08334
157.91667
155.58334
159.00000
159.50000
181.41667
190.91667
193.25000
189.75000
188.91667
178.83334
175.41667
169.58334
150.58334
162.91667
161.66667
149.41667
156.08334
136.33334
143.16667
170.83334
155.25000
164.41667
151.25000
90.75000
89.33334
91.25000
88.66667
90.66667
106.66667
115.25000
120.00000
130.91667
142.41667
152.91667
158.75000
165.58334
168.25000
177.08334
182.41667
184.50000
185.58334
183.16667
179.58334
169.83334
162.66667
157.66667
151.58334
154.91667
161.58334
167.83334
167.58334
168.91667
170.83334
184.08334
191.75000
194.50000
194.16667
188.16667
185.75000
178.83334
173.75000
163.50000
152.83334
161.91667
154.58334
149.83334
150.66667
143.33334
144.00000
163.41667
153.58334
151.83334
148.25000
92.83334
82.66667
94.25000
84.16667
95.33334
104.75000
114.75000
120.41667
127.25000
138.41667
154.41667
157.25000
162.08334
166.25000
171.25000
180.91667
184.75000
186.33334
185.83334
182.50000
178.33334
178.83334
175.08334
168.50000
171.41667
171.25000
173.00000
172.25000
173.00000
180.83334
182.41667
185.41667
187.83334
189.16667
182.91667
178.33334
172.16667
169.33334
158.41667
153.41667
162.33334
154.00000
159.66667
151.08334
156.16667
161.25000
159.50000
147.33334
155.91667
164.16667
99.83334
77.33334
90.75000
80.25000
99.66667
102.83334
111.75000
119.83334
123.75000
136.50000
153.50000
157.75000
160.00000
163.83334
167.16667
177.16667
178.58334
179.33334
179.25000
179.75000
177.83334
180.25000
174.58334
172.25000
170.33334
172.08334
175.41667
176.50000
178.83334
181.58334
181.00000
181.66667
182.16667
181.66667
178.75000
163.66667
163.00000
161.58334
153.25000
156.83334
156.75000
151.16667
158.00000
137.08334
146.33334
166.33334
156.08334
148.33334
161.75000
162.66667
99.83334
76.16667
86.25000
83.25000
104.66667
100.41667
106.83334
116.41667
120.83334
132.91667
148.25000
159.75000
159.16667
157.58334
160.50000
163.08334
168.58334
171.91667
174.25000
172.66667
173.83334
174.08334
172.58334
168.83334
168.58334
172.66667
176.08334
170.16667
171.66667
168.75000
174.33334
174.00000
171.58334
172.50000
166.91667
156.25000
162.58334
153.16667
158.83334
156.25000
152.08334
152.75000
149.16667
141.66667
141.16667
152.75000
142.25000
141.58334
154.41667
159.25000
97.33334
78.00000
85.83334
84.50000
108.50000
93.08334
104.91667
111.83334
117.91667
126.00000
146.08334
156.91667
157.66667
160.50000
159.58334
160.50000
160.16667
163.25000
162.08334
157.25000
158.66667
159.50000
156.25000
154.50000
157.91667
158.91667
164.75000
164.25000
154.08334
155.58334
148.83334
154.91667
160.41667
166.25000
161.16667
162.08334
161.00000
151.00000
149.66667
152.50000
149.58334
162.50000
139.50000
148.50000
161.41667
149.91667
143.91667
137.83334
142.41667
163.66667
94.25000
75.83334
90.66667
91.50000
110.33334
91.25000
103.08334
106.91667
112.75000
123.41667
134.08334
152.00000
156.58334
160.08334
162.83334
161.00000
154.00000
152.58334
159.50000
160.50000
166.16667
160.58334
148.83334
152.08334
154.50000
155.83334
149.08334
144.08334
140.33334
135.83334
132.91667
142.33334
149.75000
158.50000
156.66667
161.91667
152.41667
155.66667
149.75000
147.58334
140.16667
154.58334
133.75000
141.91667
159.00000
145.75000
151.58334
126.33334
143.50000
158.50000
77.91667
75.83334
90.66667
99.75000
106.25000
92.58334
102.41667
105.91667
109.91667
121.16667
126.33334
139.08334
153.25000
157.83334
162.25000
162.75000
159.83334
152.75000
149.83334
148.41667
145.41667
145.83334
145.66667
141.58334
131.50000
132.33334
133.83334
141.91667
139.58334
141.25000
138.83334
137.25000
147.83334
156.25000
161.75000
159.16667
154.08334
150.91667
149.66667
142.00000
141.41667
133.00000
127.33334
137.58334
131.25000
139.91667
135.58334
130.16667
130.41667
153.58334
76.83334
84.50000
95.66667
101.66667
100.16667
92.08334
101.25000
104.91667
107.16667
114.66667
122.75000
132.58334
140.33334
153.16667
158.75000
161.66667
157.91667
154.50000
147.33334
141.50000
139.66667
139.75000
133.91667
135.83334
129.91667
126.58334
128.50000
136.50000
145.91667
153.66667
156.66667
161.33334
165.83334
162.58334
164.50000
157.66667
154.66667
145.33334
149.00000
135.91667
151.00000
128.83334
141.50000
147.25000
129.50000
125.50000
129.41667
121.75000
138.16667
162.41667
74.33334
90.08334
96.16667
105.41667
92.66667
91.08334
101.00000
103.50000
103.83334
111.91667
117.91667
125.41667
130.33334
140.75000
154.16667
159.91667
157.91667
156.91667
152.08334
142.83334
141.91667
144.50000
143.16667
143.66667
141.50000
136.00000
142.08334
152.91667
154.66667
155.91667
155.91667
159.41667
156.00000
162.33334
160.50000
154.50000
152.00000
145.41667
139.16667
137.66667
143.00000
123.75000
144.75000
147.08334
143.75000
138.58334
127.33334
113.41667
152.50000
160.58334
75.75000
92.66667
90.58334
107.91667
92.58334
90.91667
99.75000
97.41667
100.91667
108.08334
114.16667
118.08334
120.00000
128.41667
142.58334
156.91667
160.83334
161.50000
157.58334
155.08334
156.91667
155.91667
158.66667
156.75000
153.33334
150.00000
151.83334
153.91667
156.25000
156.91667
155.66667
157.83334
152.00000
159.41667
154.83334
154.66667
149.66667
147.50000
140.16667
142.66667
129.25000
117.33334
131.66667
133.41667
132.75000
128.25000
110.33334
114.75000
144.08334
162.16667
75.83334
100.66667
86.66667
104.08334
92.41667
103.25000
91.25000
91.83334
99.58334
98.91667
111.16667
113.75000
114.08334
121.25000
131.58334
148.66667
157.66667
157.58334
157.08334
153.33334
154.75000
160.66667
159.66667
159.00000
156.50000
152.16667
150.25000
154.00000
155.33334
157.91667
160.25000
156.58334
157.00000
153.50000
157.16667
151.25000
145.91667
145.58334
141.41667
144.75000
135.25000
140.33334
143.25000
135.58334
125.58334
121.33334
117.91667
122.08334
130.50000
161.66667
77.08334
103.91667
84.33334
100.16667
96.50000
105.08334
86.41667
84.00000
96.00000
99.25000
108.58334
112.41667
109.25000
111.25000
124.33334
141.33334
146.83334
150.16667
155.25000
158.25000
160.33334
162.16667
161.00000
159.91667
160.91667
160.16667
162.33334
161.83334
162.50000
164.41667
166.08334
155.41667
159.16667
151.00000
158.75000
152.91667
134.33334
138.50000
142.58334
136.66667
110.25000
133.66667
140.16667
135.25000
126.91667
111.08334
119.16667
126.33334
114.66667
149.16667
83.16667
97.41667
86.83334
95.50000
95.83334
99.50000
78.50000
80.83334
90.75000
98.83334
108.58334
109.33334
105.33334
105.50000
109.50000
133.33334
142.33334
147.83334
151.41667
158.08334
163.41667
165.41667
162.75000
160.50000
159.50000
164.08334
165.75000
168.08334
169.00000
169.91667
166.25000
158.08334
154.58334
151.41667
151.91667
151.00000
139.16667
127.00000
133.83334
119.75000
98.83334
124.41667
142.08334
128.00000
120.91667
106.16667
119.41667
121.08334
119.83334
130.91667
97.00000
93.08334
91.66667
102.41667
98.33334
96.25000
76.91667
81.41667
93.33334
96.50000
107.66667
108.91667
100.33334
98.25000
104.33334
124.58334
136.66667
144.00000
150.50000
157.66667
163.25000
166.08334
167.33334
164.91667
159.75000
167.58334
170.33334
172.08334
173.50000
175.91667
166.41667
162.58334
151.75000
151.75000
153.41667
141.25000
135.50000
120.00000
113.33334
117.00000
116.25000
134.83334
127.75000
128.25000
128.91667
111.91667
121.58334
124.75000
122.08334
121.41667
100.58334
96.91667
98.25000
108.75000
103.75000
90.91667
78.66667
85.00000
92.16667
96.58334
103.08334
102.50000
96.00000
92.58334
98.83334
115.75000
134.50000
139.08334
145.00000
153.58334
156.75000
161.50000
164.00000
165.50000
160.33334
167.66667
172.83334
174.66667
177.41667
174.00000
165.66667
160.16667
155.83334
154.33334
143.16667
130.16667
125.83334
109.33334
111.58334
104.50000
118.91667
123.91667
122.75000
134.16667
124.66667
116.58334
121.75000
114.66667
124.75000
126.66667
99.33334
101.25000
108.00000
114.16667
104.00000
94.00000
81.66667
90.16667
91.91667
97.66667
101.83334
97.41667
93.83334
87.08334
95.33334
106.25000
124.08334
137.08334
139.83334
148.50000
152.25000
155.00000
158.75000
163.00000
158.75000
162.08334
169.08334
169.08334
164.66667
163.83334
165.41667
152.08334
148.00000
144.50000
139.83334
123.16667
106.58334
106.16667
108.66667
100.16667
107.91667
117.00000
124.08334
128.08334
116.50000
117.16667
117.50000
111.91667
116.08334
110.41667
