81.41667
76.91667
73.33334
68.16667
62.41667
57.00000
50.41667
45.25000
48.91667
50.16667
50.66667
53.66667
64.16667
71.16667
71.58334
73.16667
77.50000
75.83334
79.75000
78.41667
85.58334
84.58334
84.16667
82.16667
77.33334
85.00000
91.25000
95.50000
99.91667
105.58334
104.00000
120.50000
122.25000
118.41667
118.25000
112.83334
98.41667
92.58334
79.66667
64.41667
56.25000
51.25000
55.33334
57.75000
53.83334
61.33334
69.50000
68.08334
67.83334
76.58334
80.66667
75.25000
66.58334
68.16667
57.41667
57.91667
51.41667
43.08334
45.16667
44.16667
49.75000
54.25000
65.83334
78.16667
87.83334
97.33334
94.75000
90.08334
96.66667
94.16667
97.66667
90.25000
92.16667
92.16667
90.66667
100.58334
106.91667
115.25000
117.33334
124.83334
128.41667
137.50000
138.41667
135.75000
123.83334
124.08334
113.00000
103.00000
89.00000
73.66667
64.41667
52.00000
51.00000
59.66667
53.91667
57.16667
64.08334
63.75000
67.25000
72.83334
80.50000
73.08334
66.83334
64.58334
58.83334
56.75000
55.25000
56.75000
51.33334
48.91667
56.66667
72.58334
82.91667
91.08334
96.58334
104.00000
106.75000
115.91667
115.91667
119.75000
121.83334
112.33334
110.75000
112.75000
114.33334
118.41667
129.41667
133.08334
142.41667
143.83334
145.58334
148.33334
150.08334
143.16667
138.08334
131.75000
120.91667
112.00000
97.16667
82.75000
69.91667
59.25000
48.41667
49.58334
45.83334
48.16667
58.00000
69.83334
68.58334
70.16667
78.08334
71.91667
66.66667
60.50000
54.16667
51.50000
64.00000
69.75000
67.16667
69.83334
77.75000
91.50000
101.33334
114.66667
121.16667
127.00000
132.00000
134.66667
136.33334
138.83334
137.00000
128.75000
122.00000
128.58334
130.58334
139.00000
147.66667
150.50000
154.25000
159.66667
158.75000
157.41667
158.08334
163.33334
154.41667
147.50000
139.08334
120.41667
105.75000
92.25000
78.66667
64.66667
54.00000
47.00000
47.83334
45.00000
57.25000
67.75000
66.75000
67.91667
77.50000
69.83334
61.75000
56.50000
55.75000
54.75000
64.00000
72.75000
83.58334
96.50000
104.00000
114.00000
132.41667
142.75000
151.16667
157.25000
151.25000
150.91667
146.91667
150.58334
150.83334
143.66667
144.50000
143.83334
150.66667
154.00000
153.58334
160.50000
164.91667
166.50000
169.50000
170.33334
172.16667
168.16667
165.33334
161.33334
153.66667
131.91667
120.16667
101.66667
87.41667
68.41667
58.58334
45.66667
48.75000
46.58334
53.50000
63.08334
65.58334
66.91667
75.00000
68.75000
63.83334
56.91667
57.50000
54.91667
66.83334
72.58334
84.33334
105.08334
117.41667
128.41667
146.83334
156.50000
168.16667
170.50000
165.33334
165.41667
164.00000
161.41667
160.41667
156.41667
156.50000
159.25000
157.66667
165.75000
164.08334
168.00000
171.25000
176.33334
173.33334
176.16667
176.16667
174.00000
169.91667
165.66667
164.66667
146.00000
132.50000
115.83334
98.08334
79.25000
61.83334
50.00000
49.75000
45.91667
48.16667
62.33334
63.66667
70.00000
73.50000
67.33334
61.75000
54.91667
49.83334
58.58334
68.58334
73.16667
88.00000
108.66667
122.00000
141.75000
158.08334
168.00000
173.83334
176.25000
174.50000
176.25000
173.41667
169.25000
168.75000
171.50000
172.58334
176.75000
175.25000
174.16667
177.66667
178.58334
179.25000
180.16667
180.50000
182.33334
178.58334
180.50000
179.83334
175.41667
173.16667
163.75000
144.83334
126.08334
104.50000
85.83334
72.83334
53.58334
49.16667
46.50000
47.33334
56.75000
62.50000
65.25000
72.91667
62.83334
60.58334
54.50000
53.25000
66.00000
72.58334
76.66667
100.66667
114.25000
132.91667
153.41667
167.75000
171.33334
174.00000
176.91667
179.00000
180.25000
180.58334
180.08334
181.33334
185.91667
186.83334
189.75000
190.00000
187.00000
187.91667
188.25000
184.08334
184.50000
183.83334
185.66667
187.16667
185.08334
182.16667
180.75000
177.58334
171.58334
149.91667
138.00000
112.83334
95.00000
73.66667
60.75000
50.66667
46.33334
44.00000
57.16667
61.00000
62.33334
70.33334
63.41667
58.08334
58.66667
66.08334
69.66667
75.91667
84.08334
115.00000
123.00000
146.83334
169.41667
171.33334
174.66667
178.33334
179.33334
181.41667
184.75000
184.58334
188.00000
189.41667
190.25000
194.08334
195.00000
195.50000
195.75000
194.50000
194.33334
190.08334
190.91667
191.33334
191.25000
189.91667
189.16667
188.00000
184.75000
179.91667
174.75000
160.08334
145.08334
122.00000
97.66667
80.83334
60.50000
55.91667
40.33334
43.83334
55.08334
60.91667
62.50000
70.08334
64.00000
56.50000
60.83334
71.41667
75.58334
86.41667
93.41667
118.75000
130.33334
149.83334
173.00000
175.00000
178.08334
181.50000
184.00000
187.50000
190.91667
191.91667
194.08334
196.41667
196.83334
197.83334
198.83334
198.75000
198.75000
198.58334
197.08334
197.33334
196.66667
197.08334
195.75000
194.58334
193.08334
190.66667
187.75000
181.75000
174.41667
162.58334
147.00000
129.25000
105.08334
86.25000
62.33334
52.66667
39.16667
36.08334
46.91667
56.75000
59.16667
71.41667
61.75000
57.50000
59.50000
80.83334
78.50000
86.00000
98.33334
127.91667
132.58334
158.16667
171.50000
175.08334
181.41667
181.75000
183.66667
189.00000
194.83334
195.41667
197.66667
198.66667
200.58334
201.33334
201.66667
201.08334
201.91667
201.00000
201.00000
200.58334
200.16667
199.00000
198.08334
196.41667
194.16667
191.50000
188.25000
184.16667
175.91667
166.58334
149.25000
136.75000
116.25000
92.00000
63.41667
52.41667
43.08334
33.16667
43.08334
52.50000
57.00000
68.33334
60.58334
56.33334
64.66667
83.91667
83.91667
83.75000
110.91667
132.50000
134.33334
161.00000
167.50000
167.66667
170.75000
176.41667
180.41667
185.83334
191.41667
197.00000
200.08334
202.00000
202.75000
204.50000
204.91667
204.83334
204.41667
203.75000
202.83334
202.00000
201.33334
199.75000
197.66667
191.41667
187.58334
184.08334
181.00000
179.41667
176.58334
166.83334
152.16667
140.33334
126.00000
106.50000
69.00000
56.58334
43.75000
35.41667
39.58334
49.91667
53.25000
69.00000
63.66667
56.33334
72.66667
87.91667
81.08334
89.33334
119.66667
130.83334
140.33334
161.41667
166.50000
169.75000
174.00000
173.50000
175.91667
178.08334
180.08334
186.58334
197.08334
201.58334
203.50000
206.25000
207.50000
206.83334
206.58334
205.58334
204.00000
202.66667
201.66667
195.66667
189.08334
181.58334
174.75000
171.75000
165.75000
166.16667
167.16667
168.66667
159.58334
141.91667
134.25000
113.75000
75.16667
57.08334
48.50000
40.41667
40.41667
48.50000
55.08334
65.91667
60.58334
58.16667
79.66667
85.50000
81.66667
101.91667
127.41667
135.41667
148.75000
163.33334
165.91667
165.25000
168.91667
168.08334
164.33334
159.83334
159.66667
158.58334
172.66667
191.00000
199.83334
202.58334
203.58334
205.41667
205.00000
204.08334
201.75000
196.25000
187.58334
173.08334
161.66667
156.50000
148.83334
141.33334
138.25000
138.83334
142.16667
143.91667
152.25000
136.33334
135.16667
119.25000
86.83334
60.16667
52.75000
44.33334
40.91667
50.83334
56.33334
70.66667
63.41667
60.50000
84.50000
87.41667
86.83334
111.16667
130.00000
139.08334
150.91667
160.33334
148.75000
146.91667
147.66667
147.91667
146.83334
151.16667
143.75000
149.00000
152.66667
162.00000
181.83334
194.16667
198.50000
200.91667
200.00000
198.33334
189.25000
173.41667
156.00000
141.83334
128.08334
121.91667
122.75000
131.00000
140.08334
146.83334
149.08334
151.25000
146.91667
132.66667
135.41667
124.50000
92.66667
71.16667
54.33334
50.33334
50.08334
56.83334
60.00000
72.83334
68.58334
74.50000
83.66667
80.58334
89.41667
119.50000
135.25000
137.00000
147.58334
144.58334
139.75000
135.08334
131.91667
133.75000
136.16667
124.41667
121.41667
123.08334
134.91667
144.16667
162.00000
176.00000
188.66667
193.16667
191.58334
184.08334
170.33334
156.75000
142.16667
125.58334
119.33334
132.00000
139.41667
156.75000
160.66667
157.41667
157.91667
160.00000
158.33334
137.00000
135.83334
128.75000
102.25000
82.75000
60.41667
58.16667
54.50000
59.83334
65.75000
66.25000
70.58334
81.41667
89.83334
80.25000
101.16667
127.83334
137.08334
135.91667
143.50000
153.16667
150.33334
144.91667
142.83334
141.58334
134.50000
116.08334
116.41667
109.08334
123.83334
136.83334
150.75000
160.83334
181.58334
186.83334
185.50000
178.83334
164.75000
146.41667
134.00000
133.83334
127.91667
131.08334
134.33334
141.50000
133.75000
141.16667
144.00000
153.41667
162.41667
150.75000
138.08334
131.33334
113.75000
93.58334
66.08334
69.50000
61.41667
62.08334
75.50000
64.91667
69.66667
80.75000
90.75000
88.08334
107.16667
133.00000
138.08334
139.25000
152.91667
159.41667
157.41667
151.91667
150.33334
142.58334
140.33334
126.41667
119.41667
126.41667
136.00000
135.08334
143.75000
164.16667
177.83334
182.83334
185.58334
176.25000
154.00000
131.75000
132.91667
137.41667
136.50000
141.41667
138.41667
119.50000
123.50000
134.58334
127.91667
137.25000
153.41667
154.25000
144.16667
137.25000
121.66667
101.08334
73.75000
74.41667
65.75000
70.91667
81.25000
67.50000
70.25000
83.66667
94.50000
97.25000
109.58334
135.25000
142.25000
143.83334
153.50000
159.16667
148.66667
139.41667
122.75000
120.58334
117.08334
111.66667
118.33334
128.00000
129.58334
136.58334
145.66667
164.00000
187.08334
194.00000
194.41667
179.25000
144.91667
130.00000
135.08334
131.50000
146.91667
136.33334
113.91667
115.33334
125.91667
149.25000
133.16667
133.00000
152.58334
157.33334
150.41667
143.50000
127.66667
106.91667
87.50000
78.50000
69.50000
75.33334
79.75000
68.16667
73.66667
85.91667
99.08334
103.50000
115.83334
138.16667
141.91667
149.08334
152.08334
153.50000
138.50000
127.08334
130.00000
151.08334
112.66667
117.25000
111.33334
144.91667
145.08334
147.58334
154.08334
163.83334
192.58334
201.75000
200.00000
182.91667
151.66667
139.91667
133.00000
139.25000
149.83334
161.66667
146.66667
146.66667
147.16667
149.41667
134.16667
144.83334
152.58334
160.75000
151.08334
147.25000
130.41667
110.75000
94.66667
81.16667
81.33334
88.08334
74.25000
62.33334
77.08334
86.33334
101.83334
110.58334
116.00000
139.08334
142.75000
154.91667
155.50000
156.25000
134.75000
129.91667
147.58334
159.83334
137.66667
131.25000
133.41667
154.00000
152.83334
150.91667
158.75000
168.83334
191.25000
201.66667
197.33334
181.08334
154.83334
151.50000
155.50000
153.75000
155.00000
143.83334
144.83334
146.50000
142.25000
151.16667
149.75000
152.00000
158.91667
165.08334
154.66667
151.08334
132.33334
112.33334
94.16667
85.41667
97.25000
96.91667
75.00000
64.91667
76.33334
92.50000
109.50000
114.33334
119.66667
139.91667
146.58334
161.00000
159.91667
162.16667
149.91667
142.58334
143.41667
148.58334
157.25000
155.33334
158.83334
163.58334
155.91667
162.00000
163.00000
168.91667
189.00000
199.75000
195.33334
177.66667
160.75000
158.66667
163.00000
163.58334
156.41667
148.58334
152.00000
152.83334
158.58334
158.25000
163.16667
166.83334
168.50000
166.83334
159.66667
153.08334
131.75000
113.00000
103.50000
95.33334
114.66667
97.25000
80.91667
78.75000
80.50000
89.50000
116.75000
114.50000
125.91667
131.91667
148.33334
164.00000
163.91667
166.83334
162.00000
158.83334
157.00000
158.83334
164.25000
161.58334
164.58334
164.41667
164.58334
165.00000
166.58334
172.50000
189.41667
197.33334
192.83334
176.58334
163.66667
164.00000
167.00000
166.83334
174.33334
160.66667
158.91667
168.41667
172.25000
165.91667
171.58334
174.83334
174.83334
173.16667
162.75000
154.83334
131.33334
112.58334
103.00000
110.33334
131.25000
96.91667
89.83334
82.16667
80.83334
85.50000
108.33334
115.58334
128.75000
135.00000
149.75000
166.41667
169.91667
174.33334
171.58334
168.00000
169.33334
172.50000
174.41667
174.08334
171.91667
172.16667
171.33334
166.08334
169.83334
176.75000
189.00000
191.33334
191.16667
177.08334
167.83334
166.08334
171.25000
175.75000
178.58334
176.25000
179.25000
179.83334
176.41667
171.08334
175.91667
178.83334
179.50000
175.83334
163.16667
152.50000
129.50000
113.08334
112.66667
129.33334
124.00000
92.83334
98.00000
81.50000
88.33334
83.00000
106.25000
109.00000
125.83334
137.50000
153.58334
166.41667
172.66667
181.00000
181.33334
180.41667
179.08334
180.83334
181.33334
182.58334
181.50000
179.50000
173.25000
170.83334
173.75000
181.58334
189.41667
192.83334
190.16667
181.08334
172.91667
169.50000
173.33334
182.08334
187.58334
187.08334
184.00000
181.75000
180.33334
180.16667
181.58334
184.16667
183.58334
178.25000
162.66667
149.91667
127.91667
113.41667
126.75000
145.08334
115.91667
92.58334
103.16667
81.91667
85.25000
87.66667
100.25000
115.75000
127.00000
140.58334
157.08334
166.00000
173.41667
183.58334
185.83334
187.66667
187.25000
188.08334
188.50000
188.08334
186.75000
182.33334
176.75000
174.91667
176.41667
182.33334
189.16667
191.83334
189.16667
182.16667
175.25000
173.33334
176.91667
183.91667
189.83334
190.50000
192.08334
191.66667
192.08334
189.58334
187.58334
187.41667
185.16667
178.66667
163.83334
145.33334
128.25000
124.58334
140.25000
138.83334
112.75000
95.00000
102.66667
86.66667
87.00000
95.00000
98.50000
116.83334
131.83334
145.41667
158.08334
164.33334
173.50000
182.25000
185.08334
189.50000
190.66667
192.41667
192.75000
192.16667
191.33334
185.91667
180.16667
180.08334
178.50000
183.58334
189.83334
192.00000
188.58334
183.25000
179.50000
175.75000
179.58334
186.41667
191.83334
194.50000
196.75000
195.16667
194.41667
193.41667
191.91667
188.83334
184.83334
178.00000
161.25000
143.33334
136.41667
146.00000
147.08334
130.50000
116.58334
102.83334
110.50000
85.50000
84.50000
93.25000
100.08334
110.00000
129.91667
149.08334
159.41667
162.83334
171.00000
181.66667
184.83334
189.58334
190.08334
191.25000
194.25000
194.00000
193.08334
188.83334
181.00000
182.33334
179.75000
185.58334
189.33334
191.75000
189.25000
185.41667
183.08334
177.83334
179.41667
184.91667
193.75000
197.66667
198.58334
199.33334
199.25000
196.91667
193.00000
189.25000
182.91667
176.33334
160.08334
149.25000
148.58334
153.41667
139.08334
119.83334
117.08334
107.66667
112.33334
85.00000
82.91667
90.58334
98.75000
96.33334
117.41667
150.08334
158.33334
160.00000
169.91667
178.16667
183.33334
187.25000
188.91667
191.00000
195.00000
195.66667
193.58334
188.66667
187.00000
184.16667
182.50000
187.58334
190.16667
193.58334
188.91667
188.00000
187.16667
181.00000
178.91667
181.91667
189.50000
194.50000
197.58334
197.41667
198.00000
195.66667
191.91667
187.83334
181.50000
173.66667
158.00000
153.16667
153.91667
147.75000
129.91667
121.16667
115.08334
103.16667
116.16667
87.50000
79.16667
88.66667
99.33334
96.75000
108.25000
144.66667
159.41667
159.33334
167.50000
177.75000
183.50000
187.08334
190.41667
192.16667
195.08334
195.41667
191.75000
189.08334
190.25000
184.66667
186.75000
186.58334
190.41667
194.91667
189.75000
187.75000
189.66667
180.91667
182.58334
181.75000
182.91667
191.66667
194.91667
197.00000
195.75000
192.83334
190.66667
185.00000
178.91667
168.66667
157.41667
158.00000
155.83334
145.41667
125.16667
120.25000
112.33334
101.75000
114.16667
87.16667
79.00000
90.91667
98.41667
96.41667
102.25000
139.16667
162.25000
158.66667
165.83334
174.83334
183.33334
187.25000
190.16667
193.41667
195.91667
195.33334
189.66667
189.66667
188.91667
185.75000
185.91667
187.25000
190.66667
193.75000
191.00000
187.83334
186.50000
176.58334
177.91667
177.00000
176.83334
192.00000
194.83334
194.66667
193.00000
191.50000
188.41667
182.83334
176.83334
162.00000
161.33334
158.00000
153.08334
140.33334
123.08334
121.08334
112.91667
103.08334
112.91667
86.75000
78.08334
93.16667
101.33334
96.58334
100.16667
127.08334
159.75000
161.25000
163.91667
171.91667
181.08334
186.08334
188.83334
190.25000
192.25000
192.58334
188.00000
183.41667
181.16667
182.33334
182.08334
179.41667
185.25000
189.66667
175.16667
178.33334
173.75000
168.91667
169.33334
172.25000
183.58334
190.58334
195.25000
193.66667
190.33334
190.16667
186.33334
179.25000
172.41667
156.33334
162.50000
157.33334
147.50000
131.58334
124.25000
119.83334
112.50000
104.00000
112.83334
87.91667
81.16667
92.50000
100.08334
98.33334
99.08334
117.83334
148.58334
155.16667
162.00000
168.25000
177.58334
181.58334
182.41667
185.08334
189.08334
190.66667
190.33334
184.58334
181.50000
176.08334
170.75000
174.16667
176.58334
169.58334
173.00000
172.91667
167.16667
168.16667
172.08334
179.91667
189.16667
191.58334
193.91667
192.08334
190.83334
187.58334
183.66667
177.41667
169.33334
160.00000
161.41667
150.58334
135.08334
129.25000
122.25000
119.08334
108.00000
102.66667
117.75000
86.33334
78.66667
91.58334
97.41667
99.16667
102.66667
111.75000
140.91667
149.33334
158.00000
166.00000
172.33334
178.58334
182.16667
183.25000
186.91667
189.25000
187.83334
184.50000
178.91667
178.33334
172.75000
160.33334
162.08334
156.33334
158.50000
161.08334
172.08334
173.33334
174.50000
184.58334
188.41667
191.41667
191.08334
189.00000
188.83334
184.75000
179.58334
173.91667
166.75000
164.16667
159.83334
144.33334
132.33334
129.25000
122.50000
117.00000
110.08334
107.00000
117.58334
86.75000
71.25000
88.66667
96.41667
98.75000
104.50000
110.25000
137.25000
149.58334
157.66667
163.16667
166.66667
174.66667
179.08334
181.50000
184.91667
188.41667
188.50000
184.83334
181.25000
179.08334
174.50000
164.00000
159.00000
159.66667
162.91667
176.16667
178.66667
179.91667
181.08334
185.58334
188.58334
188.16667
187.08334
187.66667
185.58334
180.66667
177.41667
172.83334
164.66667
154.08334
146.66667
140.41667
131.50000
128.41667
120.50000
112.41667
111.00000
112.08334
115.91667
86.00000
66.00000
79.91667
94.66667
96.33334
103.58334
108.08334
134.16667
147.08334
150.91667
159.75000
166.91667
174.83334
176.58334
178.00000
182.50000
186.00000
188.16667
186.58334
182.50000
180.66667
176.08334
171.83334
171.75000
172.33334
173.50000
177.91667
180.41667
183.50000
182.75000
183.75000
185.08334
183.50000
183.83334
183.50000
180.66667
173.83334
173.50000
170.16667
160.50000
153.66667
148.16667
140.33334
132.33334
123.75000
118.66667
114.66667
111.83334
117.16667
115.25000
84.16667
64.75000
70.25000
87.16667
91.50000
105.33334
108.33334
127.83334
141.08334
149.75000
158.08334
166.00000
169.75000
172.58334
176.83334
180.58334
185.16667
184.75000
185.16667
182.16667
179.91667
178.33334
180.50000
181.66667
183.00000
180.58334
182.58334
185.50000
188.16667
187.66667
185.33334
182.41667
179.00000
176.58334
174.25000
173.83334
177.25000
173.91667
167.33334
161.08334
152.25000
147.41667
137.50000
134.08334
124.83334
120.91667
114.16667
111.33334
119.66667
112.83334
78.66667
73.25000
71.41667
87.41667
89.41667
105.25000
109.58334
125.08334
133.33334
146.91667
156.75000
163.08334
168.75000
170.83334
171.66667
172.50000
175.25000
175.83334
176.16667
176.75000
177.58334
181.75000
184.33334
187.83334
184.83334
184.33334
186.08334
189.16667
189.08334
186.66667
180.91667
173.16667
168.08334
163.16667
162.16667
167.16667
174.83334
175.25000
167.08334
158.83334
155.16667
145.83334
139.50000
133.16667
126.58334
121.08334
114.83334
114.66667
112.16667
109.75000
74.00000
81.50000
69.83334
88.25000
89.00000
102.75000
109.25000
121.66667
131.50000
144.08334
155.00000
160.83334
168.16667
175.33334
176.00000
173.66667
173.25000
169.91667
165.66667
168.41667
169.83334
172.00000
172.50000
173.58334
175.16667
176.50000
178.25000
175.08334
171.75000
166.66667
159.58334
157.00000
155.33334
160.41667
169.58334
174.58334
176.50000
170.33334
167.75000
156.41667
154.00000
143.58334
139.33334
132.00000
126.75000
120.41667
115.33334
114.91667
113.91667
111.91667
71.66667
86.00000
71.25000
86.75000
89.00000
98.25000
102.25000
116.75000
130.08334
140.75000
150.83334
161.33334
165.66667
174.66667
178.33334
177.50000
177.66667
170.00000
152.33334
146.00000
148.16667
148.66667
150.75000
150.83334
149.83334
148.83334
149.58334
150.50000
149.08334
153.75000
161.25000
163.08334
166.25000
167.91667
174.91667
179.75000
174.50000
168.91667
165.41667
155.33334
153.41667
143.41667
140.33334
132.50000
125.58334
120.25000
116.08334
112.25000
114.33334
113.91667
82.66667
92.25000
74.16667
82.83334
89.25000
97.66667
103.25000
116.83334
127.00000
134.58334
149.75000
155.41667
165.25000
169.91667
176.83334
178.25000
176.41667
170.25000
163.83334
153.50000
144.16667
134.50000
139.16667
141.75000
151.41667
152.33334
157.66667
162.16667
161.33334
155.08334
149.91667
152.41667
159.50000
166.41667
173.41667
176.25000
171.50000
168.50000
164.00000
157.58334
149.83334
144.08334
137.33334
132.58334
125.08334
121.41667
116.00000
111.41667
116.91667
117.16667
90.41667
99.33334
69.25000
79.33334
88.58334
94.83334
103.83334
116.08334
124.91667
132.16667
150.41667
152.25000
161.66667
166.66667
175.00000
178.16667
178.58334
173.25000
170.75000
160.00000
152.66667
149.41667
157.41667
154.50000
158.83334
160.00000
162.50000
162.50000
168.16667
170.25000
168.00000
167.83334
169.00000
173.66667
176.91667
175.25000
168.41667
165.00000
158.08334
150.91667
144.91667
140.83334
130.41667
125.75000
121.16667
117.33334
111.66667
103.25000
111.66667
117.33334
99.00000
92.25000
72.08334
78.91667
89.50000
98.41667
105.75000
113.50000
123.58334
128.91667
149.83334
151.08334
156.83334
164.25000
174.58334
175.16667
177.08334
175.58334
175.41667
172.00000
167.33334
163.50000
163.25000
165.08334
169.91667
173.25000
176.58334
180.50000
175.75000
174.00000
173.75000
173.33334
175.00000
175.50000
175.75000
172.91667
166.75000
166.33334
154.91667
151.66667
147.25000
142.58334
134.00000
130.83334
122.83334
116.41667
110.83334
104.16667
116.50000
121.58334
100.16667
85.50000
81.50000
74.41667
86.08334
99.58334
101.66667
114.75000
122.41667
118.91667
146.16667
152.16667
154.75000
160.83334
169.00000
176.00000
176.58334
176.33334
178.16667
175.50000
170.33334
168.83334
167.91667
172.25000
173.25000
172.16667
175.83334
177.33334
179.16667
179.16667
175.83334
174.58334
174.50000
176.16667
175.25000
170.08334
167.00000
163.41667
152.33334
147.33334
145.33334
137.50000
123.25000
125.58334
123.83334
108.91667
103.83334
101.00000
116.16667
122.16667
98.00000
78.00000
90.50000
68.25000
82.16667
93.91667
100.91667
116.08334
118.33334
112.58334
137.66667
151.58334
155.50000
158.08334
162.41667
175.91667
177.83334
178.25000
179.33334
177.91667
174.16667
170.33334
170.16667
170.25000
170.58334
171.25000
171.91667
175.50000
175.33334
175.83334
175.58334
175.75000
176.58334
176.16667
175.66667
169.33334
166.33334
157.58334
150.08334
148.08334
143.66667
137.41667
124.08334
120.50000
119.91667
106.58334
103.91667
99.33334
112.50000
118.83334
102.91667
72.91667
90.83334
66.75000
80.33334
97.08334
101.25000
117.58334
117.58334
113.08334
127.58334
150.00000
155.00000
156.66667
152.00000
171.41667
176.75000
179.08334
181.58334
182.33334
178.00000
175.58334
175.41667
174.66667
171.33334
171.00000
172.08334
172.75000
174.91667
175.58334
177.33334
178.25000
176.58334
176.75000
175.83334
173.00000
164.41667
150.66667
141.83334
142.08334
137.50000
133.00000
119.25000
115.91667
114.33334
101.16667
100.50000
97.25000
103.41667
108.50000
99.16667
80.41667
97.00000
65.00000
78.25000
97.83334
102.91667
119.66667
117.58334
110.00000
114.33334
144.75000
151.75000
155.58334
147.41667
164.83334
175.25000
178.91667
182.25000
181.75000
181.16667
181.25000
179.33334
179.33334
176.50000
173.16667
175.50000
177.50000
179.58334
178.00000
179.41667
178.33334
177.91667
177.58334
177.91667
164.25000
169.16667
142.75000
140.41667
139.66667
140.25000
136.91667
114.25000
116.58334
113.91667
108.41667
97.08334
97.00000
103.91667
96.08334
92.58334
86.50000
99.33334
63.75000
83.91667
99.33334
106.58334
118.75000
117.00000
110.41667
113.25000
140.75000
149.00000
155.83334
149.25000
159.08334
167.75000
176.41667
180.08334
181.75000
182.00000
182.08334
181.50000
181.33334
184.50000
182.75000
183.41667
181.08334
180.08334
179.83334
179.75000
178.41667
178.41667
179.25000
178.41667
155.83334
159.58334
136.25000
135.91667
133.08334
137.75000
136.16667
120.50000
111.16667
110.83334
109.83334
104.41667
100.33334
103.83334
98.58334
88.16667
99.50000
91.16667
74.25000
86.33334
98.00000
111.91667
117.25000
116.91667
112.75000
114.91667
133.83334
147.25000
150.50000
153.41667
159.33334
160.16667
169.58334
174.41667
178.91667
180.08334
182.66667
182.66667
182.75000
185.16667
185.41667
184.50000
182.83334
181.75000
180.16667
179.91667
179.00000
180.25000
177.91667
169.83334
151.50000
154.91667
136.58334
127.58334
133.16667
136.16667
130.75000
122.41667
115.83334
104.16667
103.16667
102.50000
110.50000
99.83334
86.41667
100.16667
100.91667
84.25000
89.66667
84.75000
100.41667
112.50000
119.08334
119.83334
120.08334
120.83334
126.50000
142.50000
146.25000
148.33334
163.41667
162.50000
161.66667
169.91667
176.41667
176.66667
182.66667
183.66667
184.83334
182.83334
182.50000
184.25000
182.41667
181.91667
181.41667
180.41667
178.75000
177.83334
173.00000
160.91667
147.58334
150.75000
138.16667
131.66667
129.00000
135.83334
132.66667
119.25000
119.41667
114.50000
95.66667
90.50000
113.50000
110.83334
92.83334
