50.41667
41.33334
41.66667
37.41667
25.16667
23.66667
15.33333
14.91667
15.25000
17.66667
18.83333
22.08333
23.25000
29.50000
32.50000
31.41667
38.50000
39.33334
36.83334
36.25000
32.58334
36.83334
42.08334
53.08334
68.00000
70.66667
75.25000
83.08334
88.33334
88.25000
87.91667
85.41667
82.41667
79.50000
75.50000
71.50000
65.66667
54.50000
44.83334
37.08334
32.83334
23.00000
20.75000
27.33333
29.75000
33.83334
34.58334
37.41667
41.33334
46.58334
43.08334
39.08334
39.91667
32.08334
22.25000
16.66667
14.41667
14.16667
15.83333
13.58333
19.00000
24.50000
34.66667
34.91667
44.66667
54.25000
49.00000
47.50000
43.83334
39.00000
42.41667
46.41667
60.58334
76.50000
90.16667
100.00000
104.08334
107.50000
110.41667
112.33334
110.33334
111.75000
110.00000
107.58334
101.66667
93.00000
79.75000
70.00000
59.33334
48.66667
41.25000
32.58334
24.41667
23.83333
26.58333
32.58334
35.00000
36.00000
37.50000
45.75000
37.83334
37.50000
34.91667
23.16667
18.66667
12.08333
13.00000
14.50000
12.91667
19.25000
23.50000
32.16667
41.00000
51.66667
61.50000
65.33334
63.33334
60.66667
45.33334
49.50000
60.33334
69.50000
87.41667
105.08334
117.08334
118.41667
126.08334
129.33334
132.08334
133.33334
133.75000
133.50000
131.58334
126.08334
123.41667
110.50000
96.16667
86.25000
69.75000
58.75000
47.75000
38.75000
28.41667
23.08333
29.58333
31.91667
33.75000
36.25000
35.00000
42.16667
39.33334
33.83334
25.58333
21.75000
15.58333
10.16667
12.91667
12.91667
21.75000
31.25000
42.41667
51.75000
62.16667
68.58334
73.08334
74.08334
71.33334
67.33334
63.08334
72.33334
85.50000
92.83334
116.50000
126.00000
132.50000
135.91667
142.33334
144.83334
147.41667
148.58334
148.91667
149.00000
150.16667
145.08334
138.08334
127.33334
115.41667
96.75000
83.83334
65.66667
52.66667
43.33334
33.66667
23.33333
32.25000
38.00000
39.25000
39.00000
38.91667
45.25000
36.75000
24.66667
24.25000
17.33333
12.41667
13.00000
16.83333
23.33333
32.83334
43.33334
55.66667
65.08334
73.16667
80.50000
81.75000
77.41667
91.00000
101.16667
96.00000
100.91667
110.08334
115.91667
135.25000
140.66667
143.75000
150.00000
155.08334
154.58334
158.41667
159.25000
158.08334
164.50000
162.00000
156.16667
149.00000
144.08334
133.33334
115.25000
94.25000
74.50000
59.75000
49.50000
37.75000
25.91667
24.66667
39.33334
43.16667
40.33334
40.00000
44.50000
28.66667
18.83333
22.16667
16.83333
14.25000
15.75000
22.41667
30.08333
38.00000
48.75000
64.75000
78.41667
87.58334
99.83334
97.58334
109.75000
118.41667
120.00000
118.58334
117.66667
122.66667
132.58334
145.66667
150.66667
156.08334
160.08334
161.75000
160.83334
168.41667
163.00000
172.41667
172.00000
166.00000
162.66667
158.66667
151.00000
142.91667
128.91667
108.16667
87.66667
66.91667
53.08334
41.91667
29.58333
24.16667
34.16667
39.91667
41.08334
38.41667
43.16667
22.91667
19.58333
21.08333
16.33333
16.75000
23.16667
29.25000
37.75000
44.58334
59.75000
80.66667
91.41667
102.58334
105.75000
120.58334
133.16667
138.08334
136.91667
132.16667
129.66667
132.00000
145.91667
154.66667
155.58334
161.58334
165.25000
163.83334
168.00000
164.16667
165.41667
174.50000
172.00000
168.16667
165.91667
160.75000
156.33334
149.66667
139.75000
122.33334
99.00000
73.58334
60.75000
46.50000
33.08334
22.66667
30.50000
35.00000
38.50000
37.50000
44.66667
20.75000
22.08333
22.75000
21.08333
22.41667
28.00000
33.66667
43.66667
58.83334
82.58334
101.16667
108.91667
115.58334
126.08334
139.83334
152.25000
145.08334
146.66667
141.41667
139.41667
143.50000
152.50000
161.00000
162.00000
165.08334
166.16667
170.00000
166.66667
166.58334
165.83334
171.25000
171.75000
171.83334
169.25000
164.91667
161.41667
155.08334
147.50000
132.33334
110.75000
83.00000
69.91667
50.00000
37.41667
24.83333
25.00000
26.33333
31.75000
38.00000
43.25000
20.83333
24.16667
25.00000
24.50000
23.33333
34.50000
41.66667
54.50000
81.66667
96.25000
112.83334
123.50000
131.58334
147.16667
155.00000
158.66667
150.33334
148.66667
149.41667
148.75000
152.33334
160.16667
162.25000
168.58334
169.66667
170.41667
169.50000
167.00000
166.91667
170.91667
172.08334
172.25000
174.66667
170.50000
167.25000
161.66667
158.08334
150.41667
136.50000
122.83334
96.83334
78.25000
56.83334
42.41667
28.16667
26.83333
28.83333
32.41667
35.91667
48.00000
22.25000
27.83333
27.83333
28.41667
34.83334
39.91667
51.58334
66.75000
94.16667
113.08334
119.58334
131.83334
141.91667
150.66667
153.58334
153.75000
149.83334
156.00000
156.75000
155.41667
160.41667
163.75000
167.50000
173.41667
172.08334
173.25000
167.41667
171.66667
171.75000
172.83334
173.33334
175.75000
174.25000
171.08334
167.66667
161.16667
157.50000
150.83334
141.25000
132.50000
108.16667
84.41667
63.00000
46.66667
35.91667
27.83333
32.66667
31.66667
33.41667
47.91667
24.66667
27.25000
35.75000
36.50000
38.16667
43.25000
58.16667
80.16667
111.91667
122.58334
135.08334
138.33334
140.75000
142.83334
147.00000
149.66667
149.66667
155.91667
158.08334
162.50000
167.33334
169.75000
171.83334
175.50000
175.41667
175.25000
173.83334
174.83334
175.25000
174.25000
171.50000
167.25000
165.41667
158.83334
152.00000
150.41667
149.75000
147.66667
142.33334
138.50000
120.08334
95.58334
72.33334
49.50000
39.00000
31.83333
35.91667
32.41667
34.41667
49.66667
25.33333
31.33333
40.08334
38.75000
40.41667
48.25000
72.16667
96.50000
119.25000
133.00000
138.91667
135.91667
121.00000
115.66667
115.25000
126.25000
133.25000
137.75000
146.16667
153.50000
164.75000
170.41667
176.33334
177.33334
176.58334
176.75000
176.66667
176.16667
171.00000
165.33334
152.16667
147.66667
142.75000
137.91667
127.91667
124.75000
121.41667
134.25000
138.66667
139.91667
129.41667
111.00000
81.50000
52.91667
41.91667
36.08334
39.91667
34.50000
38.00000
52.83334
28.08333
36.75000
39.66667
40.41667
42.83334
56.25000
84.33334
108.75000
125.83334
133.50000
134.58334
109.91667
100.41667
95.58334
102.08334
105.83334
110.41667
109.16667
112.66667
125.16667
143.91667
158.83334
166.91667
173.58334
176.00000
176.75000
177.50000
170.00000
158.00000
135.50000
123.16667
115.83334
111.41667
107.83334
112.75000
103.08334
95.58334
100.08334
120.58334
135.50000
134.66667
122.41667
94.33334
57.33334
45.08334
37.41667
41.83334
39.08334
37.41667
56.33334
30.83333
37.41667
34.58334
40.58334
45.08334
66.00000
97.08334
117.66667
131.16667
132.41667
109.33334
94.83334
89.75000
94.50000
99.91667
103.25000
111.66667
112.58334
115.16667
122.75000
133.58334
151.08334
158.91667
169.50000
171.75000
176.50000
169.66667
157.16667
134.58334
124.75000
116.75000
113.66667
103.16667
97.91667
97.00000
88.08334
89.33334
89.41667
100.00000
122.00000
132.00000
125.66667
109.33334
63.00000
45.00000
39.58334
47.50000
43.25000
39.00000
57.41667
33.25000
37.41667
33.50000
34.91667
42.83334
65.66667
93.66667
118.08334
130.91667
116.33334
113.00000
90.91667
94.58334
100.25000
110.16667
113.00000
124.41667
132.16667
129.16667
137.33334
147.25000
151.66667
157.00000
164.91667
167.08334
169.00000
157.33334
147.58334
134.08334
135.41667
135.00000
123.00000
117.75000
119.58334
113.33334
104.41667
98.75000
98.58334
104.16667
112.08334
128.83334
129.08334
118.25000
70.00000
47.25000
39.83334
53.08334
52.25000
47.25000
79.25000
50.08334
45.08334
41.41667
45.16667
53.33334
83.58334
100.66667
118.75000
129.25000
123.50000
97.08334
100.66667
105.75000
116.25000
126.75000
135.16667
137.08334
131.75000
133.33334
138.58334
148.00000
159.08334
157.91667
169.41667
173.16667
167.00000
164.16667
165.50000
148.33334
146.25000
147.41667
146.58334
140.41667
135.16667
141.50000
127.83334
114.83334
111.41667
109.25000
113.91667
128.00000
132.08334
122.16667
83.91667
46.91667
39.83334
57.16667
63.50000
69.00000
84.08334
55.08334
55.16667
47.33334
46.66667
62.41667
90.75000
112.66667
129.00000
125.33334
113.91667
128.66667
123.91667
122.75000
130.00000
132.83334
141.66667
160.33334
143.75000
156.16667
156.00000
157.91667
145.16667
161.25000
156.25000
167.66667
167.66667
165.58334
166.41667
161.08334
151.16667
142.08334
154.41667
162.83334
161.83334
164.25000
151.75000
142.75000
132.25000
118.83334
118.58334
129.16667
131.91667
115.50000
88.66667
43.75000
49.91667
64.58334
73.50000
82.33334
76.83334
53.08334
59.66667
56.75000
47.33334
63.50000
87.25000
101.58334
127.25000
136.33334
129.33334
127.33334
118.83334
113.00000
126.66667
140.50000
140.25000
150.33334
134.25000
151.75000
148.08334
148.25000
153.16667
156.91667
151.41667
163.08334
166.16667
175.50000
160.83334
148.08334
144.83334
153.08334
160.16667
152.91667
142.16667
149.08334
142.08334
144.41667
142.16667
138.25000
131.75000
129.75000
132.08334
119.25000
94.41667
59.33334
61.25000
69.00000
83.75000
91.91667
96.33334
52.66667
52.66667
56.25000
42.75000
62.33334
90.91667
113.16667
124.75000
121.08334
122.16667
114.50000
118.75000
130.91667
120.83334
112.58334
106.83334
116.41667
117.08334
135.41667
140.25000
145.91667
153.91667
153.33334
155.50000
153.33334
160.75000
160.00000
142.08334
138.58334
129.25000
132.08334
120.91667
130.66667
132.91667
143.75000
131.08334
139.33334
145.83334
143.83334
132.33334
132.41667
120.58334
113.41667
90.33334
66.25000
67.75000
78.91667
93.91667
101.08334
103.00000
62.08334
66.66667
66.50000
63.00000
76.33334
105.58334
118.08334
128.58334
110.33334
118.75000
122.08334
129.75000
130.75000
90.16667
104.58334
101.91667
104.91667
116.75000
125.41667
131.25000
137.33334
147.83334
144.41667
152.91667
159.08334
161.75000
165.16667
151.41667
132.16667
124.16667
112.08334
116.16667
96.25000
122.33334
130.50000
128.66667
117.75000
139.33334
144.08334
141.58334
134.58334
131.16667
116.00000
79.00000
81.08334
82.25000
89.25000
100.16667
112.91667
127.91667
72.58334
71.00000
70.75000
71.66667
85.58334
105.58334
127.58334
125.66667
122.25000
133.66667
134.66667
123.58334
97.00000
107.83334
104.33334
111.50000
92.91667
116.75000
143.66667
115.16667
138.00000
146.16667
138.83334
155.16667
167.33334
162.58334
151.50000
141.33334
139.91667
133.66667
114.66667
121.66667
94.16667
98.41667
113.91667
114.25000
119.75000
134.75000
129.25000
134.66667
136.83334
139.83334
111.91667
88.25000
82.00000
84.91667
108.91667
99.66667
118.41667
124.25000
83.58334
79.41667
86.66667
83.75000
88.16667
95.66667
109.50000
137.41667
128.50000
138.16667
135.91667
114.25000
121.25000
121.83334
115.00000
116.58334
122.33334
128.58334
136.25000
140.91667
141.58334
140.25000
138.91667
147.00000
166.00000
162.83334
148.08334
137.91667
142.91667
156.33334
145.91667
141.08334
142.25000
129.00000
116.25000
130.83334
122.16667
139.58334
135.75000
140.00000
132.08334
133.58334
128.41667
110.50000
87.75000
101.91667
114.83334
101.58334
120.41667
129.33334
83.08334
80.41667
92.66667
88.75000
87.75000
104.41667
122.66667
137.50000
130.58334
141.00000
139.08334
133.41667
130.41667
124.66667
138.66667
133.58334
141.41667
145.25000
145.25000
148.33334
145.08334
135.83334
132.00000
142.00000
167.08334
162.75000
158.41667
143.16667
140.91667
160.33334
163.83334
143.66667
146.33334
132.41667
131.58334
144.00000
137.75000
149.08334
152.08334
151.25000
146.00000
150.91667
133.41667
130.00000
109.08334
108.33334
119.25000
110.33334
122.25000
127.16667
80.00000
80.00000
91.83334
91.33334
89.66667
114.08334
128.83334
129.25000
147.25000
141.83334
134.50000
139.25000
141.50000
143.00000
143.83334
157.50000
159.41667
155.91667
163.16667
152.83334
140.33334
145.75000
143.91667
143.66667
164.83334
164.91667
163.08334
136.50000
148.33334
150.08334
167.83334
155.25000
160.00000
159.83334
157.16667
157.75000
160.91667
158.91667
160.75000
153.75000
143.25000
143.25000
138.58334
131.41667
118.33334
112.41667
126.16667
123.75000
124.83334
126.50000
86.41667
79.91667
90.83334
95.25000
98.00000
119.41667
135.50000
132.16667
151.50000
140.83334
150.83334
157.16667
163.41667
164.75000
163.75000
164.75000
162.91667
162.16667
164.75000
153.91667
138.66667
142.41667
143.91667
156.66667
162.58334
166.58334
168.50000
142.16667
148.83334
155.58334
167.91667
167.75000
168.91667
166.91667
168.75000
169.91667
169.16667
169.25000
164.91667
156.75000
155.66667
149.25000
137.83334
121.25000
124.50000
128.58334
132.83334
128.50000
140.16667
124.66667
84.25000
89.83334
95.41667
107.33334
117.66667
119.16667
132.66667
135.50000
154.66667
151.83334
161.83334
161.50000
165.91667
167.75000
169.58334
170.33334
169.91667
170.66667
166.00000
140.33334
149.41667
138.50000
151.25000
161.66667
169.50000
170.08334
171.16667
160.58334
132.91667
158.41667
166.25000
171.58334
174.91667
173.41667
172.50000
174.00000
175.16667
173.00000
170.00000
161.91667
166.25000
155.33334
146.16667
129.66667
125.41667
130.16667
126.41667
137.00000
138.33334
122.00000
83.75000
89.58334
99.00000
103.33334
120.50000
118.91667
131.33334
144.58334
152.41667
160.66667
166.66667
165.25000
169.00000
168.41667
170.83334
171.75000
169.83334
168.50000
163.66667
149.25000
132.83334
141.25000
150.33334
163.41667
169.75000
174.08334
173.00000
163.41667
133.25000
137.33334
164.08334
175.25000
175.25000
175.75000
177.25000
179.91667
184.58334
168.75000
168.00000
160.50000
159.75000
157.16667
137.66667
129.08334
127.16667
134.83334
141.75000
139.75000
134.58334
126.91667
95.33334
103.58334
107.00000
107.25000
119.25000
121.91667
126.75000
145.75000
151.50000
164.08334
161.41667
165.00000
170.41667
174.58334
176.00000
173.16667
168.83334
167.91667
156.58334
144.75000
131.58334
137.41667
148.75000
163.41667
173.33334
175.50000
174.75000
161.08334
147.91667
128.91667
141.58334
164.83334
168.50000
172.50000
173.91667
176.58334
177.83334
173.58334
168.25000
159.58334
162.50000
158.41667
136.50000
131.25000
131.00000
130.50000
146.50000
139.58334
133.00000
129.91667
95.75000
106.91667
112.00000
105.75000
122.41667
120.91667
125.75000
140.66667
157.58334
158.00000
164.58334
170.16667
172.25000
172.41667
172.75000
169.91667
164.91667
160.16667
152.08334
140.58334
135.50000
139.75000
149.50000
158.16667
174.41667
179.25000
173.83334
156.75000
154.08334
139.08334
140.25000
145.33334
163.66667
166.50000
170.50000
171.16667
171.83334
168.50000
166.00000
168.91667
156.33334
147.91667
133.00000
132.83334
129.91667
136.66667
141.50000
137.25000
127.41667
131.00000
93.75000
99.83334
112.66667
104.75000
120.16667
121.50000
125.66667
141.50000
149.25000
160.16667
163.16667
170.91667
168.50000
172.41667
171.66667
170.58334
163.33334
153.50000
137.66667
134.91667
136.41667
143.58334
145.33334
150.50000
165.66667
173.25000
166.83334
152.83334
146.33334
129.25000
129.91667
141.00000
158.25000
163.75000
164.83334
166.58334
169.91667
168.00000
163.58334
162.00000
160.66667
141.75000
130.41667
133.25000
131.08334
133.66667
136.41667
134.00000
124.66667
121.75000
87.08334
100.66667
105.50000
108.00000
117.08334
123.91667
123.50000
139.58334
148.33334
152.66667
158.16667
162.41667
168.50000
167.66667
168.50000
167.75000
159.33334
146.33334
138.91667
137.50000
134.58334
138.33334
146.00000
143.58334
154.08334
155.66667
149.16667
139.75000
126.50000
118.33334
125.41667
145.75000
158.16667
160.75000
164.33334
166.66667
167.83334
164.58334
158.08334
163.50000
150.00000
136.08334
129.08334
135.50000
131.83334
138.58334
134.66667
135.16667
116.08334
119.33334
93.00000
97.08334
101.16667
108.50000
114.58334
125.66667
124.75000
136.75000
143.91667
151.58334
156.58334
160.83334
165.41667
168.00000
168.75000
166.25000
160.08334
146.58334
142.83334
138.83334
130.75000
133.91667
136.91667
140.33334
143.91667
145.91667
144.08334
130.00000
127.00000
130.25000
142.16667
156.33334
159.16667
159.50000
156.91667
162.08334
167.41667
169.50000
157.41667
152.83334
146.33334
132.33334
128.75000
131.25000
130.16667
133.91667
133.91667
137.25000
114.75000
115.16667
93.00000
95.00000
98.50000
99.08334
113.50000
123.33334
126.41667
136.41667
144.91667
147.50000
153.66667
156.50000
160.83334
164.58334
163.75000
161.41667
153.33334
151.41667
147.50000
144.08334
136.16667
132.08334
129.00000
138.41667
141.16667
141.75000
142.58334
135.66667
142.25000
142.91667
155.75000
160.00000
163.83334
163.25000
161.33334
155.08334
157.91667
155.91667
150.66667
145.00000
143.16667
135.00000
129.91667
130.08334
128.66667
131.33334
129.41667
126.00000
103.58334
107.00000
92.33334
92.58334
99.25000
98.16667
108.25000
116.66667
126.50000
132.91667
144.25000
146.41667
150.16667
154.00000
157.41667
158.50000
158.41667
158.25000
156.50000
151.75000
150.58334
145.91667
137.33334
137.58334
143.50000
145.75000
145.50000
148.41667
147.16667
142.41667
145.16667
149.00000
153.58334
159.91667
163.08334
163.83334
163.00000
158.25000
155.75000
155.41667
149.33334
146.83334
141.33334
132.50000
131.08334
128.58334
126.91667
130.66667
133.83334
115.33334
104.58334
116.33334
90.41667
95.16667
103.83334
102.25000
105.75000
116.33334
125.25000
128.75000
140.16667
145.83334
147.50000
151.25000
152.66667
154.66667
150.16667
156.16667
154.08334
151.66667
149.58334
147.58334
142.50000
141.25000
145.91667
151.91667
152.41667
155.66667
155.33334
150.66667
153.00000
153.50000
152.25000
155.00000
156.25000
158.75000
155.66667
153.83334
154.08334
153.91667
148.50000
152.83334
137.00000
124.66667
129.16667
125.58334
122.83334
135.16667
134.08334
118.08334
111.25000
113.08334
88.66667
96.41667
95.00000
98.75000
97.75000
112.16667
119.91667
128.50000
138.41667
145.50000
146.83334
149.41667
149.25000
148.91667
148.83334
150.41667
150.08334
147.75000
145.66667
143.83334
146.41667
143.91667
143.16667
146.66667
155.58334
155.66667
155.91667
153.58334
153.25000
150.33334
141.91667
139.08334
138.66667
143.75000
150.83334
151.41667
152.00000
154.08334
148.58334
150.91667
139.00000
122.16667
132.41667
123.50000
122.00000
142.33334
132.91667
114.50000
107.33334
113.08334
88.50000
94.91667
97.16667
95.41667
96.00000
109.16667
113.08334
123.16667
132.58334
143.25000
145.66667
147.08334
148.00000
146.08334
147.25000
144.83334
144.75000
135.33334
136.66667
135.00000
133.83334
139.75000
141.08334
142.33334
139.41667
140.58334
139.83334
130.75000
123.08334
128.16667
130.66667
135.75000
140.33334
132.16667
150.50000
151.66667
153.08334
153.16667
150.50000
148.00000
139.75000
124.50000
133.08334
123.33334
126.41667
142.50000
131.83334
113.50000
101.08334
112.91667
82.58334
97.66667
100.58334
99.66667
97.58334
101.75000
112.41667
117.41667
125.16667
140.16667
146.16667
148.00000
147.83334
147.83334
144.33334
140.41667
134.41667
130.66667
122.33334
120.08334
119.50000
118.91667
118.33334
122.25000
130.25000
126.91667
126.66667
134.00000
125.00000
133.25000
119.25000
122.91667
136.08334
140.75000
150.00000
153.33334
152.66667
149.16667
150.50000
145.08334
133.25000
128.00000
134.58334
124.08334
126.58334
137.58334
126.50000
105.25000
104.75000
108.58334
81.66667
90.50000
98.08334
95.41667
96.16667
97.25000
109.91667
116.33334
120.91667
135.91667
144.33334
148.58334
151.16667
153.75000
151.41667
149.75000
142.33334
130.66667
127.25000
117.91667
111.08334
110.91667
122.50000
132.08334
132.50000
136.41667
137.91667
134.41667
130.25000
125.08334
133.16667
132.08334
142.41667
141.41667
146.25000
151.66667
150.16667
146.16667
146.66667
145.08334
125.58334
131.08334
132.25000
120.58334
124.16667
125.83334
120.58334
111.50000
116.16667
109.41667
80.58334
89.58334
93.83334
91.50000
95.50000
97.41667
103.00000
108.00000
115.33334
128.41667
141.83334
146.50000
151.16667
154.16667
152.16667
147.16667
143.75000
137.08334
122.66667
126.08334
132.50000
131.08334
130.25000
128.00000
128.33334
130.33334
137.00000
128.75000
140.75000
136.91667
141.91667
145.08334
146.66667
156.16667
156.50000
152.75000
149.83334
149.00000
144.00000
141.33334
119.91667
134.66667
126.83334
119.33334
127.00000
123.83334
123.91667
108.08334
119.83334
121.66667
83.91667
85.75000
92.16667
92.25000
95.08334
94.16667
102.33334
102.66667
111.41667
123.25000
137.83334
144.66667
149.91667
149.91667
153.50000
155.50000
152.75000
152.50000
149.58334
141.83334
138.58334
135.75000
148.66667
147.66667
144.16667
136.41667
134.58334
127.50000
130.83334
136.83334
148.50000
152.25000
157.00000
158.66667
155.25000
150.58334
143.91667
146.00000
140.83334
135.58334
114.66667
136.83334
120.41667
124.08334
130.16667
129.83334
128.25000
103.75000
123.25000
123.83334
84.16667
83.91667
87.16667
90.50000
93.58334
90.41667
101.58334
102.91667
110.25000
117.41667
131.66667
142.50000
146.33334
149.50000
151.58334
156.00000
157.91667
157.00000
155.58334
152.25000
148.75000
147.50000
145.41667
140.83334
138.00000
137.50000
138.75000
139.16667
140.58334
143.83334
150.33334
158.08334
159.58334
157.91667
152.66667
145.33334
141.91667
139.58334
139.50000
131.50000
111.83334
134.33334
114.75000
126.41667
130.00000
124.33334
116.83334
106.50000
116.66667
128.41667
85.41667
85.41667
83.66667
88.75000
87.16667
82.66667
100.08334
102.91667
108.66667
107.08334
122.83334
137.33334
142.25000
146.16667
148.66667
153.00000
156.50000
157.16667
158.16667
155.50000
155.50000
150.91667
152.75000
151.33334
150.16667
151.58334
152.41667
154.16667
152.58334
153.75000
156.91667
161.00000
159.08334
155.58334
145.33334
141.25000
141.00000
143.33334
135.66667
124.91667
126.33334
133.41667
109.75000
125.33334
126.91667
125.75000
105.50000
114.16667
118.66667
131.75000
88.41667
85.00000
82.66667
90.58334
84.16667
80.66667
94.66667
104.83334
101.33334
99.08334
115.91667
128.41667
139.08334
143.33334
144.83334
147.33334
153.66667
158.91667
160.00000
159.16667
157.16667
155.91667
155.58334
156.50000
155.83334
157.75000
157.33334
158.41667
156.50000
157.91667
158.33334
159.08334
158.50000
153.58334
143.66667
139.00000
141.08334
140.00000
125.00000
113.83334
125.50000
127.75000
101.33334
126.58334
130.75000
131.91667
113.83334
123.91667
117.91667
134.25000
92.91667
93.16667
89.75000
93.25000
88.75000
89.25000
91.83334
101.25000
100.66667
98.66667
110.41667
119.25000
134.08334
137.83334
143.00000
145.50000
148.58334
156.66667
157.75000
159.83334
161.58334
159.33334
157.00000
155.75000
157.33334
156.75000
158.91667
159.66667
158.58334
155.16667
155.41667
156.08334
150.33334
140.75000
139.66667
140.08334
137.66667
126.91667
117.08334
104.00000
121.58334
122.41667
99.00000
117.16667
116.25000
121.50000
105.33334
124.58334
121.50000
132.75000
98.41667
95.33334
91.33334
91.33334
89.83334
90.50000
97.16667
90.75000
99.41667
98.08334
110.58334
106.41667
127.08334
127.58334
139.91667
142.50000
147.83334
149.16667
154.58334
158.91667
160.33334
161.41667
162.83334
162.25000
162.00000
162.16667
159.00000
157.58334
158.75000
154.58334
150.50000
148.41667
140.66667
137.16667
130.08334
136.83334
122.41667
121.83334
116.83334
100.83334
130.00000
124.25000
108.75000
115.00000
115.58334
124.00000
107.08334
129.25000
131.25000
130.75000
95.16667
95.66667
94.00000
94.66667
95.91667
95.58334
95.41667
98.25000
106.00000
96.50000
102.66667
102.08334
122.50000
122.25000
134.25000
134.91667
142.41667
146.91667
148.33334
151.50000
154.16667
156.50000
161.66667
163.50000
164.75000
162.66667
159.08334
156.75000
156.58334
151.33334
144.41667
138.50000
128.75000
131.75000
117.16667
125.25000
113.91667
116.83334
105.08334
100.00000
132.16667
116.91667
116.08334
115.50000
112.66667
110.08334
104.66667
117.75000
128.50000
117.83334
102.58334
96.66667
97.33334
96.25000
98.58334
95.00000
89.00000
95.66667
103.08334
98.25000
97.50000
99.33334
118.08334
118.16667
127.16667
132.41667
132.66667
138.50000
144.50000
148.33334
150.00000
151.00000
153.33334
155.91667
155.50000
154.58334
152.83334
152.08334
148.16667
140.25000
132.33334
128.50000
121.58334
122.41667
107.33334
110.91667
111.66667
113.75000
112.75000
116.00000
129.75000
115.41667
121.33334
110.58334
115.33334
111.41667
115.41667
127.83334
137.50000
128.08334
103.41667
99.58334
99.33334
100.50000
101.50000
81.66667
85.25000
92.41667
101.41667
92.08334
97.83334
98.83334
116.41667
118.83334
121.33334
128.50000
131.08334
129.83334
134.58334
139.75000
144.25000
146.16667
148.16667
148.25000
145.75000
145.25000
144.25000
140.33334
130.50000
126.75000
121.58334
115.00000
117.16667
113.25000
105.50000
113.00000
114.16667
109.75000
105.50000
120.33334
128.08334
104.08334
120.33334
112.83334
116.50000
103.00000
122.00000
128.33334
139.41667
131.41667
102.16667
97.00000
98.58334
101.16667
86.08334
83.58334
84.50000
91.66667
91.08334
88.08334
95.66667
101.00000
116.58334
113.50000
117.91667
125.41667
130.25000
131.08334
131.66667
133.41667
135.91667
139.00000
141.58334
142.75000
143.91667
142.75000
138.25000
131.75000
123.75000
120.83334
111.08334
118.83334
119.16667
112.25000
116.08334
116.91667
112.75000
107.58334
102.00000
119.00000
128.16667
102.00000
117.25000
111.25000
114.91667
102.66667
120.08334
127.83334
139.50000
122.08334
