90.25000
79.25000
78.50000
73.58334
71.58334
77.58334
74.25000
76.91667
83.33334
89.66667
104.16667
118.25000
126.50000
134.75000
143.25000
144.83334
147.16667
145.66667
140.58334
138.75000
140.58334
144.75000
143.50000
145.08334
135.66667
122.08334
112.08334
103.66667
98.75000
91.00000
83.00000
77.41667
79.00000
75.50000
76.08334
72.75000
71.00000
70.58334
68.41667
63.33334
56.91667
54.75000
53.41667
52.33334
50.00000
50.58334
47.25000
46.58334
48.41667
53.66667
87.83334
78.25000
76.50000
70.41667
67.50000
73.16667
74.75000
83.16667
99.83334
100.58334
115.66667
134.83334
145.58334
149.50000
156.33334
159.58334
161.83334
160.00000
159.33334
153.58334
149.25000
152.00000
154.58334
155.66667
156.91667
148.33334
132.50000
121.75000
108.66667
110.08334
109.16667
102.25000
93.00000
85.25000
86.33334
83.91667
77.16667
69.33334
72.00000
70.33334
66.91667
64.58334
60.75000
56.08334
49.50000
45.58334
46.75000
45.83334
46.41667
53.83334
84.83334
79.58334
75.91667
66.00000
64.33334
72.41667
85.25000
92.16667
107.16667
112.16667
125.66667
145.75000
156.33334
162.16667
168.16667
171.16667
174.16667
178.25000
178.00000
175.25000
166.41667
156.83334
157.50000
161.75000
163.33334
165.25000
157.91667
152.00000
137.41667
126.25000
122.50000
115.75000
108.91667
106.83334
95.75000
91.58334
85.33334
81.41667
75.41667
70.00000
67.83334
64.83334
62.58334
64.75000
55.91667
48.66667
48.25000
49.75000
49.58334
52.75000
82.58334
75.91667
66.91667
61.66667
59.83334
71.50000
98.50000
106.83334
115.66667
126.00000
141.75000
157.08334
166.50000
176.08334
178.83334
178.50000
183.41667
188.58334
189.83334
194.16667
189.25000
177.00000
162.58334
166.66667
173.00000
179.25000
183.91667
176.91667
157.75000
148.66667
136.00000
129.08334
114.33334
105.91667
106.75000
103.00000
100.83334
96.41667
83.08334
77.91667
71.16667
65.41667
62.16667
65.33334
57.66667
51.08334
51.16667
54.33334
53.75000
54.58334
80.16667
67.25000
64.25000
59.50000
58.16667
74.33334
104.91667
116.75000
123.00000
131.41667
148.75000
166.75000
175.25000
181.41667
187.91667
192.50000
191.91667
192.33334
194.66667
201.08334
203.58334
199.50000
181.91667
179.50000
196.08334
206.08334
207.91667
196.91667
181.16667
177.50000
162.83334
150.83334
138.91667
125.83334
117.66667
114.75000
109.66667
107.25000
100.25000
90.41667
77.50000
67.50000
66.41667
66.16667
59.08334
54.16667
53.00000
53.00000
53.66667
55.75000
75.33334
63.83334
61.16667
59.66667
62.33334
79.41667
103.83334
117.41667
127.75000
139.33334
159.66667
175.08334
183.91667
189.50000
195.33334
201.25000
204.00000
201.91667
198.33334
206.00000
210.58334
214.41667
212.66667
213.33334
220.75000
219.91667
216.66667
208.50000
195.33334
184.75000
185.16667
179.25000
170.58334
160.41667
154.41667
143.75000
134.58334
132.41667
127.08334
111.33334
89.08334
75.41667
68.66667
66.41667
61.50000
57.08334
55.16667
53.66667
53.33334
56.41667
71.00000
64.75000
59.25000
56.50000
74.41667
91.25000
107.83334
117.50000
131.00000
148.75000
171.00000
182.16667
188.41667
193.25000
198.83334
203.91667
207.25000
207.83334
210.66667
212.83334
214.41667
218.25000
222.66667
224.41667
224.25000
221.66667
220.00000
215.91667
206.50000
191.66667
191.25000
193.41667
195.00000
187.50000
181.08334
170.33334
153.83334
144.16667
135.75000
125.16667
109.25000
83.41667
75.75000
68.33334
64.25000
60.25000
58.66667
54.58334
53.25000
55.16667
74.00000
63.58334
58.41667
57.33334
75.16667
91.66667
108.50000
124.00000
144.91667
161.50000
176.75000
183.41667
189.25000
194.00000
198.66667
203.58334
207.41667
210.33334
213.25000
215.75000
218.25000
220.08334
220.16667
219.41667
223.16667
223.50000
222.83334
219.41667
213.91667
200.08334
201.41667
195.75000
194.33334
191.16667
185.33334
175.75000
160.50000
148.50000
139.08334
126.25000
116.75000
101.25000
83.00000
69.58334
66.50000
62.16667
59.25000
55.58334
53.00000
54.58334
72.91667
63.66667
52.25000
62.50000
76.66667
89.33334
115.50000
137.08334
153.16667
164.91667
178.66667
182.58334
186.41667
191.33334
196.00000
203.16667
208.75000
211.08334
214.66667
216.75000
218.16667
221.66667
220.75000
221.41667
223.25000
222.66667
221.58334
219.66667
219.16667
214.66667
215.75000
209.83334
204.91667
198.83334
189.75000
182.08334
167.16667
154.91667
142.25000
126.91667
117.66667
107.83334
98.41667
75.66667
68.50000
64.66667
61.66667
55.25000
52.75000
57.25000
73.91667
69.58334
49.91667
64.75000
74.33334
89.58334
113.50000
144.58334
158.41667
166.75000
179.16667
182.66667
184.33334
187.91667
196.41667
198.58334
203.58334
209.75000
214.08334
214.50000
219.33334
221.83334
222.16667
222.25000
223.00000
223.00000
221.08334
219.41667
219.33334
218.16667
218.00000
214.83334
211.16667
203.50000
194.33334
184.83334
171.83334
160.16667
147.00000
134.41667
123.00000
113.50000
104.41667
83.58334
69.75000
65.00000
64.91667
54.16667
55.66667
62.25000
70.08334
72.83334
60.58334
64.25000
74.00000
89.08334
117.25000
149.33334
159.08334
169.33334
176.83334
179.58334
183.66667
189.91667
195.00000
203.25000
204.00000
203.58334
210.91667
213.91667
214.75000
220.08334
222.16667
223.33334
223.41667
221.83334
222.58334
220.25000
218.50000
217.66667
213.75000
207.75000
205.16667
199.33334
192.66667
185.25000
176.50000
163.50000
148.00000
134.08334
122.91667
120.83334
110.83334
90.50000
75.83334
70.25000
67.16667
58.66667
56.75000
64.41667
76.58334
78.83334
66.16667
71.16667
75.41667
92.83334
124.50000
151.91667
159.08334
167.58334
176.00000
184.08334
191.41667
199.75000
206.41667
204.83334
208.33334
203.75000
204.91667
207.83334
215.83334
219.16667
221.33334
224.08334
224.00000
222.16667
221.75000
217.66667
217.16667
212.66667
206.25000
198.41667
193.00000
189.50000
190.83334
188.08334
179.08334
171.41667
158.58334
147.25000
129.91667
128.16667
120.16667
103.91667
85.41667
74.16667
68.41667
62.33334
60.41667
69.91667
80.83334
82.75000
72.41667
76.00000
77.00000
102.00000
128.58334
154.00000
161.50000
164.25000
171.83334
175.33334
179.83334
180.83334
181.75000
183.91667
191.58334
196.83334
199.50000
202.91667
205.66667
213.00000
219.16667
221.41667
224.66667
222.41667
217.16667
211.66667
208.16667
201.75000
195.83334
191.00000
188.75000
189.00000
189.50000
188.83334
182.00000
178.16667
167.83334
159.00000
139.41667
139.58334
131.50000
114.91667
89.41667
76.41667
67.83334
63.58334
67.91667
87.00000
84.50000
81.08334
72.58334
72.33334
79.08334
107.83334
133.58334
154.25000
156.08334
160.08334
165.33334
170.08334
170.33334
168.83334
171.58334
177.58334
181.25000
183.58334
185.16667
187.83334
190.33334
201.08334
206.41667
215.00000
216.83334
217.16667
212.66667
204.33334
198.08334
191.58334
184.33334
180.91667
178.25000
177.08334
170.58334
166.66667
167.50000
167.08334
160.83334
154.58334
140.41667
142.16667
136.08334
119.50000
96.33334
76.00000
67.25000
63.91667
73.41667
79.41667
88.66667
83.33334
73.00000
70.58334
89.83334
112.00000
136.41667
149.91667
150.75000
158.50000
161.25000
163.66667
167.25000
169.66667
159.75000
150.08334
156.16667
167.41667
175.41667
181.41667
183.83334
194.41667
199.66667
207.25000
208.83334
206.16667
201.91667
199.50000
191.00000
182.66667
173.08334
169.91667
170.16667
166.08334
165.08334
167.16667
170.66667
166.50000
161.58334
153.83334
137.25000
139.50000
138.58334
123.00000
102.33334
77.50000
65.00000
66.25000
81.16667
83.75000
95.66667
82.00000
75.00000
73.41667
93.58334
112.58334
139.41667
153.00000
154.50000
163.75000
168.08334
162.08334
160.58334
165.83334
166.25000
159.00000
148.00000
148.50000
157.08334
170.00000
183.75000
194.25000
197.00000
200.66667
206.33334
205.58334
198.08334
195.16667
186.16667
175.33334
164.58334
155.50000
157.16667
163.75000
173.41667
181.33334
182.08334
174.08334
167.75000
157.50000
143.25000
135.33334
136.58334
125.58334
103.41667
79.58334
64.75000
64.58334
79.91667
92.33334
96.25000
82.58334
76.66667
78.16667
95.33334
118.16667
141.91667
154.08334
161.66667
169.25000
172.25000
172.33334
171.00000
172.08334
183.58334
164.83334
167.41667
162.41667
167.25000
170.83334
173.83334
189.33334
197.08334
202.41667
208.58334
207.16667
202.66667
191.50000
179.91667
165.83334
158.25000
161.41667
167.91667
177.66667
174.83334
170.91667
173.08334
165.00000
158.08334
154.50000
144.75000
136.16667
136.16667
131.00000
110.08334
83.16667
74.50000
74.75000
83.91667
109.00000
100.25000
98.75000
77.58334
86.00000
99.58334
124.41667
144.25000
155.41667
166.00000
173.75000
176.00000
175.50000
169.75000
160.16667
152.66667
141.08334
133.00000
136.25000
150.41667
172.25000
170.25000
182.58334
197.83334
206.83334
212.00000
209.58334
199.91667
185.41667
166.25000
152.50000
153.00000
155.41667
145.16667
148.41667
149.00000
143.58334
157.66667
151.50000
148.00000
143.41667
139.33334
137.66667
137.75000
135.33334
115.41667
88.16667
92.16667
97.91667
102.25000
129.16667
103.66667
113.08334
83.83334
90.83334
105.33334
128.00000
141.33334
151.83334
165.83334
170.41667
170.41667
166.50000
161.58334
156.00000
143.25000
141.91667
135.66667
137.16667
158.08334
164.08334
168.00000
186.66667
196.25000
202.91667
210.08334
207.50000
195.50000
176.25000
157.25000
149.58334
151.58334
169.00000
148.08334
128.66667
114.41667
116.25000
136.16667
144.33334
147.33334
145.08334
144.75000
141.58334
143.16667
137.50000
119.66667
94.41667
98.83334
102.50000
118.33334
143.00000
101.25000
118.00000
90.50000
93.00000
105.16667
132.75000
145.75000
151.00000
162.66667
163.00000
157.91667
152.41667
151.58334
153.41667
136.83334
133.58334
141.33334
159.33334
168.66667
162.58334
185.66667
189.16667
190.83334
197.08334
206.58334
205.83334
192.91667
171.50000
160.58334
160.91667
162.83334
175.91667
172.75000
144.16667
130.91667
124.83334
132.00000
135.25000
135.83334
144.08334
148.33334
144.41667
143.75000
136.16667
121.33334
108.66667
104.16667
125.58334
130.66667
149.41667
108.00000
114.58334
104.50000
94.58334
110.58334
136.08334
152.08334
156.41667
162.00000
163.58334
158.66667
154.00000
161.08334
156.25000
147.41667
138.50000
155.83334
183.66667
167.58334
173.66667
187.16667
184.33334
184.33334
196.25000
201.83334
200.41667
190.41667
169.75000
158.66667
171.25000
157.41667
175.16667
171.00000
143.50000
138.33334
143.66667
167.41667
153.91667
146.58334
148.25000
151.91667
150.50000
145.33334
135.33334
122.00000
115.83334
114.25000
144.83334
146.41667
162.33334
118.75000
117.08334
112.66667
96.33334
111.58334
135.75000
154.50000
162.08334
164.41667
176.33334
168.50000
166.41667
171.16667
163.41667
168.00000
168.41667
176.25000
193.08334
177.50000
184.50000
184.33334
182.25000
184.08334
193.66667
199.66667
201.00000
191.58334
169.08334
154.41667
156.00000
167.41667
159.66667
166.00000
153.25000
148.50000
154.83334
165.25000
163.50000
164.83334
163.16667
160.50000
157.41667
151.83334
140.00000
126.00000
124.33334
142.25000
146.33334
153.33334
170.00000
115.50000
123.75000
128.00000
113.91667
116.66667
136.50000
155.16667
161.75000
167.41667
182.16667
179.58334
178.41667
187.83334
187.33334
179.25000
180.16667
185.75000
185.91667
181.58334
182.50000
184.91667
182.08334
185.25000
192.25000
199.75000
199.25000
189.00000
169.83334
153.41667
146.91667
155.50000
160.33334
174.00000
161.66667
152.75000
157.08334
159.25000
165.08334
167.33334
168.83334
168.16667
162.83334
155.75000
143.00000
135.33334
128.41667
148.50000
150.25000
159.16667
172.83334
116.33334
128.16667
127.16667
119.58334
120.58334
138.08334
157.08334
163.00000
166.50000
183.16667
186.50000
188.91667
194.50000
197.50000
193.83334
193.00000
191.08334
189.58334
184.16667
187.50000
185.91667
177.83334
183.50000
192.00000
198.83334
196.41667
185.83334
166.33334
153.58334
155.08334
155.50000
163.41667
173.50000
176.50000
176.58334
171.83334
176.83334
172.91667
168.00000
167.08334
167.25000
164.50000
160.00000
142.41667
140.66667
153.58334
151.25000
159.08334
166.83334
173.50000
110.25000
126.83334
127.00000
123.50000
123.83334
138.66667
155.91667
161.75000
163.91667
182.66667
193.66667
195.83334
198.00000
199.58334
199.33334
197.83334
195.50000
193.91667
191.25000
189.91667
181.41667
177.75000
182.08334
191.91667
199.33334
195.41667
183.16667
164.66667
154.16667
155.41667
163.08334
168.25000
178.00000
180.08334
182.41667
183.58334
189.66667
179.58334
172.50000
169.00000
168.25000
167.08334
159.08334
140.16667
152.00000
158.25000
163.25000
177.66667
175.83334
179.83334
105.91667
123.66667
119.66667
125.33334
123.00000
137.33334
155.75000
160.75000
164.41667
184.25000
199.41667
200.75000
203.33334
204.16667
203.41667
200.83334
198.66667
198.16667
196.91667
189.75000
179.41667
177.50000
183.83334
196.83334
201.91667
197.41667
181.75000
163.33334
155.66667
155.33334
166.50000
176.08334
183.00000
185.58334
191.41667
190.83334
185.33334
178.25000
174.50000
172.83334
171.83334
170.08334
157.58334
143.00000
163.58334
162.16667
171.33334
184.50000
180.75000
191.33334
100.16667
120.41667
117.66667
124.33334
123.41667
135.91667
153.91667
161.25000
164.91667
181.50000
196.91667
201.41667
202.91667
202.16667
202.50000
203.33334
201.83334
203.33334
199.41667
189.83334
181.75000
180.00000
189.91667
200.33334
203.41667
199.25000
184.66667
162.50000
156.25000
158.58334
168.08334
177.16667
186.83334
188.75000
192.08334
193.00000
187.08334
183.08334
175.58334
174.25000
173.58334
171.50000
155.50000
147.83334
158.66667
154.33334
173.08334
187.00000
181.16667
197.25000
100.75000
120.75000
120.16667
123.16667
124.83334
133.50000
151.25000
158.08334
163.41667
179.16667
195.50000
201.50000
203.41667
204.58334
204.25000
204.33334
206.00000
205.16667
198.33334
191.16667
181.00000
182.91667
194.08334
207.41667
206.91667
200.08334
183.58334
164.08334
157.58334
159.66667
169.41667
177.91667
186.91667
191.91667
194.25000
192.66667
191.00000
184.91667
181.50000
177.91667
177.08334
172.58334
153.83334
160.33334
163.16667
172.33334
174.00000
189.33334
177.91667
193.75000
93.16667
121.83334
123.25000
125.58334
126.08334
127.00000
149.66667
157.83334
163.91667
179.16667
194.91667
200.33334
204.83334
204.33334
205.33334
205.91667
205.41667
204.66667
195.91667
185.41667
173.08334
175.75000
191.25000
204.16667
204.08334
194.66667
177.08334
162.08334
157.25000
162.41667
171.83334
178.33334
186.58334
193.58334
193.33334
192.50000
192.00000
187.33334
184.41667
180.91667
178.41667
172.41667
153.00000
169.00000
172.75000
186.50000
177.00000
181.33334
180.91667
192.83334
84.33334
122.00000
130.50000
130.91667
130.41667
123.66667
144.83334
154.66667
161.75000
179.33334
192.58334
202.08334
204.91667
204.83334
205.91667
207.16667
206.50000
206.50000
198.25000
183.41667
171.91667
167.58334
188.25000
206.16667
207.16667
197.41667
175.25000
159.91667
152.33334
158.75000
167.25000
178.58334
189.00000
197.08334
197.75000
195.16667
193.75000
190.66667
186.25000
183.25000
178.00000
172.50000
154.16667
173.08334
174.08334
182.00000
184.25000
187.75000
185.83334
192.41667
75.75000
118.25000
134.33334
134.83334
131.75000
125.16667
136.16667
151.66667
158.58334
177.58334
184.58334
201.41667
203.16667
206.50000
206.83334
209.16667
204.91667
205.50000
195.50000
173.83334
182.66667
179.33334
179.41667
199.66667
199.91667
185.58334
153.08334
147.08334
153.66667
153.83334
161.58334
177.16667
191.66667
199.25000
198.41667
196.91667
194.75000
191.08334
188.83334
183.25000
177.00000
167.33334
164.83334
169.75000
170.08334
170.58334
185.08334
174.66667
190.50000
194.25000
58.91667
109.08334
136.91667
129.75000
130.00000
126.25000
129.50000
147.83334
155.83334
174.66667
181.33334
198.83334
203.91667
206.75000
207.50000
207.83334
204.58334
196.91667
192.66667
175.66667
177.00000
177.66667
179.75000
180.58334
170.75000
160.83334
162.33334
153.58334
148.75000
154.16667
166.58334
178.33334
191.00000
199.08334
199.58334
197.25000
192.00000
190.25000
187.16667
182.41667
174.50000
160.91667
173.83334
164.75000
175.50000
172.00000
183.50000
185.33334
186.75000
187.66667
60.00000
102.83334
140.16667
126.41667
129.58334
122.50000
128.33334
143.58334
151.50000
170.75000
179.58334
196.08334
204.25000
206.66667
206.08334
206.83334
204.16667
194.33334
189.33334
186.83334
174.66667
182.08334
183.16667
182.33334
180.08334
179.50000
172.16667
157.16667
159.16667
165.16667
174.58334
180.33334
188.58334
197.08334
199.16667
196.08334
193.58334
187.75000
183.33334
177.75000
170.58334
163.25000
176.83334
164.41667
176.00000
173.50000
184.16667
179.00000
184.50000
185.25000
67.75000
90.66667
128.08334
126.33334
125.33334
117.41667
129.58334
141.58334
148.25000
167.58334
177.16667
186.00000
201.75000
204.83334
205.41667
203.83334
202.33334
197.75000
188.16667
190.75000
186.25000
189.25000
189.00000
189.83334
184.66667
176.25000
166.33334
165.33334
167.91667
170.58334
175.41667
183.33334
187.75000
194.08334
198.08334
193.00000
191.50000
187.25000
179.58334
171.33334
175.25000
165.33334
170.83334
172.08334
175.08334
176.50000
182.16667
185.16667
184.08334
187.75000
73.50000
84.75000
116.25000
116.75000
116.50000
111.50000
127.41667
138.50000
145.83334
160.50000
172.25000
181.16667
194.50000
201.16667
203.16667
202.33334
200.08334
196.50000
190.58334
187.75000
188.41667
187.75000
192.16667
195.58334
190.16667
179.50000
176.25000
177.08334
178.83334
178.50000
181.08334
185.33334
186.33334
190.83334
196.00000
192.50000
187.08334
184.08334
175.50000
176.16667
169.75000
166.41667
175.41667
174.50000
175.08334
174.58334
178.58334
185.91667
188.00000
199.66667
79.16667
66.58334
107.16667
111.00000
110.58334
109.83334
125.00000
133.41667
143.50000
150.83334
168.66667
174.75000
182.50000
196.58334
196.66667
196.16667
194.33334
191.91667
189.50000
186.41667
188.50000
191.50000
197.00000
198.91667
191.08334
186.58334
185.91667
185.41667
183.16667
182.75000
182.50000
182.41667
184.25000
191.16667
193.58334
189.66667
183.25000
177.66667
173.08334
177.58334
164.66667
171.16667
175.41667
177.16667
183.33334
190.25000
202.50000
197.41667
193.83334
193.08334
80.75000
64.41667
98.00000
104.75000
109.75000
108.58334
120.91667
132.00000
143.91667
145.83334
166.41667
175.25000
175.16667
184.33334
191.25000
194.91667
192.08334
188.83334
184.08334
180.33334
178.16667
180.91667
182.58334
181.58334
182.08334
180.91667
182.08334
183.00000
178.33334
172.75000
173.08334
175.91667
179.41667
187.08334
182.16667
180.00000
175.50000
169.41667
178.91667
175.33334
162.25000
176.16667
174.58334
177.58334
183.00000
189.41667
195.25000
195.66667
193.00000
206.16667
78.83334
66.08334
89.08334
98.91667
97.91667
94.00000
109.00000
129.33334
145.00000
144.83334
157.41667
172.91667
179.91667
184.33334
184.33334
183.75000
181.83334
176.41667
172.66667
173.08334
171.83334
174.25000
175.66667
170.25000
163.16667
163.83334
163.50000
160.66667
157.08334
164.58334
165.08334
170.16667
177.50000
184.16667
179.83334
172.41667
170.16667
169.66667
177.66667
173.50000
162.58334
187.91667
179.16667
181.25000
190.16667
199.58334
200.91667
202.00000
209.91667
199.16667
73.83334
71.16667
84.00000
99.66667
86.75000
81.75000
107.08334
130.25000
142.58334
144.66667
147.08334
166.83334
177.58334
183.08334
191.08334
189.41667
179.00000
169.00000
165.75000
168.33334
176.16667
177.50000
176.41667
170.00000
163.91667
157.08334
156.25000
153.00000
156.25000
161.33334
164.00000
164.33334
169.75000
177.50000
175.25000
171.91667
171.91667
172.16667
176.91667
169.16667
172.00000
177.83334
178.08334
184.75000
192.91667
201.41667
210.00000
208.91667
217.50000
180.33334
70.16667
74.91667
77.91667
104.16667
85.50000
80.00000
104.41667
128.25000
136.08334
139.75000
141.91667
156.33334
172.33334
180.66667
185.83334
193.75000
185.08334
180.50000
172.91667
164.75000
161.41667
162.83334
164.75000
163.50000
167.08334
163.50000
157.33334
153.75000
154.83334
156.41667
155.41667
159.50000
158.75000
161.08334
168.83334
175.83334
170.66667
172.91667
171.16667
163.25000
181.83334
179.16667
178.58334
190.91667
194.50000
208.33334
212.91667
208.16667
209.91667
164.66667
69.00000
80.33334
72.00000
108.00000
81.75000
77.08334
99.25000
127.50000
134.50000
140.91667
142.33334
147.58334
165.83334
177.00000
182.33334
190.16667
188.33334
185.16667
177.33334
170.41667
161.25000
154.50000
157.16667
152.08334
152.83334
152.75000
153.00000
153.83334
157.66667
158.58334
163.50000
165.83334
169.75000
172.91667
181.50000
179.00000
169.58334
178.50000
178.66667
173.66667
178.50000
176.16667
177.00000
195.66667
189.50000
202.16667
213.25000
209.91667
200.50000
187.25000
61.58334
87.50000
66.16667
108.50000
76.08334
78.41667
94.25000
125.41667
128.41667
147.91667
137.25000
144.33334
158.50000
169.91667
177.75000
185.00000
189.25000
185.66667
183.58334
176.75000
175.08334
171.33334
168.66667
165.08334
162.50000
164.83334
167.16667
170.58334
176.58334
178.08334
181.41667
179.16667
179.50000
181.16667
181.00000
171.58334
154.50000
162.33334
167.41667
168.91667
180.50000
176.25000
175.75000
197.00000
189.58334
204.41667
213.16667
210.83334
174.25000
182.41667
64.75000
93.91667
64.25000
103.41667
78.00000
78.66667
90.83334
118.08334
124.16667
145.41667
131.66667
145.16667
150.00000
160.58334
169.75000
178.08334
185.33334
187.83334
187.58334
185.75000
184.50000
182.83334
180.16667
178.33334
180.00000
182.58334
183.00000
185.75000
188.50000
190.91667
187.08334
183.00000
180.66667
177.25000
174.16667
160.16667
151.08334
157.00000
151.50000
145.50000
169.50000
172.33334
186.83334
198.08334
194.00000
214.00000
211.50000
202.66667
163.33334
185.83334
69.25000
95.41667
65.25000
95.33334
80.66667
79.75000
87.00000
105.66667
127.25000
144.00000
130.41667
146.00000
146.75000
154.66667
162.75000
174.50000
178.41667
185.75000
187.08334
190.41667
189.58334
187.08334
185.58334
184.50000
185.33334
187.91667
188.08334
188.91667
189.25000
187.25000
181.16667
177.66667
172.58334
168.25000
163.75000
148.00000
151.66667
153.08334
151.33334
160.58334
161.75000
167.08334
193.00000
194.25000
189.41667
213.00000
209.25000
194.83334
152.83334
181.91667
71.58334
92.08334
71.66667
86.08334
86.41667
78.83334
85.00000
86.16667
124.50000
134.00000
133.33334
142.41667
148.33334
153.33334
161.91667
171.00000
176.16667
179.50000
188.00000
188.58334
189.08334
189.33334
187.91667
188.08334
188.08334
188.41667
188.75000
187.16667
182.91667
179.25000
174.75000
169.50000
164.33334
164.25000
157.66667
145.58334
158.66667
158.08334
155.25000
171.41667
171.91667
163.41667
184.58334
191.00000
201.83334
213.00000
212.25000
192.25000
175.00000
196.16667
75.08334
86.33334
82.91667
79.91667
90.16667
76.66667
76.66667
78.50000
117.66667
124.50000
133.66667
136.16667
148.33334
149.50000
160.16667
166.50000
173.16667
174.58334
184.00000
190.83334
190.91667
189.50000
190.50000
187.83334
186.25000
186.91667
184.16667
177.08334
171.75000
169.00000
166.50000
163.66667
167.50000
166.58334
161.58334
159.41667
160.50000
156.16667
157.83334
173.58334
170.08334
169.00000
172.00000
184.66667
205.58334
205.75000
205.75000
175.00000
185.66667
206.08334
83.25000
85.91667
91.08334
76.08334
91.66667
71.66667
70.66667
72.66667
105.16667
114.33334
134.33334
131.83334
146.25000
148.91667
156.16667
165.41667
171.00000
171.25000
174.58334
187.75000
191.16667
192.41667
193.08334
190.25000
186.00000
183.91667
179.33334
178.66667
174.58334
171.75000
171.00000
169.50000
168.58334
164.33334
159.66667
171.50000
163.08334
151.50000
161.66667
172.16667
165.91667
174.16667
170.25000
185.41667
207.41667
207.08334
200.75000
157.66667
195.66667
211.50000
89.58334
83.66667
86.00000
73.91667
97.83334
67.25000
66.91667
76.08334
101.08334
111.66667
135.33334
125.25000
139.41667
144.16667
148.83334
160.16667
164.00000
167.66667
171.83334
176.75000
186.16667
190.50000
193.00000
190.91667
186.83334
184.58334
181.16667
179.16667
174.41667
171.66667
169.08334
166.16667
164.58334
159.66667
155.33334
166.25000
157.75000
150.58334
161.08334
168.08334
160.33334
169.75000
170.91667
180.08334
199.75000
207.91667
199.16667
159.75000
203.25000
207.16667
86.41667
83.16667
90.00000
75.41667
105.16667
77.58334
80.58334
86.75000
105.91667
113.08334
129.41667
115.41667
129.58334
137.75000
141.91667
154.91667
157.50000
162.58334
164.41667
170.16667
177.83334
183.91667
185.91667
184.00000
182.75000
180.83334
179.83334
178.08334
174.16667
172.25000
168.33334
164.16667
162.16667
155.66667
149.00000
156.08334
150.66667
149.83334
151.08334
158.83334
160.00000
169.33334
173.33334
170.33334
192.75000
204.16667
185.83334
184.50000
209.91667
203.08334
76.50000
79.91667
91.58334
80.25000
118.41667
92.91667
91.58334
95.75000
106.41667
111.08334
125.75000
109.16667
117.50000
124.50000
132.08334
143.91667
150.08334
153.75000
156.75000
159.00000
163.41667
171.16667
174.91667
176.66667
175.75000
176.00000
176.00000
174.91667
171.41667
166.25000
163.16667
160.25000
156.25000
152.91667
143.25000
131.00000
122.66667
150.50000
145.33334
140.66667
142.16667
148.83334
154.91667
156.08334
190.83334
201.16667
160.58334
186.66667
213.16667
201.91667
