78.75000
74.41667
66.66667
55.75000
53.33334
49.91667
45.66667
47.50000
30.58333
25.25000
21.66667
24.08333
27.08333
33.50000
53.91667
76.41667
92.16667
103.16667
113.50000
119.58334
124.33334
120.66667
116.75000
117.91667
122.25000
129.16667
123.00000
104.16667
93.00000
93.66667
91.50000
90.25000
90.33334
83.66667
67.58334
53.08334
39.25000
29.91667
25.58333
18.16667
15.66667
12.75000
15.16667
13.58333
15.00000
22.16667
26.91667
28.75000
30.75000
34.75000
75.41667
73.66667
62.25000
53.83334
51.16667
47.83334
44.75000
39.16667
30.83333
32.00000
32.83334
36.16667
41.16667
61.16667
80.58334
93.58334
105.91667
118.66667
131.66667
140.50000
138.75000
138.33334
140.16667
143.91667
144.08334
147.08334
142.33334
136.58334
128.00000
125.58334
123.08334
121.83334
117.75000
111.66667
101.25000
88.58334
71.66667
52.83334
42.58334
29.75000
22.41667
19.33333
14.91667
14.83333
15.58333
19.08333
25.58333
29.25000
30.91667
34.58334
69.83334
67.91667
55.83334
49.58334
47.41667
44.33334
43.66667
36.33334
37.83334
40.50000
44.08334
49.75000
61.16667
82.16667
96.33334
109.50000
125.41667
140.50000
152.91667
159.08334
160.50000
160.58334
160.83334
159.75000
160.33334
160.58334
161.75000
160.25000
154.75000
148.91667
145.83334
141.66667
136.25000
128.08334
119.08334
109.66667
98.00000
81.58334
61.41667
49.66667
39.00000
30.41667
20.08333
18.75000
17.00000
19.50000
23.75000
29.66667
30.08333
35.66667
65.08334
61.00000
53.66667
49.50000
45.91667
42.16667
36.83334
38.25000
40.08334
43.75000
52.08334
59.91667
84.25000
103.25000
118.00000
132.58334
146.58334
157.75000
163.41667
167.25000
168.41667
170.25000
171.58334
170.41667
169.75000
168.58334
170.25000
169.16667
163.91667
159.83334
156.25000
153.66667
150.08334
142.58334
130.75000
120.16667
111.66667
99.83334
84.83334
68.25000
53.50000
42.58334
28.16667
20.50000
19.41667
21.33333
25.33333
30.33333
30.33333
36.08334
58.50000
58.33334
52.08334
48.66667
42.50000
40.41667
32.41667
38.66667
39.25000
49.58334
62.83334
78.16667
102.91667
118.75000
134.00000
145.66667
156.00000
165.16667
170.08334
173.50000
173.66667
173.91667
173.91667
172.91667
173.75000
173.41667
174.50000
174.41667
171.75000
170.00000
168.75000
166.58334
160.83334
149.75000
140.25000
133.33334
122.75000
110.50000
96.83334
85.25000
69.25000
54.91667
35.50000
25.50000
18.75000
20.25000
28.33333
32.00000
30.91667
36.91667
56.83334
54.50000
48.08334
45.41667
42.41667
33.91667
28.41667
37.50000
39.33334
58.08334
74.75000
93.33334
114.75000
128.41667
145.16667
153.00000
162.08334
169.25000
173.16667
175.83334
176.25000
174.50000
175.00000
175.00000
175.41667
175.41667
174.16667
175.41667
174.16667
172.91667
172.25000
172.00000
169.58334
163.75000
155.16667
146.33334
136.83334
127.41667
114.08334
96.50000
79.66667
61.50000
43.91667
32.66667
21.25000
19.33333
24.91667
25.25000
30.50000
37.25000
52.75000
52.25000
48.75000
42.16667
41.50000
31.83333
29.08333
38.50000
44.50000
68.58334
82.41667
106.25000
124.16667
138.33334
148.25000
156.58334
164.08334
169.33334
174.58334
175.16667
174.91667
174.58334
174.16667
174.58334
175.16667
174.66667
175.75000
174.83334
174.66667
173.41667
173.66667
173.66667
171.66667
165.75000
158.66667
152.75000
145.91667
134.83334
124.00000
110.33334
91.00000
71.33334
51.25000
36.25000
24.33333
22.58333
26.08333
23.66667
24.91667
34.33334
49.00000
51.00000
45.16667
39.25000
38.50000
27.66667
31.91667
38.58334
52.75000
72.91667
90.83334
114.58334
131.25000
143.25000
148.66667
156.50000
164.08334
167.91667
169.50000
171.25000
171.58334
170.41667
169.41667
172.16667
174.66667
176.66667
173.91667
171.66667
173.91667
173.75000
172.08334
172.41667
172.50000
168.25000
162.91667
157.08334
150.41667
140.83334
129.00000
115.16667
100.66667
80.58334
59.25000
38.41667
23.66667
22.75000
27.50000
22.75000
23.08333
28.33333
51.83334
53.66667
45.66667
37.75000
33.50000
27.16667
30.33333
43.25000
58.66667
78.16667
96.75000
119.00000
135.25000
143.08334
149.16667
154.83334
160.83334
163.83334
164.66667
164.25000
165.50000
166.08334
167.25000
169.08334
171.16667
170.16667
169.08334
168.33334
168.75000
168.16667
167.25000
167.66667
168.41667
165.83334
162.41667
158.91667
151.66667
143.25000
132.91667
121.91667
108.08334
88.33334
68.33334
43.41667
24.16667
19.58333
24.08333
23.25000
24.25000
27.91667
53.33334
49.33334
45.16667
36.58334
30.58333
29.16667
33.50000
49.00000
67.00000
81.91667
100.75000
119.25000
135.00000
143.08334
148.75000
153.91667
158.00000
159.83334
160.91667
160.41667
160.00000
159.83334
162.08334
165.66667
166.16667
166.16667
166.08334
164.58334
164.66667
164.58334
166.91667
166.41667
165.33334
164.08334
160.66667
157.16667
150.58334
144.00000
134.91667
124.66667
111.33334
92.58334
70.41667
48.33334
29.33333
22.66667
20.83333
24.66667
23.75000
29.66667
53.66667
48.75000
45.91667
35.75000
30.50000
29.41667
39.25000
56.83334
70.66667
86.16667
104.41667
117.83334
132.00000
141.58334
147.08334
152.33334
158.25000
162.08334
164.33334
164.91667
164.25000
164.58334
162.50000
162.08334
162.58334
162.41667
164.41667
164.75000
164.83334
165.66667
166.91667
166.00000
164.08334
161.41667
156.83334
148.00000
140.66667
134.91667
130.91667
123.66667
112.00000
94.25000
73.83334
53.00000
32.83334
28.91667
21.66667
22.83333
26.00000
30.08333
53.66667
50.50000
52.58334
35.50000
32.91667
31.91667
47.75000
62.91667
74.75000
83.58334
101.50000
112.66667
117.08334
123.66667
130.58334
141.66667
153.41667
160.00000
165.75000
168.33334
171.00000
170.41667
168.08334
165.58334
164.58334
164.66667
165.00000
166.33334
168.33334
168.25000
167.66667
164.41667
159.33334
152.58334
146.75000
142.50000
137.41667
129.91667
124.08334
118.75000
111.83334
93.50000
75.83334
57.66667
36.41667
29.00000
21.83333
22.25000
25.16667
34.58334
51.33334
50.41667
48.66667
36.83334
35.08334
35.33334
55.58334
66.75000
75.66667
85.16667
89.25000
83.66667
82.00000
84.75000
91.08334
102.41667
115.66667
130.75000
148.41667
157.75000
168.58334
172.75000
172.16667
170.16667
169.58334
166.41667
167.08334
167.91667
166.16667
163.83334
157.16667
148.91667
144.91667
142.83334
136.91667
131.16667
127.58334
119.41667
115.33334
110.08334
100.33334
90.16667
72.83334
60.41667
43.00000
30.66667
22.16667
23.41667
24.83333
39.75000
56.50000
49.91667
41.66667
38.83334
36.58334
39.91667
59.08334
68.25000
71.33334
65.00000
52.91667
47.50000
43.41667
42.91667
43.75000
51.16667
63.08334
83.16667
102.25000
121.75000
145.00000
168.83334
173.58334
172.75000
172.91667
170.66667
170.41667
164.33334
158.08334
145.08334
136.25000
132.25000
126.50000
124.58334
122.08334
114.33334
109.25000
101.91667
94.83334
93.58334
91.25000
78.08334
65.66667
61.41667
48.66667
37.91667
24.00000
24.33333
29.66667
45.25000
57.33334
48.83334
42.41667
46.16667
40.50000
45.00000
60.66667
70.33334
61.16667
45.41667
40.83334
43.41667
46.66667
48.33334
47.50000
47.41667
50.08334
52.33334
64.91667
85.50000
110.00000
139.00000
154.75000
160.08334
158.83334
152.16667
149.00000
132.58334
121.16667
109.16667
98.75000
91.83334
86.08334
81.58334
75.58334
69.25000
64.66667
63.00000
63.50000
64.33334
69.66667
74.83334
62.50000
61.00000
53.83334
45.00000
27.25000
24.83333
37.33334
44.33334
58.08334
49.66667
49.00000
50.16667
46.50000
50.00000
63.66667
67.33334
55.91667
48.16667
54.00000
66.25000
79.50000
79.33334
70.50000
61.91667
58.50000
56.25000
59.33334
73.58334
98.16667
117.50000
126.58334
136.16667
142.91667
134.33334
127.33334
115.50000
104.16667
81.66667
68.66667
63.83334
60.83334
65.50000
64.41667
66.66667
65.83334
61.66667
58.75000
58.00000
52.66667
56.75000
55.25000
56.25000
58.41667
47.83334
32.00000
26.75000
40.25000
52.75000
58.25000
48.33334
50.75000
49.66667
56.75000
55.66667
66.66667
65.41667
56.58334
63.83334
88.58334
111.41667
123.91667
125.50000
126.91667
118.58334
96.00000
81.83334
77.50000
84.41667
97.83334
113.58334
120.08334
126.91667
132.50000
126.58334
121.50000
108.50000
92.75000
78.91667
69.25000
65.91667
65.16667
64.66667
67.33334
78.83334
88.41667
84.08334
79.08334
69.33334
59.41667
54.58334
52.33334
55.00000
62.16667
50.08334
38.58334
38.16667
43.16667
55.50000
55.58334
54.41667
51.08334
50.50000
62.75000
58.66667
64.08334
69.33334
67.75000
85.66667
105.25000
110.66667
101.08334
106.25000
122.50000
113.08334
107.91667
96.33334
99.00000
97.16667
103.25000
114.91667
121.66667
126.00000
132.00000
130.33334
124.08334
111.66667
101.58334
90.41667
87.08334
86.91667
92.58334
100.83334
120.33334
120.58334
129.50000
116.66667
103.83334
89.50000
71.33334
60.08334
56.25000
56.91667
62.75000
51.25000
41.58334
41.58334
60.41667
57.83334
55.33334
54.91667
51.75000
53.25000
63.00000
65.75000
64.91667
76.41667
78.08334
97.41667
104.00000
92.08334
77.66667
82.33334
91.50000
95.58334
100.08334
94.58334
109.33334
100.41667
100.25000
109.33334
123.58334
132.75000
140.00000
136.75000
125.25000
112.66667
98.66667
99.91667
100.00000
94.33334
105.41667
100.25000
103.66667
107.58334
107.66667
101.50000
100.58334
100.50000
87.08334
68.41667
59.91667
58.91667
69.75000
53.50000
48.58334
41.91667
55.08334
60.33334
64.00000
60.33334
54.91667
57.00000
65.75000
66.83334
78.91667
96.50000
91.25000
101.00000
95.00000
73.58334
75.33334
83.25000
82.75000
79.66667
99.58334
109.50000
110.75000
110.50000
103.83334
109.33334
128.66667
142.25000
150.66667
148.25000
132.75000
112.08334
97.00000
99.75000
93.25000
96.91667
93.66667
94.16667
74.75000
93.66667
98.25000
94.25000
87.33334
91.58334
90.91667
82.91667
70.41667
65.66667
73.33334
57.91667
53.16667
48.58334
54.75000
67.91667
73.00000
74.58334
72.50000
70.75000
71.16667
71.25000
89.50000
111.75000
107.08334
97.83334
86.66667
68.33334
85.91667
98.00000
85.66667
90.66667
133.25000
144.66667
109.33334
97.16667
109.33334
112.58334
132.83334
151.41667
161.08334
157.58334
137.00000
115.41667
98.33334
106.83334
94.41667
96.91667
102.08334
81.16667
92.41667
86.91667
104.50000
95.75000
77.66667
82.00000
93.66667
94.75000
86.75000
77.75000
81.16667
67.66667
68.75000
62.58334
59.33334
75.00000
75.16667
74.75000
78.75000
77.50000
77.75000
82.83334
100.66667
116.25000
115.75000
102.75000
97.25000
83.75000
103.58334
122.83334
114.41667
129.58334
157.75000
126.00000
111.16667
98.75000
108.00000
116.16667
131.25000
150.50000
158.66667
156.25000
139.41667
120.66667
105.66667
104.41667
102.25000
111.58334
128.00000
86.33334
80.50000
101.41667
128.16667
96.08334
78.91667
80.66667
94.16667
101.00000
95.00000
91.66667
86.08334
79.00000
76.16667
77.75000
92.08334
86.50000
79.25000
75.83334
82.25000
79.91667
75.33334
86.00000
103.33334
118.08334
123.08334
117.58334
112.58334
104.41667
103.50000
108.50000
109.66667
114.33334
120.08334
124.41667
125.66667
123.00000
122.25000
126.91667
135.33334
148.33334
156.08334
153.41667
142.08334
123.66667
108.50000
111.08334
113.08334
120.08334
122.41667
119.33334
118.41667
107.50000
114.91667
102.75000
88.00000
86.58334
99.33334
102.66667
104.00000
101.33334
92.25000
91.41667
85.50000
77.83334
96.58334
106.58334
84.58334
84.16667
80.66667
82.00000
76.41667
97.83334
103.16667
119.00000
127.33334
125.50000
127.50000
125.25000
126.25000
130.08334
137.50000
140.83334
146.66667
142.50000
146.91667
132.75000
122.66667
132.08334
135.58334
144.58334
154.16667
150.83334
140.41667
124.66667
114.91667
119.83334
123.50000
136.58334
139.91667
132.25000
139.41667
132.33334
127.33334
108.75000
107.33334
106.91667
109.58334
112.58334
112.33334
109.08334
99.91667
101.66667
104.83334
96.33334
98.33334
113.08334
92.58334
97.50000
95.41667
90.75000
80.66667
112.75000
118.16667
133.75000
143.50000
134.16667
137.16667
133.08334
135.25000
145.08334
154.83334
150.33334
151.66667
154.50000
142.75000
133.66667
132.16667
134.83334
135.16667
140.33334
151.08334
148.75000
142.33334
128.50000
120.50000
122.00000
131.66667
138.41667
149.25000
142.75000
138.25000
140.25000
142.41667
132.41667
119.83334
116.66667
121.33334
121.83334
115.75000
112.33334
105.00000
96.58334
105.83334
115.75000
106.33334
117.75000
87.33334
97.25000
98.41667
91.83334
86.66667
116.25000
127.50000
131.83334
140.00000
135.50000
143.91667
142.91667
145.16667
151.66667
157.33334
156.91667
155.33334
146.50000
139.08334
137.25000
137.25000
136.50000
140.75000
141.75000
148.83334
148.16667
142.50000
130.91667
122.16667
124.41667
134.91667
142.66667
146.00000
152.75000
158.66667
156.41667
149.58334
138.58334
128.25000
122.66667
128.41667
128.75000
117.50000
117.41667
107.00000
95.00000
113.58334
121.08334
112.75000
131.33334
92.50000
92.83334
97.41667
90.75000
85.16667
116.58334
129.16667
127.91667
138.91667
137.91667
145.58334
151.08334
154.75000
158.25000
159.66667
159.50000
153.83334
144.00000
134.25000
137.41667
135.08334
139.16667
143.83334
144.83334
146.91667
147.50000
142.58334
133.66667
126.08334
125.66667
134.83334
143.33334
146.08334
148.25000
146.66667
146.33334
146.41667
142.91667
135.83334
132.58334
128.16667
126.50000
122.58334
117.91667
106.33334
112.91667
121.58334
122.08334
117.25000
135.83334
95.25000
95.16667
99.16667
92.41667
105.00000
116.25000
130.83334
130.41667
142.41667
138.83334
149.00000
156.16667
156.16667
158.66667
159.00000
159.50000
154.66667
141.41667
133.16667
130.16667
133.33334
140.50000
144.66667
145.33334
148.91667
146.41667
138.33334
128.00000
123.41667
130.41667
134.50000
143.50000
147.50000
149.33334
151.08334
152.00000
146.83334
143.91667
137.75000
133.50000
131.83334
125.58334
131.75000
115.58334
101.08334
117.75000
128.25000
122.16667
118.66667
125.25000
98.08334
96.33334
103.00000
93.33334
117.25000
116.16667
133.25000
139.16667
141.08334
137.58334
147.83334
153.83334
157.33334
158.41667
160.08334
160.33334
155.33334
139.91667
131.00000
132.33334
133.16667
132.16667
139.00000
145.91667
149.75000
146.25000
135.91667
122.33334
117.91667
125.08334
136.50000
143.16667
147.91667
152.41667
152.25000
152.25000
151.41667
146.91667
143.75000
138.00000
132.33334
125.75000
136.16667
114.83334
103.00000
111.25000
131.25000
132.41667
132.58334
138.00000
97.58334
99.41667
104.25000
92.91667
122.41667
121.33334
130.91667
139.25000
140.25000
132.58334
145.66667
152.00000
159.41667
163.50000
165.00000
164.50000
159.75000
145.58334
134.16667
133.83334
132.00000
135.25000
139.25000
144.33334
151.66667
147.16667
135.75000
123.25000
116.75000
112.58334
127.33334
140.08334
150.08334
158.50000
156.16667
157.33334
156.75000
153.33334
146.16667
133.50000
126.66667
127.50000
133.50000
114.41667
113.08334
110.75000
127.58334
139.33334
132.66667
144.00000
93.25000
97.25000
103.41667
95.66667
122.58334
124.66667
125.08334
133.16667
138.00000
128.25000
141.91667
150.25000
155.66667
161.00000
166.66667
161.33334
154.91667
144.41667
143.50000
137.33334
144.58334
151.00000
153.58334
148.83334
151.41667
147.91667
147.41667
136.83334
130.58334
122.00000
119.16667
130.33334
147.33334
156.16667
159.83334
162.25000
158.66667
153.25000
146.08334
137.08334
125.25000
137.50000
123.83334
112.33334
122.16667
131.50000
128.75000
142.41667
131.91667
140.16667
86.66667
90.25000
95.75000
110.75000
119.08334
125.50000
125.16667
122.25000
137.66667
130.25000
137.41667
143.33334
154.66667
161.08334
162.91667
156.00000
142.16667
134.75000
128.58334
135.91667
144.58334
143.16667
147.75000
148.75000
148.91667
144.33334
141.91667
140.66667
138.33334
123.00000
116.08334
126.83334
134.91667
149.00000
155.66667
161.83334
160.83334
153.33334
142.41667
131.08334
133.00000
136.25000
117.08334
101.83334
112.25000
130.50000
134.25000
140.33334
126.75000
126.00000
90.58334
95.33334
95.50000
117.75000
124.00000
124.25000
122.75000
118.50000
137.41667
134.41667
132.50000
143.75000
152.41667
157.83334
155.91667
150.33334
141.41667
133.25000
113.91667
109.50000
119.41667
122.75000
128.50000
137.66667
142.66667
141.16667
139.00000
134.41667
131.41667
117.91667
113.25000
121.83334
128.08334
139.66667
151.33334
157.16667
159.25000
150.66667
138.41667
128.41667
129.83334
130.41667
109.75000
118.83334
112.33334
131.16667
137.08334
138.41667
133.33334
122.08334
90.75000
91.66667
92.16667
112.50000
125.58334
124.66667
122.08334
126.33334
139.58334
131.75000
131.50000
140.58334
146.41667
149.08334
146.91667
144.33334
140.50000
134.75000
121.83334
112.25000
107.75000
111.00000
121.41667
133.08334
124.75000
116.91667
115.75000
105.91667
98.16667
101.58334
108.25000
117.58334
125.33334
131.00000
143.00000
153.33334
153.41667
145.58334
133.00000
132.33334
125.00000
116.75000
105.75000
129.91667
127.58334
131.66667
138.41667
121.91667
131.41667
123.50000
84.33334
92.50000
93.75000
106.75000
120.66667
113.08334
119.25000
123.50000
132.33334
122.50000
126.08334
135.50000
138.91667
137.16667
134.66667
132.91667
131.41667
127.83334
123.91667
117.33334
115.91667
112.16667
114.25000
112.33334
106.08334
104.00000
103.75000
100.66667
102.08334
107.25000
110.25000
117.00000
126.75000
129.50000
134.75000
145.00000
147.50000
138.91667
123.08334
131.08334
126.50000
114.75000
105.66667
128.08334
130.75000
133.83334
133.50000
119.08334
134.50000
120.00000
88.50000
94.33334
101.41667
105.25000
124.33334
115.83334
121.25000
115.00000
126.16667
112.75000
126.50000
133.16667
136.00000
132.91667
128.66667
128.33334
123.16667
121.83334
120.75000
119.16667
119.33334
115.75000
113.75000
114.41667
116.08334
112.33334
110.75000
109.66667
110.00000
109.41667
109.66667
112.83334
125.83334
130.08334
130.25000
135.58334
139.25000
130.91667
136.08334
131.91667
130.25000
115.00000
116.58334
119.16667
125.50000
137.08334
128.58334
130.41667
136.66667
152.75000
98.83334
87.41667
106.00000
108.08334
120.08334
121.16667
120.41667
109.66667
126.58334
105.08334
125.66667
131.58334
133.33334
134.08334
128.75000
117.58334
117.75000
121.08334
119.58334
122.66667
123.58334
123.25000
120.33334
120.58334
118.58334
118.66667
119.50000
120.00000
118.41667
116.91667
115.00000
113.16667
122.83334
126.08334
120.16667
124.33334
134.41667
132.50000
138.50000
127.91667
126.33334
118.91667
128.41667
128.66667
130.00000
134.66667
125.16667
137.75000
125.08334
155.00000
87.66667
72.66667
98.83334
110.00000
119.83334
120.16667
115.83334
114.66667
121.91667
111.08334
120.41667
124.66667
132.33334
133.41667
125.16667
121.66667
113.58334
111.00000
110.50000
115.75000
123.08334
124.75000
123.75000
122.91667
124.16667
125.33334
126.75000
123.25000
117.16667
114.16667
109.50000
105.66667
116.91667
126.00000
121.50000
121.83334
135.33334
143.25000
134.66667
125.58334
117.50000
106.50000
128.08334
134.91667
132.33334
142.50000
126.00000
134.41667
129.25000
136.75000
82.16667
76.16667
95.83334
110.83334
117.00000
118.66667
113.00000
120.50000
112.91667
117.33334
117.83334
125.16667
130.83334
132.91667
122.83334
117.16667
108.16667
104.91667
102.00000
104.91667
111.58334
121.50000
126.41667
127.33334
122.58334
119.75000
120.58334
117.91667
116.50000
113.41667
105.66667
106.75000
113.16667
118.08334
123.83334
123.83334
135.41667
141.25000
133.58334
128.16667
117.75000
117.33334
113.75000
126.83334
134.58334
145.75000
137.91667
124.41667
149.41667
138.33334
83.75000
90.08334
95.33334
110.08334
118.83334
123.33334
112.50000
124.50000
104.33334
113.83334
117.75000
128.66667
128.41667
131.00000
124.16667
114.25000
107.33334
101.75000
99.66667
96.16667
95.33334
99.08334
102.58334
102.00000
98.91667
99.16667
96.08334
92.58334
88.25000
95.41667
98.25000
105.75000
118.25000
124.58334
124.25000
125.58334
143.41667
138.41667
131.75000
129.50000
118.50000
124.16667
117.75000
122.50000
138.91667
142.83334
148.25000
136.00000
162.16667
174.58334
80.75000
93.66667
104.66667
112.83334
127.58334
123.83334
115.58334
128.58334
101.41667
108.58334
119.75000
130.16667
125.75000
127.66667
127.50000
122.25000
118.00000
110.41667
109.00000
108.25000
105.25000
107.25000
109.83334
109.91667
105.91667
98.66667
96.50000
99.16667
96.33334
90.58334
95.08334
108.25000
117.58334
126.83334
125.83334
135.66667
139.66667
137.33334
131.91667
121.33334
104.16667
124.91667
127.91667
114.25000
138.75000
135.91667
149.91667
129.16667
159.66667
191.16667
81.75000
99.91667
109.41667
107.75000
127.16667
117.75000
119.16667
123.50000
110.50000
108.83334
131.33334
120.33334
121.33334
124.16667
126.75000
128.33334
129.41667
118.83334
112.08334
116.50000
124.83334
125.91667
123.41667
117.16667
114.33334
111.58334
114.16667
115.00000
111.66667
114.75000
118.33334
120.50000
121.75000
122.08334
126.41667
132.33334
137.33334
134.25000
136.00000
118.33334
103.83334
107.33334
119.58334
137.41667
153.25000
145.08334
155.58334
146.66667
154.66667
192.75000
84.58334
93.91667
102.83334
110.41667
115.66667
118.91667
121.41667
109.91667
111.58334
121.16667
135.91667
115.83334
123.16667
119.25000
122.16667
132.91667
129.50000
129.58334
124.33334
119.41667
120.75000
123.66667
124.25000
122.25000
121.91667
121.50000
123.33334
121.66667
119.08334
120.41667
124.00000
126.58334
124.75000
122.41667
133.33334
130.75000
135.25000
135.00000
131.00000
119.00000
110.83334
113.58334
114.00000
149.00000
141.75000
157.41667
150.00000
159.66667
157.00000
177.08334
90.41667
91.00000
104.00000
117.25000
115.75000
132.00000
123.75000
98.91667
110.58334
117.16667
126.66667
115.41667
119.50000
116.16667
115.33334
129.33334
135.50000
130.00000
130.33334
125.75000
121.83334
117.16667
114.16667
115.75000
120.83334
123.41667
122.91667
120.75000
121.66667
125.00000
128.00000
126.75000
126.66667
132.16667
126.16667
132.08334
133.00000
140.33334
116.16667
110.66667
106.50000
120.75000
127.08334
138.75000
130.75000
149.75000
137.25000
163.75000
181.91667
171.33334
102.41667
110.25000
105.25000
116.33334
122.00000
133.83334
126.33334
111.00000
103.16667
110.25000
116.50000
118.58334
107.58334
117.75000
112.58334
124.83334
130.66667
135.58334
134.25000
132.50000
128.33334
124.08334
123.25000
120.00000
121.16667
122.33334
126.25000
128.50000
127.66667
128.83334
126.41667
125.75000
127.41667
128.58334
121.58334
128.00000
142.33334
133.91667
110.83334
102.16667
96.33334
112.91667
151.08334
156.83334
146.16667
156.50000
150.25000
148.41667
191.83334
171.83334
102.50000
111.66667
111.91667
112.25000
128.25000
134.58334
126.41667
121.16667
101.66667
124.08334
107.50000
115.00000
115.41667
118.91667
110.91667
123.08334
128.25000
130.33334
123.66667
134.91667
136.83334
132.66667
129.16667
128.58334
128.50000
131.16667
132.00000
133.08334
131.00000
128.83334
126.50000
132.33334
125.83334
124.50000
118.08334
136.91667
136.83334
125.58334
118.00000
109.08334
99.75000
128.50000
145.91667
148.50000
150.83334
148.83334
170.75000
157.41667
175.58334
185.00000
104.25000
108.33334
117.00000
118.33334
126.83334
142.25000
115.66667
113.66667
110.75000
130.16667
113.41667
110.25000
123.66667
117.66667
120.91667
119.83334
125.83334
122.83334
118.75000
126.33334
135.08334
133.91667
132.25000
131.16667
131.00000
134.58334
133.66667
133.16667
128.66667
127.50000
122.41667
122.75000
118.75000
116.00000
128.50000
133.33334
133.33334
113.16667
101.16667
106.16667
113.33334
122.75000
161.25000
138.33334
153.16667
148.00000
167.83334
181.50000
180.41667
174.08334
110.66667
107.16667
113.25000
129.66667
127.16667
150.16667
118.33334
107.25000
123.08334
118.66667
101.58334
103.75000
118.83334
121.00000
117.41667
116.33334
122.16667
118.33334
112.66667
116.66667
125.16667
129.66667
131.91667
134.75000
134.83334
133.08334
130.25000
127.16667
124.50000
121.00000
114.41667
122.66667
118.25000
117.00000
120.58334
127.16667
128.91667
102.25000
95.66667
93.83334
115.41667
112.16667
160.41667
151.50000
162.41667
151.66667
152.50000
179.41667
174.00000
182.41667
108.41667
107.08334
119.50000
124.08334
127.00000
145.00000
123.58334
99.08334
120.00000
105.83334
98.50000
106.58334
114.16667
116.75000
116.58334
103.66667
113.08334
110.33334
109.66667
116.16667
120.75000
127.00000
129.25000
127.50000
125.91667
124.83334
125.16667
120.50000
115.33334
110.58334
107.33334
118.00000
112.50000
105.33334
112.25000
108.08334
111.50000
109.25000
105.58334
97.58334
110.66667
116.33334
140.50000
149.50000
163.00000
162.50000
152.66667
168.75000
176.91667
170.33334
113.75000
119.91667
131.66667
132.25000
142.58334
131.08334
132.33334
107.00000
120.25000
104.00000
100.08334
112.00000
118.08334
105.33334
106.83334
99.66667
106.91667
100.50000
104.08334
110.50000
117.50000
123.16667
122.25000
121.33334
120.08334
120.33334
119.50000
114.16667
112.83334
102.66667
98.16667
109.16667
104.33334
98.16667
105.00000
108.16667
99.50000
96.16667
99.91667
111.83334
108.58334
126.25000
129.33334
144.08334
154.00000
168.50000
174.75000
160.91667
176.33334
170.08334
