44.66667
42.66667
34.41667
28.41667
25.58333
23.08333
24.41667
33.16667
45.91667
61.50000
82.16667
113.16667
144.16667
170.91667
184.66667
193.83334
199.66667
203.66667
204.33334
204.83334
206.00000
206.83334
207.75000
209.00000
207.16667
206.66667
203.75000
203.08334
202.75000
201.66667
198.91667
195.66667
188.83334
180.41667
167.91667
148.66667
126.08334
104.08334
90.33334
82.50000
81.08334
76.83334
72.91667
67.91667
79.25000
82.50000
97.08334
115.66667
127.16667
121.16667
41.16667
38.00000
30.91667
27.16667
24.66667
27.91667
35.83334
41.00000
53.08334
77.58334
118.91667
152.16667
183.00000
191.16667
196.83334
201.33334
203.91667
206.16667
207.58334
207.83334
209.91667
210.50000
211.83334
212.16667
211.16667
210.08334
209.83334
210.08334
209.08334
207.75000
204.75000
202.33334
200.08334
194.25000
185.25000
172.66667
156.66667
134.50000
109.83334
94.66667
88.00000
81.33334
79.16667
71.91667
74.25000
84.33334
89.75000
107.50000
103.58334
105.83334
36.08334
33.75000
27.83333
25.41667
27.16667
30.00000
38.91667
54.00000
82.08334
119.33334
155.08334
178.66667
188.66667
194.58334
199.41667
203.16667
206.08334
208.00000
209.58334
210.41667
211.66667
213.25000
214.00000
214.75000
214.41667
213.91667
213.58334
213.25000
213.08334
211.75000
210.50000
208.25000
205.75000
200.50000
194.00000
183.16667
171.41667
154.50000
131.00000
112.83334
99.58334
89.08334
88.66667
76.83334
71.33334
74.66667
91.41667
102.75000
105.00000
107.16667
34.83334
29.41667
25.83333
24.41667
25.91667
36.33334
50.75000
73.91667
107.83334
145.83334
168.83334
183.00000
191.41667
197.08334
200.66667
204.25000
207.58334
210.00000
212.25000
213.75000
214.66667
216.50000
216.66667
217.66667
217.08334
216.83334
217.08334
216.33334
215.66667
214.50000
212.83334
211.75000
207.25000
202.66667
197.16667
188.83334
180.00000
167.58334
144.50000
120.25000
105.91667
96.58334
91.75000
83.16667
71.58334
68.25000
89.91667
95.41667
101.58334
109.41667
32.41667
24.58333
23.91667
24.75000
29.08333
41.16667
60.00000
87.08334
125.75000
158.16667
174.33334
184.91667
192.91667
197.41667
201.75000
205.33334
208.91667
212.58334
215.08334
216.41667
217.91667
219.25000
219.25000
219.16667
218.83334
218.91667
218.58334
217.83334
217.00000
216.66667
215.50000
213.16667
209.16667
204.66667
199.16667
192.25000
183.58334
174.00000
156.83334
134.75000
112.66667
103.08334
92.00000
86.33334
73.58334
75.75000
86.25000
88.83334
95.16667
112.25000
31.66667
22.00000
22.08333
25.33333
32.50000
46.25000
66.75000
98.33334
134.58334
165.08334
178.33334
187.91667
194.58334
199.33334
204.00000
207.08334
209.91667
215.00000
217.50000
218.91667
220.33334
221.00000
221.08334
220.66667
220.41667
220.25000
220.00000
218.58334
218.66667
217.33334
215.58334
213.50000
209.66667
205.41667
200.33334
195.00000
185.75000
177.25000
162.83334
142.33334
123.16667
117.50000
99.75000
88.91667
80.50000
82.25000
77.91667
88.08334
90.00000
113.58334
29.33333
22.16667
20.66667
26.50000
33.50000
48.91667
75.75000
106.33334
144.75000
171.25000
182.75000
191.00000
196.08334
201.50000
205.58334
208.50000
211.50000
216.25000
219.00000
219.58334
220.25000
220.75000
221.41667
221.25000
221.25000
220.91667
220.41667
219.58334
218.50000
217.58334
215.91667
213.66667
210.08334
206.33334
201.58334
196.41667
187.75000
179.83334
168.83334
149.33334
130.08334
119.75000
108.08334
95.66667
81.08334
81.41667
78.00000
89.91667
95.66667
119.66667
32.58334
21.33333
22.83333
25.58333
34.33334
53.41667
81.33334
115.50000
158.25000
177.33334
187.00000
192.50000
197.16667
202.91667
207.00000
210.00000
212.75000
216.75000
219.33334
219.91667
220.25000
220.66667
221.33334
220.91667
221.00000
221.25000
220.83334
220.00000
219.16667
217.75000
215.25000
213.91667
210.58334
207.25000
203.41667
198.25000
189.91667
182.58334
172.08334
154.58334
138.33334
127.66667
114.41667
107.08334
88.25000
83.91667
81.41667
89.91667
93.83334
116.16667
25.83333
20.50000
20.50000
26.00000
39.91667
56.33334
92.00000
131.25000
166.91667
181.08334
189.58334
194.33334
199.41667
203.83334
207.58334
211.16667
213.33334
216.66667
219.08334
219.66667
220.08334
220.66667
220.91667
220.91667
220.25000
220.08334
220.58334
220.00000
218.91667
217.25000
214.66667
213.08334
209.66667
207.50000
203.75000
198.41667
192.00000
184.33334
175.66667
161.00000
143.00000
135.00000
125.66667
116.50000
95.91667
87.58334
83.33334
87.66667
97.66667
114.41667
26.00000
19.91667
21.08333
30.00000
41.91667
66.83334
110.16667
146.66667
174.08334
184.50000
191.50000
196.33334
200.58334
205.00000
209.00000
212.08334
215.16667
217.75000
219.83334
220.08334
220.66667
221.50000
220.83334
220.66667
220.66667
220.25000
220.58334
219.50000
218.16667
217.50000
215.83334
212.83334
209.33334
206.25000
203.58334
199.00000
193.50000
185.58334
178.16667
166.58334
148.50000
139.50000
129.16667
124.08334
107.41667
101.00000
89.08334
90.08334
95.00000
99.41667
25.75000
17.91667
25.91667
34.41667
49.33334
79.91667
127.50000
160.33334
178.25000
187.41667
193.50000
198.58334
203.33334
206.91667
210.25000
213.25000
215.91667
218.75000
221.33334
222.08334
222.41667
221.75000
221.91667
222.41667
221.58334
220.50000
220.58334
220.25000
218.83334
216.25000
214.00000
210.08334
207.75000
205.41667
202.00000
197.25000
193.66667
186.66667
180.41667
172.50000
152.00000
141.41667
131.00000
123.41667
114.41667
112.41667
99.83334
97.41667
101.66667
99.50000
23.25000
23.08333
30.41667
38.91667
59.08334
96.25000
141.83334
168.33334
181.66667
187.91667
193.41667
199.83334
203.75000
207.16667
209.25000
212.91667
217.25000
221.00000
223.75000
224.00000
223.41667
222.83334
222.66667
222.33334
221.16667
220.08334
218.91667
217.83334
216.50000
216.00000
215.33334
212.83334
210.41667
206.41667
200.66667
195.66667
190.66667
183.75000
180.83334
173.33334
157.16667
146.91667
134.66667
122.25000
120.66667
125.66667
114.91667
113.41667
104.16667
95.00000
34.25000
32.16667
34.33334
47.58334
73.50000
111.33334
147.58334
172.41667
180.66667
185.41667
187.83334
192.66667
196.25000
201.41667
208.66667
215.41667
220.08334
218.91667
218.16667
221.16667
223.33334
224.25000
222.50000
221.00000
219.25000
217.50000
216.91667
216.25000
215.41667
213.83334
214.58334
215.08334
213.50000
209.33334
203.33334
197.66667
190.16667
182.33334
176.91667
170.75000
157.50000
152.75000
137.91667
132.41667
124.08334
132.91667
127.66667
128.33334
107.66667
103.00000
39.33334
36.58334
42.75000
60.33334
86.50000
118.91667
149.33334
174.25000
180.41667
181.33334
178.75000
176.25000
176.91667
181.16667
189.41667
199.66667
206.66667
209.33334
208.91667
209.00000
212.08334
218.50000
219.91667
217.75000
217.83334
214.83334
214.83334
212.25000
209.75000
209.50000
209.00000
207.41667
202.83334
198.08334
189.00000
181.00000
172.16667
167.83334
166.16667
167.41667
162.25000
148.58334
139.50000
138.16667
130.41667
127.00000
136.75000
135.00000
114.75000
124.58334
42.25000
48.08334
56.00000
68.16667
93.41667
122.50000
150.66667
175.00000
178.50000
172.08334
170.58334
170.58334
173.41667
176.66667
175.08334
175.33334
181.91667
188.16667
195.58334
198.58334
203.08334
206.33334
210.00000
213.25000
212.83334
210.75000
207.58334
202.16667
198.83334
197.16667
194.41667
191.58334
183.08334
177.66667
175.16667
172.08334
172.83334
168.16667
158.41667
154.33334
161.58334
150.25000
142.75000
142.25000
135.25000
131.33334
140.33334
135.33334
124.16667
127.91667
48.91667
61.50000
60.91667
73.91667
97.83334
126.08334
151.66667
173.66667
177.41667
181.58334
191.33334
197.08334
199.33334
200.08334
195.91667
189.83334
182.58334
180.25000
186.58334
190.75000
196.25000
198.50000
202.58334
206.00000
206.41667
205.08334
201.91667
197.83334
195.08334
191.16667
183.16667
172.33334
164.08334
167.91667
180.00000
189.33334
188.41667
177.66667
165.50000
156.83334
162.75000
155.08334
146.16667
143.50000
142.66667
139.00000
137.58334
138.75000
117.16667
127.75000
52.50000
67.16667
66.83334
77.08334
100.25000
129.75000
153.33334
175.75000
183.91667
191.16667
198.91667
201.50000
203.58334
205.41667
206.75000
201.00000
196.50000
184.83334
181.66667
183.41667
191.25000
196.33334
199.58334
202.33334
203.75000
201.16667
198.00000
193.00000
184.00000
172.75000
160.50000
155.50000
170.16667
176.08334
190.66667
190.16667
189.08334
183.41667
176.25000
171.41667
163.00000
158.08334
148.66667
146.58334
142.75000
145.00000
143.91667
144.16667
127.00000
142.66667
56.66667
77.25000
73.00000
81.66667
102.00000
131.50000
155.41667
179.66667
184.83334
183.33334
179.16667
176.50000
178.66667
181.41667
188.75000
187.58334
184.91667
182.33334
185.00000
180.66667
184.83334
191.83334
196.00000
200.75000
202.08334
199.66667
193.75000
185.66667
174.25000
159.33334
176.25000
169.66667
192.91667
187.66667
198.16667
187.41667
182.08334
177.50000
173.66667
173.00000
168.33334
162.66667
148.58334
155.66667
149.33334
151.41667
143.58334
139.08334
131.00000
146.25000
68.33334
77.00000
81.00000
88.50000
105.83334
134.00000
157.16667
183.58334
181.33334
168.83334
157.75000
142.16667
135.83334
121.58334
123.25000
126.66667
125.00000
145.66667
168.33334
173.08334
176.50000
186.50000
196.50000
204.91667
205.66667
202.33334
191.75000
175.25000
164.91667
153.25000
163.00000
150.75000
137.41667
139.66667
140.58334
155.91667
161.33334
164.75000
165.00000
164.00000
174.25000
169.00000
154.91667
155.25000
150.91667
145.66667
151.75000
137.25000
143.83334
147.91667
77.33334
85.58334
91.66667
99.08334
107.58334
136.08334
156.41667
187.25000
187.25000
173.75000
139.83334
122.91667
130.50000
141.00000
131.08334
99.25000
100.83334
122.75000
142.16667
145.41667
162.41667
186.41667
202.58334
211.83334
213.66667
210.00000
195.91667
172.25000
154.91667
152.25000
156.66667
143.58334
116.33334
113.41667
114.75000
142.33334
123.50000
122.16667
137.83334
152.33334
168.16667
169.58334
162.00000
162.33334
162.16667
154.75000
152.66667
151.00000
152.33334
146.08334
83.25000
93.83334
102.66667
104.16667
110.16667
137.75000
153.91667
188.83334
193.16667
185.41667
173.00000
168.41667
172.41667
174.16667
161.41667
130.50000
151.08334
169.66667
153.41667
153.50000
171.83334
196.91667
209.33334
215.08334
218.91667
214.16667
200.16667
179.41667
164.25000
162.08334
156.08334
158.58334
119.58334
100.83334
120.91667
155.91667
139.83334
123.00000
130.66667
150.83334
179.41667
170.83334
167.41667
168.08334
173.50000
157.50000
159.91667
163.50000
162.58334
137.00000
86.50000
93.50000
110.83334
104.33334
111.33334
137.91667
151.58334
191.66667
193.41667
188.83334
187.91667
180.33334
178.75000
190.00000
190.33334
194.58334
179.50000
182.41667
183.75000
186.91667
190.25000
202.00000
207.75000
215.08334
218.58334
214.41667
201.25000
188.00000
175.91667
168.50000
159.83334
177.16667
179.66667
170.91667
168.66667
175.08334
161.75000
155.50000
162.75000
173.66667
191.00000
174.33334
180.75000
180.41667
179.50000
155.08334
156.75000
169.66667
167.83334
159.08334
87.16667
92.91667
109.50000
107.91667
112.91667
138.66667
150.83334
191.91667
193.50000
190.08334
189.58334
183.00000
195.08334
196.08334
181.00000
179.91667
175.00000
181.75000
176.25000
186.25000
197.25000
202.75000
205.66667
211.58334
213.08334
210.83334
201.75000
193.50000
190.33334
183.33334
186.08334
190.08334
180.41667
183.83334
194.83334
188.00000
171.25000
172.00000
181.25000
187.00000
195.16667
183.41667
190.08334
190.16667
176.16667
165.66667
165.83334
179.75000
173.50000
179.91667
78.58334
84.16667
108.41667
109.50000
115.91667
138.75000
150.75000
190.41667
196.58334
195.91667
196.91667
197.75000
207.00000
210.50000
197.41667
189.08334
192.66667
198.08334
199.83334
201.91667
201.50000
202.75000
207.75000
213.75000
215.41667
211.50000
202.75000
195.33334
193.50000
193.00000
190.83334
185.08334
179.00000
181.08334
183.66667
183.83334
181.00000
184.08334
192.16667
190.83334
193.75000
184.25000
194.16667
193.50000
178.16667
177.25000
179.66667
182.25000
157.91667
168.91667
55.50000
73.75000
100.83334
104.33334
116.58334
139.08334
150.16667
186.83334
198.50000
203.25000
206.16667
207.41667
209.08334
210.66667
209.66667
209.83334
211.50000
210.16667
208.25000
207.75000
205.58334
209.33334
211.83334
215.08334
213.91667
212.83334
204.41667
198.83334
191.91667
198.08334
201.33334
198.91667
198.58334
199.16667
199.16667
198.08334
199.58334
202.25000
200.75000
194.00000
192.16667
192.41667
193.33334
197.83334
177.41667
172.50000
178.58334
180.16667
158.83334
148.66667
62.75000
81.58334
92.50000
107.66667
116.16667
134.41667
149.66667
181.50000
199.25000
204.25000
209.08334
211.50000
213.66667
214.75000
215.08334
214.25000
213.50000
212.83334
212.58334
209.50000
209.25000
211.91667
215.58334
217.33334
216.25000
214.91667
206.50000
202.33334
194.58334
198.25000
204.83334
206.50000
205.41667
204.75000
205.33334
205.66667
208.16667
205.50000
200.83334
194.91667
191.83334
196.91667
194.91667
199.91667
181.75000
173.33334
176.75000
184.08334
172.33334
165.75000
64.33334
76.33334
83.41667
108.66667
114.50000
129.16667
148.08334
177.91667
197.66667
206.50000
210.33334
213.16667
216.66667
217.08334
218.16667
218.16667
217.91667
214.25000
213.08334
210.33334
207.50000
206.41667
210.66667
211.50000
209.16667
208.91667
203.25000
200.08334
196.91667
198.50000
204.83334
209.66667
213.08334
213.75000
213.00000
211.58334
209.58334
204.83334
200.16667
193.25000
195.41667
194.16667
198.83334
196.91667
188.00000
183.16667
178.83334
168.83334
171.08334
167.83334
73.25000
74.75000
79.83334
104.16667
102.41667
122.25000
146.83334
171.16667
195.50000
204.41667
209.91667
213.83334
216.75000
218.66667
220.41667
219.58334
217.33334
216.25000
210.66667
204.16667
201.58334
199.75000
204.33334
208.75000
210.33334
207.58334
200.66667
195.83334
194.91667
193.41667
202.66667
211.16667
214.91667
216.66667
216.50000
215.00000
211.50000
206.16667
201.16667
192.91667
197.00000
186.41667
198.66667
176.08334
170.50000
182.50000
181.75000
164.41667
149.50000
153.75000
78.00000
75.33334
72.50000
100.33334
88.50000
111.25000
145.33334
164.41667
189.25000
202.00000
209.08334
213.41667
217.50000
218.00000
220.75000
220.08334
219.66667
211.91667
204.00000
198.50000
197.66667
199.75000
205.00000
208.50000
208.16667
203.00000
190.66667
182.16667
186.75000
189.91667
201.41667
211.75000
215.08334
217.00000
216.25000
214.91667
210.83334
204.75000
199.41667
190.58334
201.33334
183.50000
202.41667
179.66667
180.00000
184.33334
187.83334
175.50000
167.08334
160.83334
76.33334
71.33334
64.50000
90.25000
86.00000
106.41667
133.75000
159.41667
181.08334
199.25000
205.58334
209.75000
214.41667
217.00000
219.58334
220.08334
217.41667
211.66667
198.08334
197.41667
202.66667
203.33334
210.25000
214.00000
214.08334
206.83334
195.91667
183.33334
185.33334
189.91667
198.33334
210.41667
215.25000
217.00000
217.50000
214.16667
208.50000
202.91667
196.33334
190.25000
195.58334
190.41667
185.91667
178.50000
182.91667
191.83334
182.00000
173.50000
179.00000
162.50000
61.33334
50.50000
59.16667
79.25000
75.75000
104.41667
120.58334
158.00000
171.58334
194.50000
202.00000
206.50000
209.50000
214.08334
217.50000
219.41667
216.41667
210.41667
203.75000
197.25000
195.66667
196.33334
213.00000
221.16667
219.58334
211.83334
198.75000
190.08334
188.25000
187.41667
194.75000
207.75000
214.66667
215.41667
215.66667
212.58334
207.91667
201.41667
190.66667
193.66667
181.83334
202.08334
186.25000
178.25000
188.16667
190.41667
172.83334
146.50000
166.25000
152.50000
57.41667
46.33334
59.08334
72.33334
78.33334
99.91667
114.66667
155.91667
161.16667
187.58334
198.66667
203.50000
206.66667
211.75000
216.00000
215.41667
215.50000
209.66667
203.66667
195.08334
187.91667
181.00000
186.16667
182.00000
179.25000
183.58334
188.66667
185.41667
180.83334
178.50000
193.75000
204.41667
210.25000
213.83334
212.91667
209.66667
204.83334
196.66667
194.25000
195.16667
181.08334
200.00000
179.25000
180.91667
192.66667
195.33334
179.16667
171.91667
155.83334
151.75000
56.41667
52.08334
62.41667
71.16667
83.33334
96.66667
110.50000
149.41667
158.16667
175.58334
194.25000
202.16667
206.58334
210.00000
212.00000
214.33334
212.16667
207.08334
194.33334
190.58334
184.41667
190.66667
177.58334
177.33334
175.75000
176.75000
162.83334
159.66667
166.50000
184.50000
199.41667
207.25000
208.41667
209.50000
209.25000
205.33334
199.41667
188.33334
190.08334
187.66667
184.08334
191.83334
178.33334
200.16667
192.83334
188.50000
173.83334
192.00000
171.50000
147.00000
51.91667
54.25000
70.83334
75.66667
97.58334
94.33334
108.33334
144.91667
156.66667
164.00000
185.83334
198.16667
204.33334
207.33334
210.91667
214.91667
212.75000
211.50000
209.83334
200.83334
195.16667
192.83334
182.25000
186.75000
182.25000
182.41667
180.91667
186.25000
191.50000
203.58334
208.75000
207.50000
207.25000
205.00000
204.00000
199.33334
189.66667
189.91667
180.41667
176.16667
191.08334
189.50000
165.83334
198.41667
195.91667
192.00000
172.41667
174.58334
161.16667
142.08334
47.91667
59.16667
71.50000
62.91667
104.41667
100.00000
116.25000
138.16667
157.16667
160.00000
177.41667
192.83334
200.66667
202.66667
209.41667
214.41667
214.75000
215.75000
215.58334
212.50000
208.16667
206.83334
202.91667
203.41667
205.58334
205.91667
203.33334
206.83334
207.16667
209.66667
209.50000
207.66667
205.66667
201.83334
194.91667
188.41667
186.41667
190.16667
183.75000
175.91667
189.16667
175.25000
179.16667
194.83334
203.16667
198.83334
173.00000
161.91667
152.83334
147.00000
51.58334
62.33334
70.91667
66.16667
101.08334
100.58334
117.83334
126.08334
156.83334
159.00000
174.75000
182.91667
196.41667
198.08334
200.16667
208.41667
210.75000
213.50000
213.66667
213.08334
213.83334
214.58334
211.50000
211.25000
209.58334
209.41667
208.00000
209.16667
206.75000
207.25000
207.08334
204.91667
202.75000
196.75000
187.83334
179.58334
178.16667
181.75000
181.75000
183.33334
194.50000
184.75000
197.50000
198.75000
195.58334
188.08334
189.16667
178.41667
147.25000
145.25000
74.58334
80.66667
83.75000
76.33334
90.08334
101.91667
120.33334
122.16667
147.58334
159.58334
171.66667
180.00000
190.00000
196.16667
199.58334
191.41667
192.08334
195.91667
194.16667
197.66667
201.00000
204.50000
204.58334
202.75000
205.00000
204.41667
202.08334
201.41667
200.75000
200.66667
200.00000
196.75000
191.75000
181.91667
180.41667
182.08334
170.16667
176.08334
177.91667
192.50000
194.83334
180.41667
197.33334
191.25000
190.08334
169.33334
185.08334
168.66667
146.41667
141.16667
92.33334
100.91667
93.25000
104.83334
91.25000
108.83334
113.25000
117.75000
134.25000
161.83334
176.66667
181.08334
191.33334
194.00000
200.16667
201.00000
192.83334
198.25000
199.91667
196.08334
194.50000
184.41667
180.25000
179.66667
180.16667
177.00000
173.16667
179.75000
181.66667
182.08334
176.58334
170.33334
174.91667
179.25000
169.41667
179.75000
180.08334
185.16667
177.66667
203.41667
184.66667
178.50000
202.75000
193.66667
192.08334
166.00000
165.16667
162.00000
146.83334
141.33334
104.58334
102.41667
95.00000
119.75000
97.33334
128.00000
120.66667
125.00000
127.08334
156.66667
170.08334
179.50000
194.08334
196.66667
199.08334
196.50000
188.91667
180.00000
175.41667
169.50000
166.58334
162.83334
161.91667
159.41667
152.33334
148.91667
147.58334
146.75000
146.00000
141.66667
139.33334
148.33334
160.83334
160.25000
181.66667
181.25000
182.08334
185.66667
185.50000
195.00000
169.91667
197.58334
201.50000
197.83334
183.66667
194.00000
159.75000
154.50000
141.41667
119.91667
96.91667
110.33334
92.66667
124.08334
109.08334
134.33334
115.66667
119.25000
121.25000
136.33334
165.00000
173.00000
188.33334
197.41667
198.08334
192.83334
183.50000
175.08334
161.41667
151.41667
143.08334
147.16667
149.66667
150.83334
148.08334
151.33334
151.66667
146.91667
140.91667
136.00000
144.08334
152.58334
168.33334
184.33334
186.58334
182.75000
173.58334
182.41667
204.66667
201.25000
175.50000
204.08334
191.91667
186.91667
167.08334
180.66667
160.66667
146.91667
144.91667
97.50000
96.33334
108.33334
108.16667
123.41667
110.25000
135.83334
114.50000
115.33334
118.16667
119.83334
153.91667
166.75000
182.50000
193.91667
196.66667
192.00000
186.33334
181.83334
172.25000
164.50000
168.16667
170.66667
173.16667
167.25000
169.25000
173.58334
168.75000
163.50000
160.41667
160.00000
168.91667
176.91667
183.08334
193.08334
185.00000
191.66667
183.25000
197.91667
209.25000
188.33334
190.33334
205.66667
196.33334
190.66667
159.00000
141.58334
165.50000
144.91667
141.50000
92.00000
84.16667
101.16667
114.91667
121.91667
100.16667
138.08334
113.66667
106.75000
117.25000
122.16667
138.50000
158.41667
170.16667
189.08334
196.16667
194.83334
190.33334
183.41667
180.25000
178.25000
178.33334
174.75000
175.75000
170.66667
171.00000
171.58334
168.41667
166.91667
162.75000
162.66667
166.66667
179.58334
189.75000
187.08334
182.58334
178.08334
182.08334
200.08334
196.33334
199.58334
208.25000
208.66667
196.00000
180.41667
158.83334
142.33334
147.33334
139.33334
124.08334
82.91667
76.58334
99.41667
115.66667
117.25000
97.33334
124.58334
111.66667
115.08334
116.66667
116.66667
126.75000
137.50000
159.83334
180.25000
192.33334
198.75000
197.58334
196.00000
192.75000
192.58334
188.16667
185.66667
181.25000
173.41667
169.25000
167.16667
166.58334
166.66667
168.58334
174.16667
182.16667
193.25000
189.33334
180.00000
181.58334
167.41667
178.41667
182.83334
180.00000
196.66667
208.16667
194.41667
195.41667
160.66667
157.91667
140.33334
135.58334
129.66667
104.33334
102.00000
75.33334
107.50000
115.91667
114.25000
107.50000
118.41667
111.66667
108.41667
113.83334
106.83334
112.08334
121.66667
145.58334
166.33334
182.41667
194.33334
199.83334
197.08334
196.08334
196.91667
195.83334
197.91667
195.00000
191.08334
190.66667
190.08334
192.58334
188.33334
185.41667
183.83334
192.58334
192.00000
178.16667
173.16667
168.08334
170.16667
171.50000
169.41667
174.58334
193.50000
204.41667
181.08334
189.33334
160.08334
135.75000
130.50000
110.75000
106.66667
97.58334
130.25000
63.33334
110.00000
113.33334
111.08334
114.50000
120.83334
112.50000
104.58334
110.41667
98.50000
102.83334
103.16667
126.66667
158.66667
169.33334
183.58334
197.91667
197.83334
194.58334
199.75000
202.66667
204.08334
204.33334
201.33334
199.25000
199.41667
198.16667
194.16667
188.83334
184.50000
180.16667
168.33334
165.16667
166.66667
161.66667
166.08334
169.08334
164.33334
166.16667
196.41667
187.08334
171.58334
174.08334
155.58334
142.08334
104.75000
100.08334
109.91667
96.41667
148.58334
75.25000
102.16667
111.41667
104.91667
123.00000
125.00000
119.16667
102.41667
103.83334
98.16667
103.08334
94.00000
105.00000
137.33334
160.00000
172.08334
187.41667
194.83334
190.91667
196.25000
203.08334
207.50000
209.00000
206.66667
203.50000
201.41667
198.16667
196.50000
189.16667
180.83334
170.00000
167.66667
165.25000
164.75000
162.58334
175.75000
167.58334
161.83334
152.16667
165.75000
142.00000
150.58334
143.75000
154.50000
128.50000
116.50000
107.66667
107.16667
99.41667
123.75000
86.66667
98.00000
114.91667
118.75000
128.25000
121.16667
118.50000
107.50000
105.00000
94.08334
90.75000
77.25000
92.75000
117.16667
134.58334
151.33334
165.91667
183.00000
186.33334
189.50000
195.25000
200.91667
203.83334
200.91667
198.00000
198.25000
199.08334
194.41667
182.83334
173.66667
170.00000
165.83334
160.25000
168.66667
166.58334
164.50000
156.75000
139.25000
128.83334
132.58334
122.83334
146.91667
150.50000
157.91667
112.66667
97.00000
91.41667
93.91667
101.25000
99.83334
92.91667
92.25000
115.25000
125.41667
132.25000
114.91667
117.50000
105.41667
108.66667
107.33334
104.33334
86.16667
94.08334
104.33334
115.00000
122.08334
141.00000
155.16667
173.08334
181.25000
187.33334
187.41667
189.00000
189.66667
194.00000
194.08334
190.33334
184.25000
175.00000
165.16667
161.25000
160.25000
157.25000
166.66667
156.33334
146.75000
123.58334
123.91667
122.58334
122.83334
133.91667
137.91667
132.66667
132.00000
106.25000
90.75000
92.00000
91.25000
102.75000
98.75000
113.91667
106.33334
120.25000
129.75000
134.91667
115.00000
110.25000
113.58334
115.75000
114.58334
111.16667
96.16667
96.33334
105.00000
111.66667
110.41667
117.25000
132.91667
146.08334
161.41667
168.16667
172.25000
181.00000
184.66667
183.58334
185.91667
187.41667
181.50000
165.33334
155.66667
150.75000
153.00000
147.83334
150.00000
141.08334
133.16667
121.50000
134.00000
122.75000
123.00000
127.66667
131.33334
128.33334
119.25000
115.25000
106.16667
107.08334
97.66667
96.66667
105.00000
123.33334
114.50000
123.75000
125.16667
125.00000
110.91667
113.66667
118.16667
115.66667
110.75000
111.25000
100.66667
104.91667
112.50000
117.00000
109.58334
112.83334
123.25000
131.00000
144.08334
153.66667
158.16667
166.66667
172.33334
176.08334
172.91667
168.00000
159.50000
156.00000
153.50000
151.25000
143.75000
136.91667
141.16667
141.16667
139.75000
137.66667
138.08334
129.50000
132.08334
137.75000
155.00000
145.58334
133.75000
123.50000
124.58334
134.41667
114.00000
105.08334
113.00000
