55.33333
50.66667
40.44445
34.55556
28.11111
24.55556
16.33333
16.00000
17.88889
20.33333
29.55556
38.66667
54.66667
71.66666
81.88889
89.33334
100.44444
110.22222
111.11111
114.00000
119.44444
119.44444
115.33334
115.88889
118.33334
121.00000
117.66666
116.11111
118.88889
123.66666
120.66666
114.33334
110.22222
96.77778
90.11111
76.55556
61.22222
50.66667
41.11111
29.77778
23.44444
17.88889
20.88889
29.44444
29.77778
38.66667
53.11111
57.88889
68.88889
68.66666
54.00000
48.33333
35.77778
30.11111
24.00000
20.66667
15.11111
18.55556
27.77778
36.00000
46.11111
63.11111
76.11111
91.66666
103.22222
110.22222
114.44444
120.11111
123.11111
127.44444
128.55556
128.00000
133.66667
135.11111
134.44444
133.44444
128.44444
129.88889
133.88889
134.88889
132.55556
127.55556
123.11111
116.11111
107.66666
98.00000
83.33334
67.55556
53.00000
43.66667
33.00000
22.44444
24.22222
28.11111
30.88889
37.11111
50.33333
54.44445
69.11111
66.55556
52.88889
43.11111
33.00000
27.55556
21.55556
16.44444
13.88889
23.33333
34.11111
50.22222
65.77778
81.55556
93.22222
102.00000
110.00000
114.55556
118.11111
123.00000
128.22223
128.88889
131.22223
137.55556
140.88889
140.33333
140.22223
139.00000
138.00000
137.33333
138.44444
137.66667
136.33333
136.33333
132.88889
125.77778
117.33334
108.22222
99.66666
83.88889
68.55556
54.55556
45.66667
30.88889
27.33333
28.55556
34.22222
35.77778
46.11111
52.88889
68.11111
65.11111
49.66667
41.77778
31.77778
24.77778
18.00000
13.33333
16.88889
29.77778
46.66667
64.88889
77.44444
93.22222
98.33334
105.00000
110.33334
116.00000
119.33334
127.33334
130.66667
131.77779
139.88889
143.22223
143.44444
141.77779
141.22223
141.55556
140.66667
141.33333
138.88889
137.66667
137.11111
136.55556
135.11111
129.88889
121.44444
113.22222
102.00000
92.11111
80.22222
65.00000
49.22222
37.77778
32.22222
28.55556
33.22222
35.77778
42.55556
51.44445
63.88889
65.33334
49.88889
39.55556
30.77778
21.88889
17.33333
15.77778
22.44444
38.55556
58.00000
74.11111
83.33334
94.77778
100.22222
105.00000
110.33334
115.88889
123.77778
129.55556
131.33333
139.33333
142.66667
144.66667
144.66667
143.22223
142.11111
142.11111
141.88889
140.44444
139.77779
139.55556
137.44444
135.77779
133.77779
129.66667
123.55556
115.77778
104.22222
93.55556
84.33334
74.33334
57.44445
43.11111
38.77778
28.44444
30.66667
35.11111
38.88889
49.77778
60.55556
60.66667
48.00000
39.22222
29.88889
20.55556
16.22222
17.88889
27.22222
45.88889
65.77778
77.22222
84.22222
95.11111
100.22222
104.22222
110.11111
116.66666
125.88889
130.22223
138.66667
142.44444
143.22223
145.33333
144.88889
144.11111
144.33333
143.22223
142.66667
142.22223
141.00000
138.44444
137.55556
134.00000
132.33333
128.44444
123.11111
114.44444
105.22222
93.77778
85.55556
76.33334
63.77778
47.66667
39.55556
32.00000
29.22222
32.77778
36.55556
49.44445
60.22222
60.77778
47.55556
38.00000
31.00000
19.88889
16.44444
19.66667
29.33333
48.44445
68.55556
76.66666
84.44444
94.66666
98.66666
103.77778
109.88889
120.55556
127.00000
134.11111
141.44444
141.44444
143.77779
145.66667
145.11111
144.66667
144.44444
143.88889
146.11111
145.22223
142.55556
139.33333
137.88889
134.88889
130.77779
127.44444
121.44444
112.88889
105.11111
96.55556
88.00000
76.77778
65.33334
48.55556
40.66667
34.11111
30.00000
30.77778
35.00000
49.55556
60.88889
59.77778
43.66667
37.77778
32.00000
21.11111
16.88889
20.11111
30.22222
51.66667
69.11111
78.88889
86.55556
95.11111
97.55556
103.33334
111.44444
123.66666
129.33333
138.77779
141.11111
144.00000
145.00000
145.33333
146.44444
146.22223
145.77779
147.88889
148.88889
146.44444
144.33333
143.11111
140.22223
137.44444
132.66667
128.66667
122.00000
113.77778
104.77778
99.77778
90.44444
81.44444
68.44444
48.00000
37.88889
35.88889
28.55556
32.55556
34.33333
46.88889
59.00000
60.00000
43.11111
37.22222
31.44444
20.11111
16.00000
18.44444
29.11111
54.22222
69.88889
79.33334
85.55556
92.77778
98.44444
104.88889
116.88889
124.88889
134.77779
141.77779
148.22223
151.44444
153.66667
153.00000
151.77779
152.00000
151.22223
151.55556
151.33333
152.00000
150.77779
150.33333
144.88889
140.88889
136.55556
131.11111
125.44444
117.88889
108.11111
98.44444
93.00000
81.00000
72.11111
51.66667
38.88889
35.77778
32.44445
30.44444
31.66667
45.22222
58.22222
56.88889
45.66667
41.11111
32.33333
19.88889
14.44444
19.22222
36.55556
55.33333
71.22222
77.00000
85.88889
93.55556
98.77778
110.00000
118.55556
132.33333
141.88889
147.77779
152.22223
155.77779
158.00000
158.44444
159.66667
160.33333
158.33333
158.77779
160.55556
161.00000
159.33333
158.44444
153.33333
145.22223
140.33333
135.55556
129.33333
121.11111
110.88889
102.00000
93.33334
85.88889
72.66666
61.44445
45.11111
36.44445
33.88889
32.44445
29.88889
42.44445
52.77778
54.55556
49.11111
45.00000
35.66667
18.88889
14.55556
24.55556
40.88889
57.22222
71.88889
79.44444
87.66666
94.77778
101.88889
111.77778
126.88889
137.22223
143.66667
147.77779
152.11111
154.44444
157.22223
160.11111
163.22223
163.66667
165.33333
166.55556
167.33333
165.66667
162.33333
159.33333
155.77779
151.33333
144.11111
139.11111
133.88889
125.11111
115.00000
104.55556
94.88889
88.77778
78.11111
69.22222
55.55556
43.88889
35.55556
34.66667
33.00000
40.88889
50.88889
53.00000
53.00000
44.33333
38.22222
21.00000
19.11111
31.55556
48.44445
63.33333
75.55556
80.88889
88.66666
94.33334
102.22222
113.11111
121.33334
127.11111
133.22223
138.44444
146.55556
150.22223
153.88889
159.44444
164.22223
166.00000
167.11111
167.55556
167.00000
165.88889
161.77779
156.33333
151.22223
147.44444
143.11111
139.11111
130.44444
119.44444
108.33334
94.33334
89.44444
87.55556
80.77778
76.11111
66.00000
54.55556
40.33333
33.44445
41.00000
44.00000
52.22222
50.66667
53.33333
49.11111
38.55556
22.33333
23.22222
36.44445
53.00000
66.22222
78.44444
80.22222
87.88889
97.88889
101.33334
108.33334
115.22222
123.22222
127.66666
130.33333
134.44444
142.55556
150.00000
157.11111
161.66667
164.11111
164.88889
164.66667
163.33333
158.44444
153.22223
145.55556
141.33333
132.44444
117.11111
102.22222
90.66666
79.55556
66.77778
59.77778
54.44445
60.22222
72.88889
74.77778
75.33334
68.11111
47.33333
37.77778
43.88889
52.22222
59.44445
54.22222
52.55556
53.22222
46.11111
28.33333
28.88889
36.11111
55.55556
70.77778
79.11111
83.66666
89.22222
84.44444
88.33334
94.77778
101.55556
106.66666
109.11111
113.33334
121.00000
136.55556
144.00000
152.00000
157.11111
160.55556
161.88889
159.66667
155.22223
147.33333
140.33333
124.55556
111.66666
94.77778
76.55556
72.22222
65.77778
67.88889
75.55556
77.88889
67.22222
54.00000
48.66667
63.66667
75.77778
76.11111
54.66667
44.88889
46.00000
50.77778
64.44444
64.11111
51.11111
57.44445
57.88889
42.44445
36.44445
37.77778
63.66667
75.55556
80.88889
78.66666
68.00000
72.00000
79.22222
83.00000
82.88889
84.00000
86.11111
92.22222
103.88889
124.77778
134.88889
143.66667
152.55556
157.11111
159.11111
155.11111
148.88889
139.77779
127.00000
112.22222
97.88889
88.55556
74.77778
79.66666
92.44444
104.00000
108.00000
108.44444
98.33334
79.22222
62.00000
54.44445
70.77778
78.66666
63.00000
51.44445
48.11111
54.55556
65.66666
74.33334
47.66667
63.66667
60.66667
52.22222
51.44445
47.55556
74.77778
84.55556
78.44444
72.33334
85.77778
93.33334
98.88889
99.88889
97.11111
94.77778
92.44444
97.11111
104.11111
115.55556
127.66666
138.33333
148.22223
154.44444
155.11111
151.55556
145.11111
137.00000
124.88889
110.88889
104.33334
93.88889
94.55556
101.22222
111.22222
116.77778
122.44444
125.33334
120.66666
107.77778
91.88889
67.00000
69.66666
84.11111
79.00000
58.55556
50.00000
55.55556
63.88889
72.77778
48.77778
67.44444
63.88889
57.22222
59.55556
58.00000
87.22222
92.66666
87.66666
95.44444
103.55556
109.33334
111.55556
107.33334
97.88889
90.11111
84.33334
90.44444
98.11111
113.22222
123.88889
136.44444
147.88889
154.55556
154.55556
151.11111
142.66667
133.66667
115.88889
104.44444
101.33334
96.11111
101.11111
93.00000
90.33334
94.33334
98.55556
102.55556
112.33334
113.77778
112.33334
99.33334
88.55556
98.11111
90.88889
64.88889
52.66667
58.88889
66.44444
72.88889
47.77778
65.22222
68.44444
64.11111
64.44444
65.11111
93.00000
98.33334
103.11111
104.44444
104.22222
98.44444
93.55556
81.11111
85.11111
70.88889
69.44444
83.22222
99.33334
110.77778
117.44444
133.77779
146.44444
154.11111
157.77779
151.22223
139.44444
129.33333
110.88889
101.22222
105.77778
107.77778
108.11111
74.22222
64.77778
53.22222
61.33333
72.33334
82.44444
105.00000
115.77778
111.77778
106.66666
106.22222
98.66666
70.11111
57.88889
66.88889
78.00000
75.00000
49.55556
59.55556
70.33334
67.33334
68.44444
77.22222
107.88889
111.88889
111.33334
108.55556
106.22222
93.66666
88.88889
79.33334
61.77778
72.88889
72.77778
97.00000
112.55556
116.11111
112.00000
128.33333
142.77779
152.88889
157.44444
152.44444
139.55556
122.44444
106.77778
106.77778
114.00000
128.44444
134.11111
90.22222
58.66667
57.44445
74.00000
59.00000
63.22222
92.66666
113.44444
115.00000
114.55556
115.66666
103.88889
78.33334
63.33333
68.00000
79.00000
75.44444
50.77778
57.55556
67.66666
69.66666
71.11111
81.44444
112.00000
114.77778
111.77778
106.44444
105.55556
88.11111
75.44444
100.33334
79.33334
66.00000
65.44444
117.22222
123.77778
113.00000
114.66666
125.88889
140.77779
150.55556
155.88889
152.55556
139.77779
120.22222
109.55556
112.66666
106.77778
134.66667
129.66667
87.00000
64.55556
72.77778
84.44444
67.55556
70.66666
93.22222
118.66666
122.00000
123.55556
121.66666
108.33334
88.11111
68.11111
70.11111
81.44444
78.11111
50.11111
59.66667
64.33334
73.55556
74.88889
93.00000
115.66666
121.88889
118.11111
120.00000
121.00000
92.66666
86.55556
102.77778
98.22222
77.66666
87.88889
119.22222
118.22222
111.77778
118.88889
129.66667
139.66667
148.66667
154.22223
152.11111
141.55556
125.22222
117.44444
116.44444
118.11111
117.77778
119.88889
118.11111
112.00000
107.11111
99.55556
99.66666
107.44444
120.22222
130.55556
130.44444
132.00000
124.88889
111.11111
92.88889
73.88889
78.55556
90.22222
78.11111
59.88889
68.11111
65.55556
77.00000
77.22222
94.22222
117.77778
123.88889
126.00000
127.55556
135.22223
124.22222
115.77778
108.11111
108.44444
105.33334
107.44444
114.11111
121.44444
118.55556
126.44444
135.88889
139.33333
148.88889
155.22223
154.00000
144.77779
128.66667
121.22222
120.33334
119.11111
115.22222
117.88889
122.77778
127.22222
129.77779
132.00000
136.33333
140.11111
141.55556
139.44444
134.66667
135.22223
126.66666
112.11111
95.44444
82.44444
85.33334
93.22222
81.11111
68.44444
69.00000
69.88889
73.77778
76.00000
96.33334
118.33334
123.77778
128.11111
130.77779
140.55556
137.88889
131.44444
133.66667
133.44444
127.33334
124.66666
121.77778
122.11111
128.55556
136.66667
139.77779
142.11111
149.66667
157.11111
155.33333
147.22223
133.11111
124.11111
126.66666
130.44444
129.44444
127.22222
130.66667
136.11111
139.88889
142.44444
143.55556
144.88889
143.22223
141.44444
135.22223
135.00000
127.33334
113.66666
99.77778
87.66666
91.00000
91.44444
83.33334
73.33334
73.66666
77.44444
71.66666
75.55556
99.00000
117.55556
121.66666
126.33334
129.22223
140.00000
135.55556
139.00000
140.44444
140.88889
138.00000
133.88889
133.66667
137.00000
140.88889
142.00000
141.00000
145.11111
151.22223
157.88889
157.00000
152.00000
135.55556
122.77778
130.33333
139.00000
143.77779
139.44444
139.88889
142.77779
144.44444
145.33333
146.66667
146.44444
145.22223
141.77779
136.22223
131.44444
126.66666
114.44444
105.88889
99.77778
93.33334
86.22222
83.88889
76.88889
79.00000
81.77778
73.77778
74.66666
100.66666
117.55556
123.22222
125.77778
129.66667
142.77779
144.11111
144.88889
144.22223
144.77779
145.44444
144.33333
146.66667
148.11111
146.44444
143.66667
145.00000
148.66667
150.55556
157.88889
157.77779
155.88889
142.66667
126.33334
127.44444
142.11111
149.33333
150.77779
148.11111
149.44444
148.88889
148.77779
148.22223
145.55556
145.88889
144.22223
137.77779
132.11111
122.66666
113.33334
107.88889
101.55556
93.44444
84.66666
84.44444
78.66666
85.88889
92.77778
83.77778
78.44444
100.88889
116.11111
122.00000
127.33334
133.44444
146.22223
148.11111
147.22223
148.33333
150.33333
151.11111
152.55556
153.00000
153.55556
148.44444
145.33333
147.44444
147.66667
150.44444
159.00000
159.44444
156.11111
146.22223
132.77779
123.11111
142.88889
154.66667
157.00000
156.44444
156.88889
156.44444
155.00000
153.44444
152.66667
150.11111
144.66667
138.66667
133.22223
120.00000
112.88889
109.88889
101.22222
93.22222
88.77778
87.00000
79.55556
90.11111
94.44444
95.00000
80.44444
100.11111
115.11111
122.11111
127.33334
131.77779
148.88889
151.55556
152.88889
152.55556
153.11111
154.33333
157.11111
158.22223
157.33333
150.88889
146.33333
146.22223
141.66667
150.66667
159.88889
158.00000
154.00000
150.00000
139.88889
125.00000
134.22223
155.44444
160.88889
160.77779
161.00000
160.22223
158.55556
157.66667
155.66667
151.00000
145.22223
138.88889
132.66667
119.77778
114.11111
110.33334
102.55556
96.33334
93.66666
90.44444
71.22222
94.22222
103.22222
105.66666
92.33334
99.55556
113.00000
122.44444
128.44444
135.22223
149.44444
153.77779
153.77779
156.00000
157.88889
159.88889
161.22223
162.66667
158.11111
150.88889
143.66667
137.88889
136.44444
150.22223
157.00000
154.77779
150.00000
147.55556
143.55556
132.22223
131.11111
152.22223
161.77779
162.88889
161.77779
160.88889
160.77779
160.00000
155.77779
150.44444
146.33333
140.22223
131.33333
121.11111
114.00000
110.66666
105.77778
102.00000
101.33334
96.66666
67.22222
94.66666
105.11111
106.77778
100.11111
99.11111
113.88889
121.11111
127.33334
134.44444
149.33333
154.44444
157.11111
160.11111
162.00000
163.77779
164.77779
163.33333
158.88889
147.77779
133.33333
131.00000
134.44444
146.77779
152.55556
150.77779
146.33333
140.33333
139.88889
130.22223
131.44444
150.77779
158.77779
163.33333
163.44444
162.55556
161.88889
161.00000
156.77779
151.11111
145.66667
139.77779
127.66666
120.33334
112.22222
108.33334
105.33334
108.88889
105.44444
95.77778
66.11111
84.66666
102.77778
113.00000
103.22222
101.66666
110.66666
120.55556
127.55556
133.55556
149.22223
155.33333
159.11111
162.22223
164.33333
165.88889
166.11111
162.88889
159.55556
148.00000
129.66667
133.66667
147.22223
159.55556
165.44444
164.66667
158.11111
146.33333
135.66667
129.11111
135.66667
148.55556
157.77779
164.11111
163.44444
162.66667
160.44444
159.00000
156.88889
151.22223
145.55556
138.22223
126.11111
118.22222
110.44444
107.77778
107.00000
110.33334
107.00000
100.55556
70.44444
84.88889
102.11111
113.44444
106.11111
103.77778
110.88889
119.22222
125.55556
132.66667
148.22223
154.77779
160.22223
163.22223
165.44444
166.55556
166.77779
161.44444
158.22223
150.66667
138.00000
142.44444
150.44444
157.00000
160.44444
163.77779
156.77779
148.11111
137.77779
133.88889
135.22223
147.33333
159.22223
164.66667
163.66667
162.88889
159.88889
157.55556
155.33333
150.44444
143.22223
136.55556
126.22222
118.22222
111.66666
110.66666
108.77778
111.55556
107.44444
100.44444
72.11111
85.88889
94.22222
104.88889
111.77778
103.22222
109.22222
117.22222
125.33334
131.66667
147.77779
155.22223
159.88889
163.00000
164.66667
166.00000
166.44444
161.00000
157.66667
152.11111
141.66667
139.44444
139.55556
142.00000
148.44444
151.88889
149.33333
137.22223
118.33334
117.44444
135.33333
154.00000
162.00000
164.77779
163.33333
161.44444
158.55556
156.11111
154.88889
149.88889
142.66667
135.00000
124.88889
118.55556
110.44444
110.33334
110.00000
107.55556
108.44444
98.44444
72.88889
78.77778
92.33334
102.44444
105.22222
102.66666
107.33334
114.66666
124.66666
131.66667
145.88889
155.66667
159.33333
162.11111
164.55556
165.44444
165.44444
160.66667
156.11111
151.00000
148.77779
142.55556
138.00000
139.44444
147.77779
148.11111
146.11111
137.44444
134.66667
140.22223
152.22223
158.11111
160.55556
162.55556
163.11111
160.66667
157.55556
152.55556
151.88889
147.22223
142.00000
134.66667
123.11111
118.22222
109.33334
110.77778
111.11111
107.11111
103.11111
95.00000
71.33334
72.11111
95.66666
100.55556
101.44444
100.66666
106.00000
113.55556
122.33334
129.77779
143.55556
154.11111
158.77779
160.11111
163.22223
163.66667
163.88889
160.66667
159.22223
154.66667
152.33333
152.00000
148.88889
151.00000
153.88889
152.88889
150.55556
147.11111
148.66667
155.66667
157.33333
156.00000
157.00000
159.66667
161.88889
159.33333
155.22223
150.44444
150.00000
145.11111
139.88889
131.22223
122.77778
116.00000
111.55556
112.11111
112.66666
107.33334
100.66666
97.55556
62.55556
69.00000
86.55556
99.44444
103.44444
96.88889
103.33334
114.77778
122.22222
128.88889
140.11111
151.88889
156.66667
158.66667
160.33333
161.44444
161.88889
159.44444
157.33333
154.44444
152.22223
154.77779
155.66667
156.22223
157.00000
157.00000
159.11111
158.44444
156.33333
154.22223
153.22223
153.77779
152.44444
151.55556
157.11111
158.11111
155.77779
153.22223
149.88889
144.22223
138.88889
128.22223
121.88889
115.88889
111.33334
112.66666
112.88889
108.88889
103.11111
98.77778
53.55556
61.55556
70.77778
93.33334
103.00000
100.22222
99.88889
113.11111
118.44444
127.55556
135.00000
150.44444
153.88889
156.33333
157.77779
159.66667
158.11111
155.22223
151.77779
148.22223
148.88889
151.77779
152.22223
153.22223
154.22223
153.44444
153.66667
151.33333
147.11111
144.66667
143.44444
146.66667
146.11111
145.66667
150.77779
148.88889
146.55556
147.66667
147.11111
143.55556
136.33333
125.55556
121.77778
116.00000
112.55556
113.66666
114.00000
114.44444
109.00000
96.44444
64.00000
67.55556
72.66666
91.55556
103.11111
104.55556
107.44444
114.66666
115.55556
125.66666
131.33333
146.55556
151.00000
154.44444
154.44444
157.66667
154.55556
149.66667
146.44444
145.11111
146.88889
146.22223
146.00000
143.77779
142.33333
142.33333
143.33333
138.66667
135.88889
132.55556
130.77779
138.66667
145.66667
146.00000
146.00000
147.44444
147.00000
149.22223
147.11111
143.00000
134.44444
125.77778
122.55556
118.33334
113.22222
118.11111
116.88889
114.33334
108.44444
97.00000
65.77778
71.33334
74.55556
87.88889
100.00000
104.88889
101.00000
112.44444
117.22222
123.00000
130.22223
142.22223
148.00000
150.88889
155.22223
155.55556
150.33333
143.22223
142.00000
141.22223
141.77779
138.66667
137.55556
137.77779
137.55556
138.77779
134.33333
128.33333
135.11111
133.11111
128.77779
125.77778
128.11111
140.77779
149.44444
151.66667
154.77779
152.88889
147.44444
140.44444
132.11111
127.33334
122.11111
118.11111
117.22222
123.44444
117.77778
116.77778
108.00000
96.44444
68.00000
69.66666
76.11111
84.77778
99.66666
104.55556
100.11111
107.66666
115.66666
116.22222
127.55556
133.88889
144.88889
148.11111
154.22223
154.00000
149.44444
137.22223
125.88889
122.22222
117.88889
118.66666
120.33334
122.66666
129.44444
126.44444
133.33333
130.66667
127.44444
121.22222
110.11111
105.88889
116.55556
134.11111
150.11111
155.11111
155.00000
150.33333
144.44444
137.55556
131.33333
127.11111
122.88889
119.77778
117.22222
124.66666
120.77778
116.00000
108.44444
94.55556
67.22222
70.77778
75.33334
78.11111
90.55556
100.44444
99.33334
104.55556
109.77778
113.00000
125.77778
132.88889
143.33333
143.66667
153.22223
154.11111
147.44444
128.55556
114.11111
104.77778
105.55556
112.66666
121.44444
122.11111
124.11111
119.33334
121.00000
127.11111
128.88889
124.33334
117.55556
111.33334
125.44444
144.22223
153.33333
156.55556
154.66667
149.22223
141.00000
136.44444
132.33333
126.44444
125.00000
120.11111
116.88889
121.11111
121.66666
115.22222
110.33334
98.00000
68.55556
72.88889
82.44444
82.33334
91.22222
96.55556
99.55556
100.66666
116.77778
114.44444
117.88889
130.55556
142.00000
148.00000
151.77779
151.11111
148.66667
145.55556
135.66667
129.11111
129.11111
130.88889
134.88889
139.11111
142.55556
144.33333
149.55556
150.66667
143.22223
132.00000
121.66666
122.22222
137.22223
148.77779
154.66667
154.22223
151.55556
145.00000
140.33333
137.22223
133.66667
127.22222
124.66666
123.33334
121.88889
119.00000
120.33334
114.33334
108.55556
99.44444
79.11111
81.77778
86.88889
87.22222
92.33334
98.66666
99.22222
102.88889
117.55556
114.33334
111.55556
129.55556
138.88889
147.00000
148.22223
148.00000
146.44444
144.33333
141.44444
142.11111
139.33333
142.33333
143.22223
145.11111
146.22223
149.88889
151.66667
147.33333
138.66667
135.44444
134.00000
140.00000
143.88889
149.33333
149.88889
146.44444
146.33333
142.11111
140.00000
138.33333
131.33333
126.66666
124.55556
124.00000
124.33334
122.11111
113.33334
110.22222
105.11111
98.33334
76.22222
84.33334
90.44444
90.22222
95.66666
97.44444
100.33334
103.77778
109.55556
121.11111
120.22222
125.44444
134.66667
146.11111
148.77779
149.22223
148.88889
138.22223
143.44444
149.55556
145.00000
146.55556
146.88889
147.22223
147.44444
146.55556
144.33333
142.00000
141.00000
140.88889
143.88889
145.66667
148.88889
151.44444
149.22223
147.66667
145.55556
141.33333
140.11111
137.11111
131.11111
127.00000
124.77778
120.88889
116.44444
127.77778
120.33334
112.44444
104.44444
98.88889
74.33334
83.44444
90.66666
92.33334
96.11111
101.44444
103.22222
98.88889
106.77778
118.44444
119.11111
121.55556
130.33333
141.22223
147.22223
149.11111
147.22223
145.88889
146.11111
150.77779
149.33333
152.66667
151.55556
148.66667
145.44444
144.00000
146.22223
147.11111
147.44444
149.66667
151.66667
152.44444
153.11111
153.33333
151.22223
147.88889
143.88889
141.22223
139.33333
137.55556
131.11111
125.66666
125.44444
122.00000
116.44444
122.00000
125.66666
117.77778
106.00000
101.00000
73.11111
83.88889
90.55556
92.44444
99.00000
98.44444
103.44444
100.00000
104.44444
110.11111
119.77778
121.11111
125.22222
135.11111
146.77779
148.22223
148.00000
146.66667
150.44444
152.55556
155.22223
155.22223
154.55556
154.44444
154.55556
156.44444
157.33333
157.11111
157.22223
158.66667
158.66667
156.88889
154.00000
152.77779
150.00000
146.22223
142.33333
139.77779
138.00000
134.77779
129.66667
124.22222
124.55556
121.44444
118.11111
114.44444
125.88889
124.22222
114.88889
99.88889
72.00000
85.22222
90.00000
96.77778
91.55556
101.33334
103.55556
97.66666
99.22222
106.88889
117.11111
120.11111
124.00000
130.55556
142.33333
147.44444
148.33333
147.77779
151.77779
155.11111
157.44444
159.00000
161.55556
161.00000
162.44444
164.22223
163.77779
162.66667
162.66667
163.33333
161.22223
157.44444
152.11111
150.66667
148.00000
144.33333
141.00000
139.22223
136.77779
133.77779
127.77778
124.22222
128.88889
128.44444
126.11111
124.66666
129.44444
125.55556
120.22222
111.22222
87.55556
96.44444
100.44444
103.11111
91.22222
98.11111
99.77778
98.66666
101.44444
104.44444
114.11111
116.66666
122.88889
129.11111
134.22223
144.33333
147.66667
148.11111
151.88889
156.11111
159.66667
162.44444
162.55556
163.55556
166.55556
168.55556
166.88889
164.00000
163.66667
163.88889
160.66667
156.66667
150.55556
148.22223
145.44444
141.44444
138.77779
139.55556
135.44444
130.33333
127.77778
124.00000
126.33334
130.00000
124.44444
129.44444
135.22223
128.77779
119.00000
115.00000
83.44444
95.88889
100.55556
107.55556
95.33334
107.44444
109.44444
111.44444
111.22222
104.77778
107.44444
113.00000
120.44444
128.00000
134.22223
139.11111
145.11111
148.55556
150.66667
155.11111
159.11111
161.55556
162.77779
163.66667
167.44444
168.44444
166.55556
162.33333
162.77779
162.22223
160.11111
155.00000
149.77779
145.77779
141.11111
137.33333
136.88889
137.88889
134.00000
132.44444
126.33334
125.33334
123.66666
126.00000
125.11111
137.00000
131.44444
137.44444
126.88889
118.22222
100.66666
101.44444
120.11111
120.11111
104.55556
110.88889
114.44444
120.77778
101.66666
104.22222
114.55556
122.11111
126.33334
132.77779
141.11111
141.44444
143.55556
146.44444
150.00000
154.00000
157.33333
158.88889
159.00000
160.44444
161.88889
163.22223
163.22223
160.44444
158.33333
158.66667
157.11111
153.44444
148.11111
143.66667
139.33333
136.55556
136.00000
135.77779
132.55556
131.11111
127.44444
125.44444
125.33334
124.11111
126.33334
140.77779
129.66667
143.22223
135.88889
118.22222
111.00000
103.22222
123.77778
122.88889
112.00000
114.77778
121.66666
124.44444
106.77778
110.66666
121.77778
127.11111
130.00000
133.44444
140.11111
143.88889
144.11111
145.55556
147.00000
152.77779
154.66667
154.22223
157.77779
158.33333
159.77779
160.33333
161.00000
159.66667
156.88889
156.33333
154.55556
151.22223
144.66667
140.44444
138.55556
135.55556
135.11111
133.33333
131.55556
131.00000
129.44444
127.22222
127.11111
124.88889
136.66667
136.11111
127.66666
145.44444
140.22223
127.88889
