105.08334
93.91667
82.83334
69.16667
49.00000
34.08334
24.66667
18.75000
10.00000
16.83333
17.58333
21.83333
21.33333
27.00000
35.33334
34.41667
35.66667
38.16667
48.58334
46.75000
46.25000
54.50000
65.16667
82.58334
95.16667
87.16667
96.50000
99.33334
106.50000
97.58334
77.58334
71.33334
52.66667
40.91667
33.75000
23.08333
23.75000
21.83333
20.75000
22.25000
18.66667
26.91667
39.00000
49.25000
47.83334
57.25000
54.08334
61.91667
68.33334
67.16667
103.66667
84.50000
75.41667
57.75000
48.75000
31.16667
24.00000
17.41667
19.41667
17.16667
21.33333
31.08333
32.75000
40.75000
52.66667
55.33334
61.25000
62.41667
70.75000
67.25000
79.41667
99.16667
114.33334
137.91667
141.66667
138.16667
151.50000
159.66667
159.58334
148.33334
134.66667
112.66667
90.25000
72.33334
53.66667
37.83334
29.41667
23.50000
21.91667
20.25000
23.41667
30.75000
34.33334
45.25000
47.75000
54.41667
56.33334
62.16667
69.25000
73.66667
92.00000
77.33334
70.91667
48.58334
48.16667
25.66667
22.58333
14.75000
21.08333
22.66667
32.83334
44.66667
63.00000
74.08334
69.83334
80.33334
85.66667
86.66667
91.75000
110.25000
129.33334
138.50000
154.08334
165.00000
169.75000
185.00000
180.50000
191.50000
192.75000
190.25000
179.41667
160.75000
137.16667
125.00000
88.41667
60.58334
45.41667
35.75000
30.83333
23.66667
21.66667
24.00000
29.75000
40.33334
49.58334
56.75000
57.00000
64.16667
66.75000
76.91667
87.91667
74.41667
71.41667
49.91667
49.08334
25.50000
25.50000
18.33333
30.25000
37.25000
50.66667
68.33334
93.25000
96.33334
101.75000
100.16667
109.50000
116.25000
135.08334
152.83334
164.25000
172.25000
176.66667
187.58334
196.00000
195.00000
205.91667
210.91667
217.00000
212.50000
207.50000
196.16667
188.75000
171.16667
140.50000
98.33334
65.83334
44.33334
43.66667
37.75000
27.25000
25.83333
33.33334
42.41667
50.66667
56.50000
57.08334
62.50000
66.66667
69.16667
80.41667
74.08334
63.25000
49.66667
45.50000
22.91667
29.00000
31.00000
47.08334
50.91667
75.08334
99.91667
117.75000
122.16667
124.58334
129.16667
143.08334
152.66667
166.33334
187.58334
186.91667
189.25000
191.50000
204.00000
204.25000
208.00000
212.91667
216.50000
219.25000
218.16667
221.33334
212.58334
206.66667
199.66667
184.00000
144.91667
101.41667
72.66667
56.91667
41.00000
32.83334
30.50000
30.50000
37.16667
50.50000
55.58334
60.50000
64.16667
64.91667
73.75000
81.41667
68.83334
58.33334
48.41667
42.50000
31.75000
38.33334
37.41667
61.91667
75.16667
96.16667
115.50000
136.58334
143.66667
148.91667
152.08334
171.58334
185.08334
193.00000
194.08334
201.41667
199.25000
204.08334
209.16667
213.08334
212.91667
220.08334
220.41667
223.41667
222.91667
222.41667
223.25000
219.33334
215.58334
206.58334
186.50000
139.66667
102.58334
74.91667
50.25000
44.50000
35.41667
30.41667
35.00000
46.50000
57.33334
60.83334
62.25000
67.33334
72.00000
74.83334
66.75000
54.08334
47.91667
37.91667
34.75000
40.08334
52.00000
73.25000
96.33334
125.08334
141.83334
153.08334
167.08334
168.66667
174.33334
194.83334
203.16667
201.41667
206.25000
205.91667
206.08334
208.08334
212.25000
216.08334
214.08334
218.66667
221.75000
224.50000
225.00000
228.00000
222.16667
222.91667
216.91667
212.25000
200.58334
170.75000
133.66667
93.08334
69.50000
58.33334
46.58334
40.91667
40.16667
47.91667
56.50000
61.83334
65.33334
67.25000
72.91667
74.25000
71.00000
54.50000
45.25000
46.25000
39.16667
41.83334
68.33334
86.16667
116.41667
144.66667
160.58334
164.50000
177.58334
185.50000
194.33334
203.91667
211.58334
211.66667
209.25000
213.33334
212.91667
211.50000
216.66667
218.75000
216.66667
223.66667
223.08334
228.75000
228.75000
228.50000
227.66667
225.08334
222.91667
218.66667
212.25000
185.66667
150.00000
115.16667
85.08334
71.33334
59.75000
46.50000
35.75000
47.83334
58.75000
64.00000
69.66667
64.08334
73.08334
71.91667
67.50000
53.50000
44.08334
48.08334
39.91667
47.50000
69.75000
108.33334
129.66667
161.75000
167.75000
175.08334
186.58334
192.25000
203.41667
212.50000
213.16667
213.33334
217.50000
220.75000
219.08334
218.91667
221.41667
220.58334
219.41667
223.41667
228.58334
228.25000
228.75000
227.41667
228.33334
227.58334
227.25000
221.91667
213.33334
204.58334
161.08334
123.66667
94.16667
78.66667
61.41667
48.41667
43.08334
43.83334
56.66667
62.50000
65.75000
67.33334
74.50000
74.83334
65.25000
49.75000
46.33334
47.58334
38.75000
54.25000
76.91667
116.58334
136.33334
167.75000
182.25000
187.25000
196.41667
203.00000
209.66667
212.25000
216.83334
217.25000
223.25000
219.91667
223.58334
222.08334
225.58334
224.66667
220.58334
224.41667
222.50000
226.41667
227.00000
228.58334
229.25000
226.50000
226.08334
221.41667
213.75000
210.33334
188.91667
133.41667
99.50000
85.41667
67.58334
54.41667
44.50000
47.16667
56.00000
61.66667
65.41667
68.66667
78.33334
72.41667
63.83334
49.33334
52.00000
43.41667
42.50000
51.75000
82.50000
118.08334
142.75000
174.25000
185.91667
193.66667
201.83334
205.91667
214.08334
214.91667
219.58334
221.58334
224.75000
224.91667
226.58334
227.50000
221.25000
223.33334
224.33334
223.66667
225.41667
230.75000
230.75000
231.25000
229.75000
230.00000
228.33334
225.41667
219.33334
211.91667
204.58334
153.16667
105.25000
80.41667
62.08334
55.00000
45.16667
40.25000
51.08334
62.25000
69.00000
72.91667
76.50000
73.25000
62.58334
50.83334
49.66667
44.75000
38.58334
51.08334
82.50000
119.00000
151.75000
181.08334
190.50000
199.91667
203.16667
207.66667
216.33334
216.66667
223.25000
224.08334
225.16667
225.58334
226.66667
228.50000
227.50000
227.33334
229.75000
229.00000
231.50000
233.75000
235.08334
232.25000
227.41667
224.25000
220.33334
215.58334
213.75000
211.75000
206.08334
192.58334
118.25000
80.41667
62.75000
51.08334
45.75000
39.08334
52.41667
62.83334
66.41667
67.83334
78.50000
71.83334
62.66667
52.00000
50.33334
42.50000
40.58334
41.00000
80.50000
119.25000
155.33334
182.41667
192.75000
200.25000
206.16667
207.08334
212.25000
215.66667
221.00000
223.91667
224.66667
226.66667
226.75000
230.16667
229.58334
230.91667
232.16667
231.33334
231.08334
231.33334
226.58334
222.00000
214.08334
203.16667
199.91667
196.25000
196.33334
195.50000
192.16667
195.91667
154.58334
83.25000
67.16667
45.75000
36.66667
37.00000
58.25000
58.91667
59.41667
65.91667
75.41667
77.91667
60.83334
53.50000
49.41667
40.75000
32.91667
41.08334
80.16667
126.25000
164.16667
182.00000
190.66667
194.91667
197.33334
192.33334
187.66667
187.00000
191.08334
207.33334
220.33334
223.16667
227.41667
228.83334
228.00000
229.91667
232.00000
226.83334
219.66667
219.25000
206.41667
181.75000
172.41667
158.58334
164.25000
165.33334
167.75000
178.25000
188.50000
191.75000
176.41667
103.16667
67.83334
52.50000
40.25000
47.08334
66.00000
57.33334
59.33334
65.00000
71.50000
83.50000
60.25000
52.08334
45.58334
40.50000
26.16667
48.16667
75.66667
132.66667
170.83334
175.08334
174.58334
176.75000
167.91667
157.83334
147.75000
141.08334
136.41667
141.75000
151.41667
177.91667
206.00000
218.83334
225.08334
227.66667
226.75000
218.25000
206.83334
176.08334
140.58334
113.25000
109.91667
116.91667
132.33334
145.08334
150.50000
166.00000
174.58334
179.00000
187.00000
142.50000
76.00000
46.83334
34.91667
42.41667
68.16667
69.58334
56.33334
64.50000
73.25000
90.25000
64.75000
43.41667
34.41667
32.83334
31.91667
51.58334
77.33334
141.91667
172.00000
158.66667
154.50000
156.33334
149.00000
142.75000
134.50000
125.91667
120.16667
116.75000
121.00000
148.25000
174.25000
194.08334
211.00000
213.08334
215.33334
201.25000
173.50000
129.58334
102.41667
89.75000
96.66667
108.75000
118.33334
130.41667
136.58334
153.41667
159.08334
165.33334
167.41667
157.50000
94.41667
53.66667
35.00000
48.58334
67.41667
71.08334
60.83334
65.50000
71.50000
94.08334
63.50000
41.75000
35.16667
36.75000
38.25000
56.83334
85.83334
143.66667
161.25000
147.66667
149.58334
158.16667
166.08334
164.16667
164.91667
155.25000
145.16667
130.16667
137.33334
141.66667
155.00000
173.16667
189.25000
206.83334
202.33334
181.50000
157.16667
135.58334
125.58334
114.25000
115.58334
117.33334
122.83334
136.83334
146.75000
146.08334
161.33334
172.83334
169.83334
164.83334
130.16667
66.75000
45.83334
44.50000
69.33334
83.75000
65.33334
69.00000
71.50000
94.41667
61.00000
41.41667
39.00000
46.16667
40.75000
59.33334
96.50000
151.33334
161.75000
160.75000
166.00000
170.08334
165.58334
154.00000
138.33334
131.41667
123.00000
116.66667
121.41667
133.75000
144.91667
165.58334
191.08334
209.83334
200.00000
180.16667
157.00000
138.50000
134.91667
134.50000
114.08334
115.00000
111.08334
150.08334
143.08334
142.41667
166.91667
177.91667
177.41667
161.08334
142.58334
80.41667
62.50000
57.58334
74.08334
80.50000
63.50000
64.91667
78.25000
91.00000
64.91667
41.25000
43.16667
51.83334
46.25000
58.58334
108.58334
157.00000
165.41667
160.75000
160.41667
152.25000
129.83334
122.41667
106.08334
116.00000
103.25000
107.50000
111.25000
124.91667
137.91667
157.16667
194.16667
216.33334
221.16667
200.83334
163.00000
132.33334
127.25000
148.00000
127.33334
86.75000
111.33334
142.66667
164.41667
154.58334
172.08334
196.25000
197.16667
172.50000
152.50000
105.00000
66.08334
85.16667
93.58334
78.25000
71.50000
70.50000
84.33334
92.58334
75.33334
43.41667
39.58334
57.91667
51.91667
60.58334
122.08334
169.16667
167.91667
170.41667
141.41667
119.25000
117.66667
108.00000
92.91667
115.91667
98.50000
137.33334
115.66667
117.75000
133.41667
158.50000
198.66667
233.83334
235.91667
219.08334
173.25000
135.08334
130.66667
143.16667
160.75000
107.33334
115.91667
124.58334
179.75000
171.08334
170.66667
199.75000
211.00000
189.91667
169.75000
146.50000
97.83334
98.83334
107.91667
83.41667
75.66667
75.41667
85.33334
92.75000
79.25000
50.41667
46.50000
61.00000
61.75000
62.50000
126.50000
175.83334
176.41667
164.41667
140.25000
116.83334
116.83334
133.16667
84.75000
80.08334
66.75000
125.50000
119.91667
116.66667
135.41667
160.91667
195.75000
236.41667
239.58334
230.91667
192.41667
170.66667
157.83334
167.16667
158.58334
133.83334
135.50000
158.41667
193.75000
183.08334
181.66667
199.00000
212.91667
200.00000
178.91667
157.41667
133.66667
104.58334
113.50000
88.25000
75.33334
79.58334
85.66667
85.91667
84.33334
62.58334
64.83334
64.91667
70.00000
63.58334
127.00000
180.25000
175.58334
165.33334
160.08334
146.75000
129.50000
134.75000
118.66667
92.66667
107.66667
125.41667
140.58334
158.50000
147.41667
168.00000
196.25000
227.66667
231.91667
232.66667
211.41667
193.75000
195.16667
178.00000
178.66667
179.83334
183.66667
200.41667
206.91667
208.91667
206.83334
207.58334
218.08334
209.08334
187.16667
154.75000
144.41667
112.75000
124.33334
84.75000
96.50000
98.16667
89.91667
85.25000
85.58334
83.08334
77.33334
80.83334
78.50000
67.83334
129.75000
183.08334
180.33334
183.91667
179.00000
171.25000
161.50000
150.75000
158.91667
154.16667
138.58334
162.83334
166.33334
171.25000
175.33334
180.41667
197.66667
217.16667
229.66667
231.50000
220.83334
212.66667
220.16667
212.58334
204.58334
204.08334
204.08334
208.16667
210.66667
206.66667
217.08334
214.83334
217.83334
214.58334
189.41667
154.66667
154.16667
131.33334
123.08334
91.75000
88.91667
87.75000
90.16667
86.33334
89.00000
89.25000
89.75000
96.00000
78.75000
80.41667
134.91667
184.66667
189.75000
191.41667
191.16667
188.58334
177.91667
180.25000
175.33334
180.75000
177.25000
191.75000
191.00000
193.41667
190.00000
195.25000
201.00000
210.66667
227.16667
226.00000
220.75000
216.83334
222.41667
230.66667
228.16667
225.58334
221.66667
227.91667
227.83334
231.91667
230.41667
227.25000
224.25000
216.75000
189.16667
159.50000
169.33334
145.83334
129.33334
96.75000
88.41667
103.25000
105.50000
108.08334
94.33334
104.25000
95.83334
115.75000
90.00000
91.75000
132.50000
185.16667
193.25000
197.58334
202.16667
193.58334
191.50000
205.08334
206.75000
202.41667
211.08334
209.00000
206.66667
204.66667
199.58334
200.91667
203.00000
210.16667
226.83334
226.41667
222.25000
215.00000
225.66667
228.08334
232.66667
231.91667
233.33334
235.41667
235.25000
235.50000
234.41667
233.16667
226.08334
218.16667
190.50000
160.83334
172.41667
145.83334
139.08334
112.33334
97.91667
104.08334
100.83334
111.75000
97.25000
104.83334
106.75000
128.66667
117.33334
102.66667
121.50000
181.00000
195.25000
200.00000
203.83334
202.33334
206.83334
209.75000
211.83334
215.25000
219.00000
216.75000
214.50000
211.00000
203.33334
197.66667
198.66667
207.50000
221.50000
225.50000
224.41667
213.41667
221.58334
229.91667
236.33334
239.08334
237.25000
237.08334
237.00000
237.58334
234.91667
231.00000
227.33334
218.08334
189.50000
164.16667
170.08334
147.16667
145.58334
116.00000
104.50000
104.83334
99.83334
120.00000
108.83334
107.33334
111.00000
131.58334
131.75000
126.66667
123.83334
170.00000
192.41667
199.08334
207.16667
211.41667
216.75000
219.33334
217.16667
222.00000
224.16667
220.08334
217.00000
213.91667
204.58334
195.00000
199.91667
208.83334
215.25000
227.08334
226.16667
216.83334
216.41667
222.00000
233.83334
237.08334
237.58334
236.83334
237.41667
237.08334
233.83334
231.58334
226.50000
216.58334
192.91667
173.66667
177.91667
160.50000
134.83334
107.41667
115.83334
115.41667
104.75000
122.91667
120.83334
121.58334
132.75000
137.75000
145.33334
139.58334
136.08334
154.50000
190.75000
197.66667
207.08334
212.75000
217.50000
220.41667
220.41667
225.83334
226.50000
222.08334
217.08334
210.91667
202.50000
195.33334
200.83334
210.75000
215.66667
228.41667
226.25000
224.75000
213.66667
216.41667
225.75000
234.16667
236.66667
237.25000
235.41667
235.75000
230.50000
228.00000
224.16667
214.33334
197.50000
188.50000
169.16667
156.08334
135.66667
121.33334
122.58334
113.75000
99.75000
124.41667
126.50000
134.33334
140.91667
151.00000
159.33334
153.58334
154.58334
159.91667
186.75000
195.66667
203.58334
208.33334
216.16667
219.75000
221.08334
224.91667
225.16667
218.50000
215.75000
207.58334
198.58334
193.33334
198.83334
211.66667
214.91667
228.75000
224.58334
225.41667
215.75000
214.83334
223.91667
224.83334
225.16667
233.58334
229.66667
225.16667
222.75000
223.66667
221.75000
213.33334
194.33334
193.66667
161.00000
161.00000
123.75000
122.41667
121.16667
109.66667
101.75000
128.66667
117.00000
138.08334
131.58334
146.66667
161.50000
164.16667
164.50000
163.41667
179.58334
191.91667
200.58334
205.58334
214.33334
217.25000
222.00000
224.91667
223.00000
214.66667
217.58334
206.00000
198.66667
198.91667
200.66667
211.16667
220.66667
220.75000
225.41667
215.58334
213.58334
210.00000
221.83334
220.66667
227.58334
228.00000
227.66667
229.75000
222.41667
221.83334
218.41667
210.83334
192.58334
186.91667
164.00000
161.41667
128.00000
124.66667
126.75000
114.58334
97.16667
129.08334
124.16667
129.58334
133.33334
144.00000
165.08334
182.08334
154.33334
169.25000
179.25000
186.16667
197.75000
202.66667
211.08334
214.75000
219.75000
222.41667
220.75000
214.00000
212.75000
198.08334
194.50000
190.83334
200.50000
198.41667
202.41667
208.66667
213.00000
207.16667
192.66667
193.58334
207.91667
229.08334
226.08334
220.83334
222.83334
221.66667
223.08334
222.83334
219.16667
210.16667
192.66667
180.50000
159.08334
159.08334
129.00000
128.16667
123.25000
103.00000
87.83334
118.75000
129.50000
132.41667
129.41667
143.16667
154.00000
179.33334
171.16667
165.25000
179.50000
183.75000
189.83334
199.75000
205.66667
211.33334
214.41667
216.25000
218.00000
209.66667
200.91667
186.08334
182.50000
161.75000
148.00000
154.25000
166.08334
176.16667
178.41667
178.33334
173.66667
186.08334
229.58334
231.25000
232.58334
228.66667
224.91667
226.00000
224.66667
224.50000
217.58334
210.16667
199.41667
180.75000
166.25000
154.41667
135.25000
133.50000
121.33334
98.75000
84.16667
108.75000
124.08334
131.50000
124.66667
135.25000
149.83334
170.25000
187.83334
161.75000
174.00000
180.41667
186.41667
196.75000
201.50000
206.58334
210.08334
210.08334
215.25000
208.75000
198.58334
187.83334
173.58334
166.25000
153.66667
138.33334
133.91667
142.83334
153.66667
158.75000
184.91667
206.58334
219.33334
219.66667
219.75000
221.16667
217.66667
216.75000
208.41667
208.75000
202.33334
193.41667
189.08334
164.91667
157.33334
132.25000
126.41667
125.00000
111.50000
83.91667
82.75000
120.91667
120.25000
131.91667
128.75000
128.50000
149.33334
152.66667
178.75000
180.58334
179.33334
181.66667
184.16667
191.08334
197.83334
200.41667
205.00000
205.41667
210.50000
207.66667
201.16667
195.58334
191.66667
184.41667
175.08334
171.33334
158.33334
152.08334
176.58334
189.33334
194.58334
208.58334
212.91667
214.91667
212.08334
213.66667
213.16667
215.66667
206.75000
224.08334
216.91667
203.58334
202.00000
177.00000
162.16667
149.00000
138.33334
132.08334
107.58334
80.50000
94.75000
117.25000
119.50000
124.25000
127.75000
128.25000
137.41667
151.16667
166.83334
178.66667
184.16667
180.50000
181.75000
188.00000
195.66667
195.00000
201.75000
200.91667
204.33334
203.16667
194.83334
193.08334
191.41667
188.58334
183.91667
180.08334
178.41667
187.41667
200.33334
205.00000
204.66667
212.16667
214.66667
215.66667
214.75000
212.41667
209.00000
207.16667
201.75000
224.16667
212.16667
205.16667
199.33334
179.33334
166.00000
144.83334
133.41667
128.58334
104.75000
90.83334
90.66667
116.66667
118.58334
120.00000
130.08334
125.58334
139.16667
149.00000
158.41667
170.00000
171.83334
174.41667
182.75000
184.00000
190.91667
191.25000
193.91667
194.91667
197.08334
198.91667
191.25000
188.66667
185.75000
185.66667
185.41667
188.91667
194.66667
200.75000
213.83334
217.91667
218.50000
220.50000
218.58334
217.33334
219.66667
215.66667
211.08334
212.91667
199.50000
222.33334
212.83334
205.83334
199.00000
179.25000
141.58334
106.66667
101.33334
97.91667
100.16667
82.41667
83.08334
114.16667
112.16667
117.75000
117.50000
129.91667
127.33334
135.83334
146.83334
159.58334
167.50000
172.16667
173.66667
184.00000
183.75000
184.75000
186.83334
192.91667
193.50000
194.00000
188.58334
183.66667
182.66667
191.83334
194.25000
200.83334
208.91667
205.00000
208.08334
216.41667
209.41667
198.08334
197.41667
188.33334
197.08334
202.33334
201.00000
212.75000
199.25000
216.75000
209.08334
198.75000
187.50000
175.33334
132.33334
121.91667
101.58334
93.16667
100.16667
83.25000
86.16667
102.58334
103.16667
105.66667
117.50000
119.83334
126.58334
133.75000
134.83334
154.83334
162.41667
164.91667
170.25000
180.16667
179.25000
174.25000
186.50000
186.50000
187.83334
188.91667
182.25000
178.08334
186.33334
188.08334
184.08334
185.41667
182.16667
174.41667
177.58334
176.50000
177.75000
189.66667
192.00000
193.41667
191.00000
187.00000
196.66667
207.41667
206.91667
216.25000
209.33334
188.33334
177.66667
158.00000
118.58334
107.33334
89.66667
105.33334
103.75000
76.41667
90.91667
99.16667
100.33334
97.66667
106.58334
112.33334
119.41667
124.25000
118.66667
142.50000
159.75000
160.75000
161.91667
170.75000
175.41667
178.91667
179.08334
175.33334
183.75000
178.66667
165.75000
163.91667
158.66667
148.25000
148.25000
159.16667
158.91667
163.66667
176.91667
183.16667
174.50000
179.08334
181.25000
178.33334
188.16667
199.50000
210.00000
214.75000
200.41667
213.25000
208.75000
190.00000
173.66667
150.08334
121.58334
96.25000
109.00000
104.25000
104.50000
77.66667
77.08334
98.66667
101.41667
101.08334
105.58334
108.16667
117.91667
122.41667
119.83334
135.00000
153.58334
159.58334
163.75000
168.08334
171.41667
176.33334
168.50000
167.16667
162.00000
162.41667
150.75000
149.83334
132.91667
136.66667
132.83334
138.58334
158.00000
152.25000
161.50000
164.00000
166.16667
170.33334
173.08334
187.50000
196.75000
201.16667
213.58334
215.08334
198.75000
212.41667
206.41667
187.75000
170.25000
153.50000
121.50000
103.83334
82.25000
81.08334
94.08334
74.91667
79.58334
96.83334
101.66667
99.33334
102.75000
104.91667
113.83334
123.00000
121.41667
135.66667
143.33334
158.75000
159.58334
167.75000
168.25000
182.25000
183.41667
177.66667
178.00000
176.25000
168.41667
156.66667
153.83334
154.25000
136.41667
141.83334
138.75000
138.33334
161.66667
158.58334
170.33334
169.91667
173.08334
191.66667
198.33334
206.58334
211.08334
214.16667
195.00000
213.16667
202.83334
186.41667
166.00000
149.83334
127.75000
119.00000
103.75000
95.08334
99.33334
91.08334
81.08334
94.91667
98.16667
101.83334
102.58334
106.91667
114.08334
118.25000
119.58334
131.83334
138.00000
147.58334
161.16667
164.50000
171.25000
176.00000
185.41667
181.41667
183.16667
180.25000
177.58334
176.16667
171.83334
172.41667
164.16667
164.58334
170.50000
168.08334
181.08334
173.66667
170.25000
175.50000
179.58334
189.75000
195.83334
202.75000
210.25000
210.50000
195.00000
209.16667
193.66667
176.33334
155.00000
140.66667
122.50000
110.83334
98.00000
89.75000
87.83334
86.50000
74.91667
100.16667
93.58334
97.66667
102.16667
110.08334
116.66667
117.66667
116.08334
128.50000
132.00000
149.91667
150.75000
157.66667
159.91667
167.33334
177.08334
179.66667
186.75000
183.83334
181.75000
184.91667
181.58334
178.83334
178.41667
175.33334
175.83334
174.00000
181.91667
185.25000
186.66667
188.66667
190.66667
200.83334
204.16667
212.00000
212.75000
209.00000
200.75000
208.41667
188.83334
171.83334
152.91667
143.83334
126.41667
112.41667
100.58334
98.66667
98.08334
93.41667
84.16667
103.58334
101.00000
101.83334
98.58334
109.41667
118.91667
117.75000
116.50000
125.33334
132.50000
152.33334
152.16667
156.33334
159.16667
168.41667
173.08334
176.75000
183.41667
183.91667
182.16667
180.33334
178.08334
178.00000
177.83334
170.41667
171.50000
168.50000
180.16667
183.66667
180.75000
180.91667
182.83334
190.41667
196.83334
201.83334
204.41667
203.00000
193.08334
209.41667
190.25000
172.58334
156.83334
142.33334
133.75000
113.25000
102.58334
94.83334
96.66667
97.91667
92.08334
101.08334
106.00000
100.25000
101.50000
112.41667
119.83334
114.41667
115.25000
125.91667
135.58334
152.33334
152.58334
155.75000
159.41667
170.50000
171.66667
178.25000
180.66667
182.66667
176.08334
173.08334
175.83334
170.75000
160.91667
159.08334
157.25000
161.58334
158.00000
164.41667
171.75000
178.58334
188.00000
193.75000
195.58334
199.08334
202.16667
202.66667
195.00000
194.08334
177.00000
158.50000
151.50000
132.41667
130.58334
102.50000
95.66667
89.41667
88.58334
90.75000
89.50000
108.75000
104.33334
104.58334
102.91667
113.25000
117.16667
117.58334
117.16667
124.16667
130.66667
149.58334
151.16667
153.25000
160.41667
168.33334
173.58334
176.41667
178.66667
182.33334
181.91667
180.16667
179.08334
177.25000
171.16667
161.00000
164.00000
162.83334
167.16667
175.08334
179.50000
189.08334
192.91667
196.41667
197.58334
203.41667
203.75000
204.75000
195.83334
181.66667
168.50000
146.50000
144.41667
131.08334
129.33334
98.91667
99.33334
97.50000
94.58334
91.50000
98.16667
104.66667
104.25000
107.00000
103.41667
111.91667
117.66667
119.91667
113.50000
124.58334
131.16667
144.25000
153.33334
153.91667
159.08334
167.41667
174.08334
177.25000
172.00000
179.58334
184.25000
183.25000
184.00000
183.41667
181.50000
174.25000
170.83334
172.08334
175.66667
179.00000
183.41667
197.91667
196.16667
196.41667
203.50000
205.50000
206.00000
203.00000
193.83334
176.25000
160.66667
154.41667
150.91667
142.83334
125.16667
106.41667
100.33334
105.00000
95.75000
99.83334
102.75000
100.16667
102.00000
111.25000
104.00000
111.16667
114.58334
126.08334
120.08334
127.91667
130.50000
137.41667
156.83334
152.00000
156.00000
164.00000
173.66667
175.33334
173.66667
170.00000
180.58334
185.33334
187.75000
189.00000
191.41667
188.25000
184.33334
187.41667
187.41667
188.66667
192.41667
202.50000
201.91667
203.66667
205.00000
213.16667
208.75000
201.16667
186.91667
168.66667
150.58334
153.58334
150.00000
140.83334
129.08334
106.33334
91.58334
101.75000
95.41667
94.33334
98.00000
101.58334
103.50000
111.91667
108.33334
105.66667
118.66667
123.58334
120.91667
125.91667
129.83334
135.66667
155.50000
158.08334
153.25000
159.75000
168.08334
174.41667
180.50000
176.16667
173.16667
181.08334
185.75000
189.25000
195.75000
198.58334
196.16667
198.91667
195.50000
195.41667
202.00000
204.83334
203.83334
200.66667
203.75000
197.00000
193.50000
179.66667
167.16667
153.16667
155.83334
150.41667
153.33334
137.33334
132.25000
110.66667
95.33334
101.75000
101.75000
93.75000
97.00000
103.91667
108.08334
106.08334
109.75000
107.33334
117.33334
123.33334
124.08334
128.41667
128.83334
123.83334
137.66667
147.66667
143.83334
147.00000
163.58334
176.33334
179.41667
186.25000
176.91667
172.33334
178.75000
188.33334
195.75000
200.66667
194.58334
199.91667
205.25000
201.41667
202.91667
198.08334
198.41667
198.91667
195.75000
187.33334
174.58334
167.08334
150.00000
151.58334
155.75000
155.08334
152.58334
138.25000
134.58334
120.66667
95.16667
93.41667
93.25000
84.41667
97.00000
