73.50000
70.50000
78.25000
75.41667
83.33334
86.66667
81.66667
84.16667
84.66667
97.16667
110.25000
116.75000
126.50000
146.00000
144.83334
143.66667
153.58334
163.25000
174.16667
180.41667
186.75000
182.58334
182.08334
188.00000
185.16667
190.91667
196.25000
200.75000
204.75000
203.33334
198.75000
199.66667
198.08334
194.83334
198.41667
197.41667
194.41667
190.58334
178.08334
165.16667
158.75000
156.75000
141.25000
146.66667
146.08334
149.08334
137.00000
137.91667
139.75000
133.41667
67.25000
68.75000
70.25000
71.91667
79.08334
83.08334
78.41667
91.91667
89.58334
104.33334
115.33334
119.00000
144.50000
151.25000
151.33334
160.00000
165.00000
177.33334
182.25000
188.33334
193.16667
191.16667
191.08334
194.00000
197.58334
199.50000
208.83334
211.58334
219.25000
215.66667
212.83334
213.41667
204.83334
211.83334
209.66667
213.41667
202.16667
194.91667
186.50000
171.66667
165.50000
162.00000
156.83334
153.75000
148.50000
154.83334
138.08334
137.08334
140.08334
129.33334
71.75000
75.25000
67.08334
66.83334
78.58334
82.33334
80.25000
86.16667
94.66667
111.33334
126.16667
132.66667
156.00000
160.66667
166.08334
169.16667
179.41667
182.16667
187.41667
192.83334
198.00000
198.58334
200.08334
203.08334
203.58334
207.91667
212.50000
217.16667
223.83334
222.33334
222.50000
222.83334
216.83334
218.66667
216.33334
214.33334
211.58334
201.50000
186.00000
175.33334
167.41667
171.83334
168.33334
170.66667
149.16667
148.58334
136.25000
138.00000
139.91667
132.75000
74.75000
69.25000
68.41667
69.00000
78.83334
88.41667
85.00000
85.33334
96.75000
112.91667
128.33334
138.08334
165.58334
162.16667
169.00000
174.58334
180.91667
184.91667
191.58334
192.83334
200.16667
206.33334
205.66667
213.66667
214.33334
213.25000
217.50000
223.50000
223.50000
227.00000
223.00000
220.00000
219.50000
219.33334
218.08334
217.66667
211.33334
208.41667
192.33334
185.33334
175.00000
178.91667
173.33334
171.66667
153.58334
147.00000
135.91667
136.33334
136.91667
135.16667
77.33334
64.41667
68.91667
69.41667
69.08334
83.25000
81.08334
93.33334
95.58334
110.25000
128.91667
143.75000
164.75000
163.16667
174.91667
173.08334
182.16667
187.66667
193.83334
197.08334
200.83334
202.08334
209.08334
216.75000
216.83334
217.41667
220.41667
223.75000
224.83334
227.16667
223.91667
222.08334
223.58334
219.50000
218.91667
216.66667
215.16667
209.50000
193.66667
195.25000
188.25000
181.41667
179.16667
173.08334
154.50000
142.75000
141.33334
135.66667
136.16667
138.50000
74.41667
67.66667
69.33334
72.58334
71.83334
80.66667
83.08334
95.25000
99.41667
113.16667
129.91667
146.08334
160.50000
169.08334
175.16667
181.16667
186.00000
188.50000
193.58334
201.16667
201.66667
207.25000
207.33334
216.00000
217.66667
217.91667
219.83334
221.91667
223.00000
224.25000
224.41667
223.58334
220.58334
220.16667
219.25000
219.33334
217.08334
214.75000
205.41667
198.91667
194.08334
196.50000
171.50000
172.41667
149.41667
141.91667
141.25000
139.83334
134.75000
136.25000
77.75000
69.33334
64.58334
75.50000
71.58334
80.83334
83.75000
95.83334
99.50000
119.58334
127.41667
146.91667
158.83334
165.33334
179.08334
184.00000
187.50000
188.66667
195.66667
200.75000
203.83334
202.91667
209.91667
213.41667
216.00000
217.91667
220.00000
220.50000
222.25000
222.00000
223.50000
223.83334
221.50000
218.08334
219.00000
218.83334
216.91667
216.58334
205.58334
203.75000
193.91667
186.58334
175.08334
170.00000
152.08334
145.33334
138.58334
138.33334
139.75000
134.91667
78.08334
61.50000
62.00000
73.25000
73.08334
86.75000
83.41667
95.08334
98.41667
118.83334
129.16667
149.25000
158.50000
170.08334
182.58334
186.50000
190.58334
195.00000
201.91667
203.75000
203.25000
206.00000
210.91667
211.66667
214.75000
217.75000
218.83334
219.08334
221.66667
224.08334
224.08334
222.58334
220.08334
219.00000
220.00000
216.91667
218.33334
217.25000
208.16667
209.33334
195.33334
187.75000
174.75000
162.66667
160.75000
156.58334
143.58334
140.66667
142.66667
131.58334
76.50000
62.58334
62.00000
66.83334
66.91667
78.25000
86.08334
96.16667
101.58334
120.50000
126.33334
148.41667
162.50000
178.00000
189.08334
185.58334
188.91667
197.16667
199.33334
204.41667
207.08334
211.66667
211.50000
209.66667
212.91667
215.83334
217.91667
218.75000
221.75000
224.08334
223.00000
220.91667
219.91667
218.91667
219.66667
218.50000
217.50000
215.58334
211.83334
210.00000
204.91667
182.00000
175.33334
166.41667
169.00000
157.66667
154.91667
140.16667
144.41667
137.16667
75.50000
68.33334
64.58334
64.33334
66.00000
77.25000
79.83334
89.00000
108.08334
124.00000
132.66667
147.41667
163.00000
176.25000
180.25000
188.83334
188.00000
198.91667
199.83334
199.33334
206.16667
206.58334
209.75000
210.08334
211.50000
216.75000
215.83334
218.16667
218.83334
220.91667
223.33334
223.58334
222.08334
219.08334
219.00000
219.33334
217.16667
216.58334
209.16667
202.66667
198.91667
171.91667
168.50000
164.00000
158.08334
154.91667
153.16667
142.50000
141.50000
133.08334
70.83334
68.00000
59.41667
69.25000
71.16667
73.91667
72.83334
98.00000
105.50000
126.66667
135.58334
145.50000
164.25000
174.33334
178.33334
185.00000
189.58334
189.75000
196.16667
194.00000
204.58334
206.58334
211.33334
210.08334
210.91667
215.75000
217.33334
217.66667
219.83334
222.50000
224.33334
225.66667
225.00000
220.25000
219.58334
218.50000
218.41667
216.41667
209.66667
200.91667
199.41667
169.08334
168.33334
162.16667
159.33334
157.08334
149.50000
146.00000
140.25000
132.33334
69.91667
65.00000
56.16667
62.50000
67.75000
66.58334
77.50000
90.91667
105.58334
123.50000
137.16667
155.66667
163.08334
173.08334
182.75000
183.25000
188.41667
191.58334
193.41667
192.33334
200.08334
205.25000
208.41667
210.66667
210.41667
217.75000
215.08334
218.33334
221.00000
221.41667
224.41667
227.33334
226.75000
223.25000
221.66667
219.16667
217.75000
215.50000
209.75000
200.66667
197.00000
176.50000
171.66667
155.75000
165.91667
161.25000
162.83334
156.50000
143.00000
134.16667
70.08334
80.41667
66.50000
78.41667
75.25000
67.25000
73.83334
90.50000
107.33334
119.41667
125.83334
154.66667
162.25000
169.33334
174.25000
180.58334
176.58334
182.25000
181.91667
190.50000
198.83334
202.25000
204.50000
207.58334
210.41667
215.58334
220.75000
218.66667
220.41667
219.25000
222.33334
222.66667
226.91667
224.50000
222.50000
218.66667
216.58334
214.00000
209.00000
202.33334
200.41667
178.41667
170.58334
160.58334
164.83334
160.75000
168.83334
156.83334
141.75000
136.25000
70.66667
74.50000
74.00000
78.66667
76.58334
72.25000
69.08334
93.58334
111.83334
110.83334
131.83334
144.66667
150.16667
157.08334
159.33334
165.91667
165.58334
173.66667
177.66667
187.58334
191.83334
196.75000
198.83334
202.66667
210.00000
211.25000
217.16667
217.50000
217.33334
218.08334
219.41667
222.00000
223.33334
223.91667
222.41667
217.08334
211.33334
205.25000
202.33334
205.41667
199.00000
179.00000
167.08334
163.41667
157.16667
167.16667
166.91667
149.00000
136.25000
131.50000
71.33334
75.75000
67.50000
75.75000
80.75000
73.41667
72.33334
95.41667
107.16667
102.00000
128.41667
128.08334
133.33334
135.66667
138.58334
148.33334
151.75000
151.66667
159.50000
172.16667
176.33334
187.33334
193.66667
202.16667
205.50000
209.58334
212.50000
211.00000
211.25000
214.66667
215.58334
218.50000
218.16667
214.75000
204.91667
198.16667
195.66667
197.16667
196.50000
201.08334
192.00000
178.16667
157.83334
158.50000
149.75000
163.00000
155.33334
153.75000
136.83334
132.08334
72.41667
74.16667
73.83334
73.83334
79.16667
75.16667
74.66667
96.83334
108.08334
117.83334
120.58334
123.00000
128.33334
123.08334
120.83334
126.41667
126.25000
136.08334
143.25000
158.00000
160.00000
170.83334
186.91667
196.58334
205.66667
204.58334
204.16667
199.66667
198.25000
199.25000
197.08334
190.75000
177.25000
170.91667
167.41667
168.58334
172.66667
173.25000
178.08334
187.50000
177.50000
174.50000
154.00000
153.50000
147.25000
155.50000
155.41667
154.16667
130.83334
115.08334
64.58334
75.91667
75.58334
76.50000
78.66667
70.91667
76.25000
98.66667
106.00000
126.75000
120.00000
119.16667
112.66667
115.16667
114.50000
106.25000
97.66667
98.25000
102.41667
132.00000
154.16667
169.33334
180.50000
193.25000
201.58334
201.00000
197.33334
185.58334
165.50000
140.16667
118.75000
116.33334
119.50000
127.25000
132.91667
139.08334
144.91667
139.83334
148.50000
158.91667
165.58334
158.66667
155.58334
155.91667
152.75000
166.83334
154.66667
147.33334
125.25000
113.66667
60.00000
73.33334
78.16667
81.00000
77.08334
65.16667
82.83334
96.41667
103.75000
124.16667
113.00000
91.00000
92.50000
99.25000
100.41667
102.91667
94.58334
85.25000
79.75000
88.83334
113.08334
158.08334
182.25000
193.16667
198.58334
196.75000
188.50000
174.25000
161.16667
134.16667
118.50000
126.41667
139.33334
143.16667
150.00000
149.16667
137.25000
142.16667
139.33334
151.41667
165.16667
148.91667
167.16667
151.41667
153.58334
156.83334
155.58334
145.00000
138.25000
124.00000
60.91667
76.66667
76.83334
76.75000
75.00000
64.50000
92.00000
97.08334
102.75000
121.00000
104.00000
106.83334
101.50000
104.00000
106.33334
112.41667
107.08334
106.16667
101.41667
97.33334
109.41667
142.58334
175.33334
195.16667
200.91667
198.25000
188.00000
172.66667
156.58334
128.91667
111.41667
102.41667
105.58334
117.00000
119.83334
107.00000
122.50000
135.91667
147.83334
159.41667
163.91667
154.83334
173.83334
146.00000
144.25000
156.75000
168.75000
155.83334
136.91667
149.50000
61.75000
87.08334
89.08334
72.83334
77.83334
72.00000
99.75000
107.00000
102.08334
112.33334
121.75000
119.50000
118.25000
112.83334
117.75000
113.16667
98.91667
121.91667
104.41667
102.58334
110.25000
144.16667
181.25000
195.33334
204.91667
202.00000
191.25000
162.91667
132.25000
122.08334
113.83334
106.91667
109.58334
116.00000
140.83334
129.16667
121.58334
135.50000
141.83334
149.00000
161.41667
155.58334
166.41667
145.83334
153.25000
172.50000
183.50000
156.75000
146.66667
139.25000
63.25000
81.66667
92.41667
88.58334
81.58334
74.33334
94.83334
104.33334
102.08334
121.33334
131.50000
123.91667
119.50000
101.00000
138.91667
136.58334
133.66667
131.50000
124.25000
110.91667
106.41667
132.75000
180.00000
199.66667
208.75000
206.16667
188.91667
154.16667
133.58334
145.25000
136.50000
133.08334
96.50000
104.83334
115.25000
122.41667
130.50000
139.75000
140.41667
145.25000
171.16667
165.33334
158.08334
154.83334
161.83334
174.16667
192.66667
172.33334
153.75000
135.16667
67.33334
75.08334
88.25000
88.08334
90.16667
76.16667
96.16667
96.25000
103.25000
130.75000
138.58334
130.50000
134.08334
129.41667
139.00000
139.75000
143.91667
149.25000
142.75000
123.66667
133.50000
140.08334
177.00000
200.33334
208.91667
208.91667
185.75000
157.33334
150.58334
158.33334
148.33334
145.25000
123.58334
117.00000
140.83334
163.83334
142.50000
150.83334
171.16667
177.08334
192.75000
179.41667
171.25000
163.91667
173.58334
183.58334
191.91667
173.66667
169.58334
141.50000
65.25000
74.58334
89.00000
88.66667
94.08334
78.91667
97.00000
88.58334
101.41667
135.75000
147.91667
144.16667
155.33334
161.33334
162.25000
157.41667
159.66667
164.33334
163.75000
154.41667
147.58334
148.91667
180.50000
200.16667
207.50000
207.16667
188.83334
179.50000
162.33334
162.58334
159.41667
154.75000
150.91667
157.83334
167.16667
171.08334
177.08334
189.41667
190.58334
193.75000
198.91667
187.16667
178.50000
160.91667
172.91667
172.91667
180.16667
176.16667
170.25000
144.50000
70.41667
76.16667
89.66667
90.41667
86.08334
85.33334
90.33334
87.41667
98.25000
143.16667
153.66667
161.33334
169.25000
164.41667
169.75000
174.66667
176.00000
175.58334
169.50000
168.16667
146.00000
154.16667
184.83334
199.08334
205.25000
204.58334
194.16667
190.91667
184.58334
179.08334
176.75000
178.58334
184.16667
187.33334
193.50000
192.25000
197.83334
193.91667
201.50000
202.00000
202.58334
191.25000
181.33334
157.75000
171.75000
164.16667
172.00000
174.16667
170.33334
143.33334
67.66667
79.66667
87.33334
90.75000
82.25000
85.66667
87.75000
86.91667
99.58334
136.16667
156.33334
162.00000
183.75000
177.83334
184.83334
184.91667
186.16667
188.33334
174.50000
166.75000
150.83334
167.91667
185.58334
196.08334
204.75000
203.08334
199.50000
197.41667
194.91667
194.08334
195.75000
197.16667
192.83334
193.16667
198.66667
205.58334
211.00000
211.25000
211.91667
205.83334
208.33334
191.08334
181.33334
155.41667
174.50000
164.00000
163.25000
169.41667
162.16667
141.58334
69.50000
82.33334
86.75000
92.50000
84.08334
78.50000
88.66667
87.16667
100.33334
134.83334
152.00000
162.16667
182.66667
180.58334
193.16667
190.33334
187.66667
189.08334
181.66667
177.58334
154.75000
169.75000
187.58334
195.50000
201.66667
202.58334
202.33334
203.50000
204.25000
201.66667
205.83334
211.41667
209.00000
207.41667
208.00000
211.75000
213.25000
213.16667
212.08334
212.33334
206.83334
189.41667
177.41667
155.25000
170.75000
163.00000
169.25000
165.58334
150.33334
141.66667
71.41667
78.50000
82.33334
94.91667
84.16667
69.66667
91.16667
80.41667
100.33334
134.25000
143.16667
160.58334
171.08334
181.16667
189.33334
193.75000
194.50000
197.58334
190.25000
178.16667
164.58334
164.50000
186.50000
196.91667
201.58334
203.66667
201.75000
202.75000
205.41667
210.66667
214.83334
216.00000
216.41667
214.41667
212.41667
215.75000
212.75000
212.08334
211.75000
210.16667
206.83334
188.08334
172.58334
154.33334
164.33334
157.91667
163.58334
154.00000
148.16667
140.66667
69.50000
65.41667
86.33334
86.25000
82.00000
64.16667
84.91667
78.58334
98.75000
129.75000
140.33334
158.75000
163.50000
177.58334
179.00000
198.83334
187.33334
201.08334
192.16667
182.50000
171.33334
163.33334
179.25000
196.16667
198.00000
202.58334
200.25000
199.91667
202.91667
206.91667
215.08334
215.83334
218.16667
218.25000
217.91667
218.41667
215.41667
214.66667
211.75000
208.58334
207.75000
185.25000
158.25000
154.66667
155.50000
148.83334
154.41667
144.91667
142.66667
139.75000
70.16667
64.50000
85.75000
87.50000
73.41667
59.50000
80.66667
75.16667
94.16667
125.00000
138.50000
157.91667
159.16667
165.25000
183.50000
185.50000
193.58334
194.00000
193.08334
176.08334
165.33334
166.16667
174.83334
191.50000
198.33334
200.33334
200.16667
194.91667
198.91667
199.16667
209.66667
212.75000
216.33334
215.91667
217.08334
217.83334
216.41667
216.50000
211.25000
207.58334
205.66667
182.58334
154.58334
153.00000
161.66667
149.66667
143.58334
141.66667
142.58334
133.16667
81.16667
64.75000
82.08334
83.33334
83.58334
57.00000
76.16667
75.16667
83.41667
121.75000
134.16667
156.25000
160.75000
163.83334
185.66667
188.25000
190.08334
191.41667
186.25000
177.08334
156.33334
167.16667
166.00000
187.33334
192.91667
194.91667
195.16667
192.66667
194.00000
193.00000
199.00000
206.75000
211.75000
213.75000
215.25000
215.75000
215.08334
214.83334
210.50000
207.08334
205.50000
173.08334
143.83334
143.00000
156.91667
148.75000
140.83334
141.16667
139.08334
129.08334
80.58334
71.50000
72.41667
84.58334
85.25000
59.16667
75.33334
77.33334
76.58334
107.75000
134.66667
151.58334
160.75000
166.58334
175.41667
186.50000
187.83334
194.16667
191.33334
173.08334
156.50000
157.33334
154.50000
170.08334
179.50000
183.83334
182.16667
187.16667
185.83334
194.16667
193.75000
199.58334
205.33334
209.33334
213.50000
212.75000
213.83334
210.33334
208.50000
204.91667
196.91667
173.91667
146.66667
140.66667
150.50000
122.66667
138.00000
135.08334
130.33334
117.08334
79.16667
73.00000
65.25000
81.50000
88.66667
71.41667
72.75000
78.50000
72.00000
94.08334
132.75000
149.00000
158.08334
160.25000
170.16667
178.41667
177.33334
174.08334
182.50000
160.83334
151.33334
143.16667
145.08334
148.75000
156.75000
163.75000
177.66667
175.66667
187.00000
190.91667
195.33334
192.50000
197.91667
203.00000
206.91667
208.66667
209.33334
208.00000
205.33334
199.75000
189.33334
168.41667
155.83334
138.25000
131.41667
119.00000
124.66667
121.16667
107.41667
95.33334
80.33334
73.16667
66.25000
79.75000
88.66667
77.50000
65.08334
74.75000
67.91667
86.91667
126.50000
143.91667
152.75000
154.66667
157.75000
158.66667
166.16667
162.83334
168.16667
159.25000
156.33334
144.66667
137.08334
116.16667
129.16667
161.58334
151.83334
160.66667
184.58334
187.00000
190.16667
196.41667
193.50000
196.08334
201.16667
202.41667
204.50000
204.08334
201.91667
192.16667
178.08334
165.66667
158.91667
137.58334
120.58334
108.75000
112.83334
103.50000
95.83334
78.33334
87.83334
73.66667
70.75000
71.16667
83.75000
77.00000
69.75000
63.25000
65.33334
74.75000
117.66667
136.91667
152.50000
145.83334
141.75000
149.25000
155.16667
160.25000
154.33334
156.00000
144.08334
123.91667
111.25000
85.08334
100.75000
118.08334
113.00000
137.75000
151.58334
171.16667
173.41667
182.00000
185.25000
190.08334
192.16667
198.16667
197.16667
198.41667
193.91667
188.83334
174.75000
164.41667
147.25000
129.75000
115.58334
103.16667
94.08334
82.25000
79.08334
82.50000
90.66667
83.50000
72.33334
64.41667
69.25000
74.00000
65.25000
61.41667
62.58334
73.50000
106.33334
133.83334
150.08334
142.83334
134.25000
139.16667
147.08334
145.41667
150.66667
143.83334
125.66667
105.33334
95.91667
78.50000
65.75000
77.91667
91.41667
107.25000
130.16667
144.75000
148.33334
156.25000
165.75000
172.83334
183.00000
185.50000
191.25000
193.25000
186.41667
176.50000
155.58334
147.41667
137.58334
119.66667
99.08334
99.58334
92.58334
85.25000
72.08334
67.83334
111.75000
95.75000
83.00000
77.91667
75.91667
79.41667
78.25000
69.75000
57.83334
59.66667
83.33334
125.50000
144.00000
143.41667
140.91667
137.50000
131.58334
126.25000
106.91667
95.58334
83.75000
85.16667
84.16667
77.58334
57.50000
54.75000
73.00000
91.33334
111.91667
124.91667
129.66667
133.25000
142.16667
148.25000
160.50000
170.41667
184.08334
189.66667
178.50000
157.50000
148.58334
132.33334
115.83334
124.75000
121.16667
109.66667
98.33334
79.91667
77.25000
67.83334
110.58334
103.16667
89.83334
89.50000
80.16667
78.91667
81.25000
71.41667
56.83334
56.41667
72.50000
111.00000
132.41667
135.50000
142.75000
135.16667
128.50000
102.41667
84.66667
84.33334
66.50000
69.00000
66.33334
78.50000
53.25000
71.66667
75.00000
84.41667
102.58334
114.91667
121.16667
119.66667
122.08334
131.75000
144.66667
162.75000
179.33334
187.75000
168.75000
136.00000
134.33334
127.91667
120.08334
113.50000
122.75000
130.08334
130.91667
117.50000
114.91667
82.41667
111.91667
109.25000
89.91667
86.16667
86.33334
80.25000
82.91667
73.41667
74.58334
64.50000
60.33334
88.75000
106.41667
139.25000
139.83334
136.25000
91.08334
77.75000
65.75000
74.50000
71.25000
75.08334
86.08334
90.50000
81.25000
74.16667
77.25000
85.83334
98.58334
120.83334
120.66667
119.33334
121.75000
122.50000
134.83334
160.33334
172.75000
174.91667
149.16667
116.08334
129.91667
129.16667
131.50000
133.00000
137.25000
134.00000
129.75000
121.75000
117.66667
100.33334
129.16667
117.83334
95.66667
91.08334
89.33334
74.75000
76.33334
72.75000
76.66667
62.91667
56.58334
65.83334
92.33334
126.25000
133.00000
128.50000
77.66667
60.50000
56.08334
72.50000
65.41667
63.83334
76.16667
77.66667
76.00000
77.91667
81.33334
86.83334
93.08334
113.08334
120.58334
135.00000
136.00000
116.08334
123.08334
156.66667
168.41667
157.50000
113.66667
111.50000
120.33334
131.33334
142.41667
145.08334
146.41667
121.66667
134.66667
133.16667
122.25000
122.66667
120.91667
117.58334
110.75000
86.16667
85.00000
89.25000
94.00000
74.41667
73.83334
78.58334
51.41667
55.00000
69.91667
104.16667
122.25000
125.25000
74.33334
50.91667
50.25000
67.08334
70.41667
77.16667
104.83334
112.00000
103.75000
105.08334
102.16667
103.66667
104.00000
113.41667
122.33334
132.33334
129.00000
108.66667
113.83334
148.66667
152.16667
133.16667
109.00000
108.66667
118.00000
134.75000
134.25000
152.25000
154.58334
134.08334
127.16667
132.25000
118.25000
128.08334
134.75000
126.83334
119.66667
108.00000
103.33334
96.00000
94.25000
92.58334
86.41667
92.75000
52.58334
43.00000
56.16667
90.83334
109.08334
129.00000
82.66667
68.58334
70.41667
92.00000
103.08334
107.91667
121.50000
115.41667
104.41667
90.08334
99.16667
107.75000
114.00000
119.50000
114.41667
122.50000
123.83334
108.08334
102.75000
122.25000
127.25000
116.08334
111.83334
101.58334
133.00000
143.25000
148.58334
155.33334
151.16667
136.41667
114.25000
114.25000
108.33334
122.83334
138.58334
134.00000
127.83334
125.50000
101.00000
106.08334
87.58334
103.16667
93.33334
87.91667
87.83334
54.08334
58.16667
63.66667
93.33334
117.75000
85.25000
89.33334
103.08334
115.41667
116.41667
119.41667
107.58334
95.83334
90.41667
79.33334
75.33334
82.50000
88.83334
106.58334
110.33334
120.33334
121.58334
97.50000
86.58334
93.75000
108.91667
121.33334
117.58334
109.50000
139.66667
144.33334
143.00000
148.41667
142.33334
122.58334
114.25000
103.75000
107.91667
102.66667
142.58334
146.83334
138.00000
126.50000
121.83334
117.75000
104.16667
119.08334
99.00000
94.75000
93.16667
62.50000
46.16667
49.58334
81.83334
115.41667
76.91667
77.75000
118.25000
132.33334
119.25000
114.50000
97.75000
100.41667
86.25000
73.33334
69.33334
74.83334
96.50000
114.33334
131.08334
124.00000
118.25000
82.50000
63.08334
75.16667
103.08334
116.75000
102.83334
112.58334
140.08334
156.75000
137.91667
143.33334
144.41667
141.75000
128.50000
115.66667
107.41667
110.33334
141.83334
148.58334
138.58334
126.00000
123.25000
114.50000
104.25000
114.58334
105.33334
101.83334
102.58334
90.66667
61.00000
51.33334
64.58334
82.91667
66.41667
72.66667
112.25000
131.58334
134.50000
125.66667
114.83334
115.75000
96.58334
75.66667
85.25000
89.75000
114.83334
123.08334
135.08334
134.58334
111.33334
77.91667
51.91667
49.75000
88.33334
99.66667
92.58334
127.25000
136.08334
150.41667
146.75000
140.50000
151.16667
144.00000
135.83334
125.66667
128.25000
126.83334
141.50000
145.33334
144.75000
124.75000
124.83334
122.41667
103.58334
107.41667
95.33334
111.91667
110.66667
101.91667
85.33334
46.25000
50.25000
54.91667
61.83334
66.58334
92.91667
115.33334
136.33334
124.75000
126.41667
104.41667
91.00000
87.66667
105.25000
117.41667
120.91667
120.33334
120.58334
114.50000
87.25000
71.91667
48.00000
53.58334
72.16667
79.83334
99.83334
112.66667
147.75000
145.33334
145.41667
151.50000
154.08334
142.91667
133.83334
131.91667
127.66667
137.25000
131.41667
132.50000
141.75000
134.66667
112.91667
114.33334
105.58334
102.91667
92.75000
100.50000
107.83334
115.58334
92.83334
81.41667
45.83334
41.50000
52.58334
57.50000
78.75000
95.00000
117.41667
116.25000
95.33334
98.91667
85.25000
75.16667
85.50000
102.50000
110.25000
104.75000
102.25000
83.83334
69.41667
65.08334
60.58334
46.83334
58.91667
83.16667
90.25000
120.83334
129.33334
147.66667
146.75000
160.75000
150.00000
149.50000
136.75000
141.91667
136.25000
139.50000
126.00000
123.50000
140.08334
134.75000
131.08334
116.00000
112.08334
96.66667
97.50000
100.25000
118.33334
110.66667
108.91667
87.83334
79.50000
45.75000
37.16667
44.50000
79.08334
90.58334
96.91667
75.08334
87.25000
80.91667
69.66667
67.33334
76.41667
86.08334
96.91667
89.00000
81.00000
72.75000
63.58334
64.75000
62.25000
42.58334
58.66667
79.75000
94.41667
110.58334
124.00000
139.25000
149.83334
149.33334
139.08334
133.33334
146.08334
140.00000
140.83334
140.50000
129.16667
123.50000
129.91667
130.25000
124.50000
118.75000
116.83334
114.91667
94.00000
106.08334
109.75000
105.75000
118.08334
97.08334
84.91667
70.50000
55.75000
44.25000
66.83334
83.58334
85.91667
68.25000
68.50000
60.50000
62.91667
65.08334
74.00000
77.83334
80.00000
85.00000
82.83334
67.66667
60.00000
52.00000
54.75000
53.75000
67.50000
84.00000
103.83334
108.33334
128.41667
127.91667
137.58334
136.50000
139.50000
127.75000
137.75000
137.16667
148.16667
149.58334
131.41667
126.58334
119.66667
129.83334
125.41667
119.41667
121.00000
123.66667
105.50000
101.83334
105.00000
108.25000
125.00000
119.00000
105.33334
81.16667
68.08334
60.08334
58.08334
72.33334
78.91667
72.50000
73.91667
62.41667
62.41667
62.91667
66.33334
77.50000
83.16667
87.83334
87.91667
79.58334
56.16667
45.33334
49.25000
69.91667
79.25000
90.33334
106.41667
112.66667
123.50000
122.16667
125.50000
133.58334
129.91667
121.91667
131.50000
136.75000
149.08334
142.16667
133.33334
127.50000
122.75000
124.75000
130.91667
128.66667
125.33334
119.00000
113.33334
110.16667
116.58334
116.91667
119.00000
133.50000
109.41667
97.16667
78.83334
66.41667
66.91667
78.58334
72.91667
72.33334
77.00000
66.75000
61.91667
64.75000
73.08334
82.91667
85.50000
81.50000
90.66667
86.08334
61.75000
55.33334
60.58334
74.00000
90.16667
98.41667
109.08334
112.33334
122.16667
118.41667
124.08334
124.08334
117.75000
125.25000
127.33334
141.33334
146.25000
144.91667
