66.41667
51.75000
51.33334
51.66667
39.66667
39.33334
40.58334
45.33334
55.50000
65.33334
62.00000
66.58334
60.50000
56.33334
57.75000
68.08334
75.41667
69.33334
69.16667
67.91667
74.91667
97.08334
101.25000
130.08334
151.41667
161.33334
166.33334
171.66667
169.33334
168.00000
168.75000
164.08334
156.41667
150.16667
134.33334
112.58334
82.41667
77.50000
66.41667
41.25000
29.50000
36.58334
33.83334
31.83333
31.41667
44.00000
51.08334
57.50000
60.50000
68.50000
60.00000
46.58334
45.33334
46.75000
40.91667
45.25000
52.91667
60.50000
71.08334
79.83334
80.33334
78.00000
69.08334
68.91667
76.66667
82.50000
86.08334
80.91667
81.75000
80.08334
108.41667
125.25000
142.83334
165.58334
179.41667
185.33334
185.08334
188.75000
188.50000
181.08334
175.33334
175.66667
172.25000
167.00000
156.00000
141.16667
104.16667
87.83334
82.83334
55.91667
37.83334
35.66667
36.00000
34.16667
31.50000
37.41667
47.08334
52.83334
55.41667
65.25000
52.16667
42.41667
42.00000
41.08334
47.58334
52.91667
57.66667
73.41667
89.08334
94.91667
104.58334
89.08334
78.75000
77.25000
95.33334
110.16667
104.25000
104.75000
109.25000
128.75000
154.66667
160.50000
181.00000
190.83334
197.66667
203.91667
203.16667
203.16667
202.75000
197.16667
196.16667
198.00000
185.83334
178.41667
166.25000
155.66667
126.16667
99.75000
90.91667
68.83334
44.91667
37.41667
39.08334
32.50000
31.75000
31.83333
42.16667
51.50000
55.41667
61.33334
47.25000
40.00000
39.41667
42.66667
50.25000
59.75000
64.08334
81.16667
96.50000
113.33334
119.58334
104.25000
100.00000
122.08334
133.08334
138.08334
134.25000
133.83334
150.00000
168.50000
185.08334
179.08334
199.91667
204.66667
205.75000
207.83334
208.58334
208.83334
209.00000
206.08334
208.00000
205.83334
203.66667
187.25000
176.58334
165.75000
142.66667
113.16667
97.66667
79.75000
54.41667
46.25000
44.91667
35.66667
32.83334
30.75000
38.75000
52.83334
50.41667
58.83334
42.91667
39.58334
35.33334
48.16667
54.58334
65.41667
68.41667
89.91667
115.33334
128.25000
122.33334
118.16667
124.91667
142.00000
154.41667
156.16667
148.91667
171.83334
178.66667
195.50000
198.00000
189.41667
207.83334
207.50000
206.58334
209.75000
210.66667
210.41667
211.08334
211.00000
211.50000
211.00000
205.50000
199.33334
181.58334
170.00000
156.00000
130.50000
104.50000
92.66667
67.91667
51.50000
45.25000
40.33334
34.91667
32.16667
37.41667
48.41667
49.66667
57.33334
43.66667
36.33334
39.75000
46.91667
55.00000
66.08334
73.25000
105.41667
132.75000
137.50000
127.00000
141.83334
152.66667
166.50000
181.83334
175.08334
174.41667
196.08334
191.83334
208.58334
205.16667
198.08334
209.91667
208.91667
212.08334
212.25000
212.00000
213.50000
215.16667
213.91667
211.50000
210.91667
207.66667
204.50000
194.66667
175.33334
160.91667
136.25000
115.66667
97.25000
79.33334
55.00000
44.33334
44.83334
39.08334
34.58334
35.58334
47.75000
48.08334
55.50000
46.41667
35.25000
43.58334
48.58334
62.91667
65.33334
84.58334
117.91667
143.25000
144.83334
136.66667
161.41667
172.08334
188.50000
194.58334
180.08334
192.33334
208.08334
201.33334
210.83334
206.16667
206.50000
214.00000
211.41667
217.58334
217.83334
217.16667
217.41667
216.75000
214.33334
212.50000
209.66667
208.33334
205.41667
201.16667
186.25000
168.00000
142.16667
128.58334
104.25000
86.16667
61.75000
49.33334
50.00000
43.50000
40.00000
37.00000
48.33334
48.25000
52.58334
44.08334
34.16667
41.33334
50.91667
64.50000
68.08334
91.16667
128.41667
150.58334
157.16667
159.91667
176.00000
185.75000
197.00000
196.66667
194.75000
202.16667
210.00000
203.33334
211.08334
208.75000
211.83334
213.66667
215.83334
216.41667
215.00000
216.00000
216.91667
214.83334
215.91667
214.16667
211.25000
209.33334
205.83334
202.83334
197.58334
172.50000
146.41667
132.41667
112.33334
87.58334
67.08334
57.08334
51.91667
45.50000
38.91667
38.50000
51.66667
50.08334
54.83334
38.91667
33.58334
39.91667
59.41667
64.58334
69.50000
97.91667
132.75000
156.83334
167.50000
173.16667
191.16667
195.16667
200.66667
200.66667
206.41667
208.25000
208.00000
205.83334
209.41667
207.83334
211.50000
210.41667
209.25000
210.33334
209.75000
212.00000
211.91667
211.41667
212.83334
212.00000
211.41667
209.33334
206.75000
203.00000
198.91667
184.50000
153.33334
130.66667
112.83334
93.50000
71.83334
58.58334
54.75000
45.50000
37.66667
41.16667
52.00000
50.66667
54.00000
37.41667
35.16667
42.83334
59.33334
59.16667
70.91667
104.83334
140.16667
161.66667
173.08334
181.50000
197.83334
199.00000
200.83334
199.16667
207.50000
208.25000
204.58334
206.75000
205.75000
206.50000
207.33334
208.33334
206.41667
207.00000
209.08334
206.16667
205.41667
206.25000
203.58334
204.33334
203.50000
201.83334
202.16667
201.50000
200.66667
190.16667
160.00000
130.83334
117.66667
99.50000
75.25000
61.00000
56.16667
47.58334
37.75000
40.00000
47.58334
51.00000
55.41667
37.91667
36.83334
40.83334
55.50000
59.91667
75.16667
107.50000
142.25000
164.00000
176.83334
189.75000
196.50000
196.75000
199.75000
198.58334
202.16667
203.00000
202.16667
203.50000
202.41667
204.66667
206.50000
207.25000
207.50000
205.50000
205.91667
204.08334
204.16667
203.00000
203.75000
202.91667
202.91667
199.91667
198.33334
200.08334
197.50000
188.00000
161.50000
130.83334
119.41667
103.33334
83.83334
66.25000
57.25000
45.50000
41.83334
38.33334
46.41667
51.00000
57.33334
41.66667
37.25000
43.00000
55.41667
57.08334
73.91667
107.58334
141.00000
163.66667
178.83334
192.16667
194.16667
189.41667
189.91667
190.08334
190.83334
195.66667
200.50000
201.66667
204.16667
205.83334
207.75000
211.16667
209.33334
208.50000
210.50000
207.00000
207.75000
212.08334
213.58334
211.58334
208.58334
200.66667
185.50000
167.66667
154.33334
163.16667
160.58334
125.33334
115.58334
106.41667
90.58334
69.50000
56.16667
45.16667
39.00000
39.08334
44.91667
52.00000
57.83334
43.83334
38.58334
43.08334
53.16667
61.58334
80.08334
103.66667
135.33334
160.91667
178.91667
192.00000
189.25000
186.16667
186.91667
185.33334
188.66667
190.83334
195.58334
203.83334
206.08334
209.66667
212.66667
212.75000
211.91667
210.83334
214.50000
210.25000
212.08334
210.41667
201.83334
193.83334
188.08334
167.58334
152.91667
152.41667
145.41667
133.41667
128.66667
116.00000
105.58334
106.58334
96.16667
75.83334
58.91667
45.25000
39.00000
37.16667
41.50000
51.08334
57.33334
45.91667
41.66667
44.58334
54.91667
65.75000
85.66667
108.83334
128.50000
158.00000
179.41667
186.33334
178.66667
178.83334
181.33334
185.75000
188.25000
188.41667
188.41667
193.16667
196.91667
202.33334
211.16667
212.50000
213.75000
213.50000
215.58334
213.50000
204.50000
187.75000
171.41667
159.08334
134.00000
123.50000
133.41667
120.83334
111.50000
103.50000
94.83334
76.83334
83.16667
98.25000
99.16667
69.66667
60.16667
45.66667
38.00000
37.58334
45.58334
53.91667
59.33334
49.16667
46.25000
48.58334
53.66667
72.00000
85.00000
109.91667
128.50000
150.00000
163.58334
153.50000
147.00000
151.75000
160.00000
173.33334
176.91667
168.08334
154.00000
161.50000
173.66667
191.58334
199.16667
206.16667
209.66667
210.16667
211.58334
202.41667
183.58334
159.25000
138.58334
107.50000
89.00000
101.08334
111.16667
109.75000
120.66667
112.25000
104.41667
91.83334
80.91667
89.41667
97.41667
74.41667
61.41667
45.66667
35.75000
39.00000
56.66667
67.91667
59.58334
51.83334
51.25000
50.91667
55.75000
79.41667
88.83334
100.25000
129.58334
147.08334
138.08334
122.75000
119.00000
121.16667
131.33334
136.83334
134.50000
133.08334
133.58334
143.33334
162.75000
171.91667
180.91667
192.50000
198.41667
200.16667
198.25000
180.83334
164.91667
142.16667
116.66667
101.66667
107.16667
117.66667
119.41667
136.33334
135.66667
136.83334
130.91667
118.91667
101.00000
88.08334
97.33334
82.25000
64.66667
46.50000
35.16667
43.83334
59.58334
63.75000
74.00000
55.58334
55.33334
55.75000
62.08334
78.91667
86.83334
95.50000
116.41667
125.41667
112.91667
111.91667
109.91667
109.33334
100.41667
103.08334
104.91667
89.66667
110.66667
127.50000
146.75000
157.91667
174.50000
182.25000
192.16667
193.58334
190.25000
175.75000
152.25000
140.58334
122.66667
128.33334
137.08334
144.91667
155.91667
165.83334
166.25000
174.33334
170.33334
158.83334
130.16667
105.66667
98.41667
91.58334
70.83334
49.58334
45.66667
61.58334
65.83334
78.58334
89.58334
56.91667
56.33334
60.91667
71.83334
78.25000
83.25000
88.91667
121.91667
117.08334
110.08334
121.00000
122.75000
128.83334
131.75000
129.83334
131.33334
115.58334
139.16667
133.75000
143.33334
154.08334
166.75000
176.66667
191.66667
198.25000
193.00000
175.83334
153.25000
131.33334
130.16667
135.33334
133.91667
130.75000
128.91667
143.66667
147.41667
141.41667
151.75000
158.00000
138.16667
123.50000
106.33334
101.08334
77.41667
52.16667
55.58334
63.41667
71.33334
89.83334
87.58334
61.83334
57.91667
62.41667
82.08334
81.08334
82.08334
85.08334
123.16667
112.83334
116.25000
132.16667
132.16667
141.00000
147.75000
141.58334
131.83334
126.50000
132.16667
148.16667
156.66667
158.08334
156.75000
172.33334
190.16667
203.08334
198.16667
180.58334
146.08334
119.16667
129.08334
138.58334
118.75000
86.16667
67.16667
75.75000
104.00000
103.75000
112.66667
142.16667
132.00000
129.33334
114.00000
118.50000
83.33334
70.66667
56.75000
55.83334
79.66667
86.16667
87.41667
65.58334
58.16667
65.08334
80.75000
84.16667
79.91667
83.08334
125.00000
125.66667
121.58334
129.75000
138.25000
135.08334
132.33334
129.16667
125.50000
123.66667
120.83334
125.50000
124.16667
133.50000
143.66667
158.91667
185.66667
201.83334
202.16667
183.08334
145.08334
103.08334
117.25000
133.58334
149.83334
127.75000
101.16667
104.41667
140.50000
139.58334
131.83334
142.00000
138.00000
134.58334
123.25000
129.33334
89.25000
73.50000
58.58334
77.33334
90.83334
87.08334
93.33334
65.50000
63.66667
65.91667
86.58334
91.83334
83.25000
84.66667
127.33334
136.08334
128.66667
123.91667
122.41667
121.25000
131.41667
111.16667
74.91667
83.58334
105.08334
142.58334
127.58334
148.66667
163.58334
151.41667
184.08334
200.33334
202.25000
186.08334
156.91667
129.58334
108.08334
134.66667
149.50000
152.16667
125.16667
139.50000
166.00000
164.91667
170.33334
168.75000
150.91667
140.41667
132.33334
127.83334
107.00000
73.25000
79.66667
87.41667
96.66667
87.25000
98.00000
65.16667
74.58334
67.33334
93.75000
102.50000
88.66667
92.58334
131.00000
144.66667
136.16667
130.58334
121.66667
115.00000
136.25000
144.00000
115.33334
106.83334
126.83334
155.66667
137.83334
138.00000
157.91667
147.91667
182.33334
200.50000
198.50000
188.50000
165.50000
148.33334
143.66667
159.33334
166.91667
186.91667
163.16667
176.66667
169.25000
172.75000
181.66667
189.50000
175.83334
146.58334
137.00000
125.33334
120.66667
70.00000
88.08334
105.91667
106.91667
102.41667
99.33334
66.25000
75.75000
72.41667
99.66667
103.75000
97.50000
97.58334
131.83334
158.16667
150.00000
150.41667
154.33334
151.08334
157.50000
157.83334
142.33334
151.50000
166.08334
149.66667
160.41667
161.91667
161.66667
165.58334
182.16667
197.33334
197.08334
195.66667
169.08334
160.33334
156.58334
168.00000
171.41667
187.33334
174.25000
175.25000
182.08334
185.41667
187.16667
195.25000
193.50000
153.91667
138.16667
124.75000
124.91667
76.50000
107.58334
104.83334
99.83334
102.50000
95.58334
65.16667
75.00000
82.58334
114.41667
111.08334
102.25000
105.16667
130.83334
165.25000
158.75000
167.16667
174.58334
177.66667
173.58334
185.91667
181.08334
160.83334
163.58334
173.58334
162.83334
161.08334
169.08334
169.00000
180.00000
194.16667
196.08334
198.66667
178.25000
169.00000
172.50000
183.58334
188.00000
186.16667
187.41667
186.16667
197.66667
198.08334
192.41667
190.33334
194.83334
158.58334
141.91667
128.33334
124.50000
92.25000
105.66667
107.00000
113.83334
112.08334
93.50000
64.91667
75.66667
86.41667
118.25000
120.50000
105.75000
114.16667
134.33334
169.25000
168.75000
178.58334
184.33334
184.00000
177.33334
169.33334
171.41667
177.16667
184.25000
184.25000
184.16667
181.41667
174.08334
173.08334
181.91667
194.50000
195.75000
198.83334
187.83334
177.50000
170.08334
183.66667
195.75000
199.33334
199.50000
201.66667
204.16667
201.83334
198.91667
198.08334
196.33334
167.16667
145.91667
136.16667
119.66667
94.83334
113.00000
114.08334
120.58334
113.33334
96.41667
67.83334
77.25000
91.41667
124.83334
127.58334
113.16667
112.75000
135.33334
166.83334
177.41667
186.25000
192.58334
187.58334
188.50000
195.83334
201.25000
199.66667
192.00000
192.75000
192.25000
186.00000
176.83334
176.25000
183.75000
193.58334
198.00000
196.66667
192.50000
186.25000
179.83334
183.00000
190.66667
204.25000
205.08334
204.83334
204.66667
207.08334
209.41667
206.16667
198.66667
175.83334
152.25000
136.16667
118.08334
96.58334
118.75000
128.50000
129.00000
109.75000
99.66667
71.50000
78.08334
93.00000
125.16667
135.16667
116.00000
110.16667
134.50000
166.41667
178.50000
187.83334
194.25000
198.08334
201.58334
200.08334
198.66667
197.66667
196.66667
196.16667
192.25000
190.91667
182.58334
176.16667
185.41667
197.16667
199.41667
202.00000
194.25000
185.91667
179.75000
179.83334
178.83334
195.00000
207.66667
212.00000
210.66667
211.41667
212.66667
209.25000
201.08334
183.41667
152.83334
135.33334
114.08334
104.83334
124.58334
121.83334
124.41667
105.41667
96.91667
70.33334
85.25000
91.50000
127.33334
136.66667
137.91667
121.33334
127.08334
157.00000
179.41667
186.16667
195.91667
202.41667
205.08334
205.91667
202.41667
201.16667
199.00000
194.66667
198.25000
189.25000
177.41667
181.83334
186.25000
197.58334
199.58334
202.58334
192.33334
172.08334
169.75000
177.83334
172.25000
193.08334
201.16667
209.58334
212.00000
212.91667
214.41667
208.66667
199.25000
184.41667
151.08334
133.16667
110.50000
114.50000
123.75000
127.33334
125.16667
113.75000
97.00000
72.75000
82.58334
91.16667
124.25000
128.25000
150.16667
148.50000
128.33334
149.91667
175.75000
181.08334
194.25000
200.83334
207.00000
207.66667
205.08334
202.66667
203.41667
200.91667
199.41667
183.41667
180.16667
177.41667
170.33334
173.41667
185.00000
185.33334
176.50000
177.91667
167.83334
172.50000
172.58334
188.25000
202.66667
208.16667
212.41667
213.00000
212.25000
206.75000
198.33334
186.91667
159.25000
128.58334
112.75000
119.08334
127.00000
126.00000
126.08334
118.08334
95.08334
77.41667
75.33334
91.91667
116.41667
119.41667
152.50000
165.66667
143.91667
152.41667
172.91667
180.16667
189.58334
199.25000
206.83334
209.08334
207.25000
208.58334
206.33334
203.16667
203.33334
183.50000
173.66667
178.00000
174.91667
181.58334
183.50000
182.50000
180.08334
169.75000
167.50000
174.25000
170.75000
184.75000
198.33334
206.25000
211.41667
211.83334
208.91667
204.08334
197.41667
183.16667
158.08334
124.08334
114.00000
125.16667
132.41667
128.83334
121.16667
111.83334
92.91667
87.08334
78.66667
93.41667
111.91667
113.16667
153.75000
163.00000
154.41667
145.83334
172.08334
178.16667
185.25000
195.58334
205.33334
208.16667
209.25000
209.16667
208.91667
203.66667
201.25000
178.91667
170.58334
165.33334
158.91667
173.16667
178.25000
177.08334
167.16667
154.25000
154.66667
165.33334
166.91667
177.41667
192.58334
201.25000
204.25000
206.58334
207.41667
202.41667
195.91667
182.08334
153.75000
123.50000
122.00000
124.75000
130.75000
122.58334
112.33334
105.41667
90.16667
90.33334
85.33334
93.58334
105.00000
111.58334
153.08334
165.16667
164.50000
147.08334
168.25000
174.75000
182.08334
193.41667
201.33334
205.58334
206.00000
208.41667
209.16667
208.00000
200.00000
182.75000
171.00000
175.91667
167.50000
147.58334
144.25000
153.83334
163.41667
164.91667
166.91667
169.08334
169.83334
180.16667
194.25000
196.25000
199.83334
201.16667
202.33334
199.08334
193.58334
174.25000
153.33334
133.33334
122.08334
127.25000
124.58334
123.00000
111.33334
92.25000
80.83334
103.66667
89.33334
97.25000
106.16667
112.50000
143.25000
160.00000
166.16667
161.91667
164.25000
171.58334
178.75000
192.91667
198.50000
202.58334
203.91667
205.75000
206.58334
207.75000
201.75000
187.66667
168.66667
151.16667
154.75000
153.75000
149.33334
156.83334
151.25000
165.25000
163.58334
168.58334
178.16667
193.50000
192.58334
193.41667
197.58334
198.33334
197.25000
196.91667
188.41667
170.75000
154.00000
133.75000
120.16667
123.75000
121.25000
114.41667
100.16667
93.50000
73.66667
107.58334
102.50000
106.16667
105.08334
119.83334
130.25000
148.08334
168.00000
169.83334
168.66667
168.16667
176.50000
191.83334
194.50000
198.41667
201.75000
203.08334
204.58334
202.75000
198.58334
192.50000
182.66667
172.66667
163.25000
155.50000
163.75000
163.66667
169.75000
175.58334
170.83334
182.00000
189.16667
188.91667
187.91667
186.75000
190.91667
194.33334
191.66667
191.00000
182.66667
169.33334
157.33334
133.25000
124.50000
124.00000
120.75000
113.08334
93.75000
86.75000
72.00000
105.08334
104.33334
101.33334
107.50000
113.83334
125.83334
149.75000
162.08334
176.25000
171.66667
165.50000
171.50000
186.83334
194.08334
197.58334
199.58334
201.00000
202.00000
198.75000
193.50000
188.75000
185.00000
180.91667
179.08334
179.16667
173.91667
172.58334
175.00000
180.16667
185.50000
183.83334
179.16667
178.00000
177.41667
177.91667
185.00000
188.91667
189.83334
184.58334
177.83334
162.41667
157.66667
134.25000
128.58334
124.50000
119.75000
113.41667
99.58334
84.41667
70.41667
97.16667
107.50000
100.75000
105.25000
113.41667
125.00000
138.91667
158.16667
172.08334
166.50000
169.00000
168.58334
180.25000
188.41667
193.08334
196.66667
198.58334
197.66667
197.00000
190.66667
183.66667
181.16667
182.41667
183.16667
180.33334
176.75000
176.50000
176.41667
177.66667
177.58334
181.58334
182.08334
177.08334
167.58334
171.08334
181.08334
183.83334
186.33334
184.16667
176.75000
154.83334
160.08334
135.41667
122.91667
120.16667
114.08334
103.50000
96.08334
83.50000
72.50000
101.91667
107.75000
103.91667
99.91667
109.25000
120.08334
129.41667
155.66667
167.25000
164.25000
165.83334
164.16667
172.83334
182.25000
187.08334
189.50000
191.08334
192.66667
189.50000
186.91667
182.91667
179.08334
175.50000
172.58334
172.83334
172.83334
173.25000
172.16667
178.00000
175.75000
179.25000
170.16667
166.25000
166.08334
165.50000
172.66667
175.16667
172.83334
180.91667
176.58334
155.66667
156.83334
133.33334
117.08334
109.50000
106.41667
96.41667
86.50000
84.58334
74.83334
101.58334
111.33334
106.66667
96.00000
101.00000
118.00000
116.16667
141.33334
152.83334
166.91667
168.83334
163.50000
167.25000
177.08334
180.25000
182.25000
185.00000
185.08334
183.33334
182.50000
175.16667
167.25000
161.00000
168.83334
182.00000
189.75000
192.33334
191.25000
187.58334
184.00000
178.66667
172.25000
170.00000
167.83334
166.00000
175.25000
178.16667
180.16667
180.41667
175.91667
157.91667
153.16667
133.58334
116.00000
109.33334
101.75000
96.66667
87.75000
90.66667
74.50000
102.66667
114.00000
110.33334
100.66667
94.25000
105.16667
113.00000
126.00000
141.41667
156.33334
168.08334
159.41667
166.08334
174.33334
178.08334
182.75000
184.00000
186.25000
180.91667
171.41667
156.08334
153.91667
166.16667
174.91667
173.00000
175.66667
176.33334
173.66667
180.16667
180.08334
176.83334
179.75000
172.75000
183.75000
178.16667
181.66667
183.41667
181.75000
182.33334
167.00000
159.33334
154.33334
130.50000
113.66667
113.25000
104.41667
102.58334
94.33334
94.08334
79.83334
106.66667
115.33334
111.75000
103.00000
94.58334
100.75000
102.41667
111.25000
135.00000
156.33334
162.83334
160.16667
160.41667
170.75000
176.41667
178.25000
180.25000
181.08334
181.91667
176.58334
172.58334
170.16667
163.00000
153.58334
153.91667
164.33334
173.16667
172.75000
172.58334
170.33334
163.16667
158.83334
162.91667
167.00000
176.33334
185.00000
182.58334
180.91667
177.25000
160.66667
152.50000
149.33334
124.16667
114.50000
116.50000
103.08334
102.50000
94.91667
95.91667
84.08334
100.41667
111.50000
100.75000
96.00000
92.41667
101.00000
104.91667
104.50000
121.66667
147.83334
159.58334
157.66667
159.08334
165.16667
175.25000
176.75000
179.91667
177.58334
179.58334
177.25000
171.83334
168.66667
160.08334
163.16667
161.83334
160.50000
156.83334
159.41667
168.41667
157.66667
168.58334
157.41667
159.66667
159.08334
169.83334
175.58334
179.91667
179.66667
176.75000
163.33334
156.75000
152.16667
118.83334
118.16667
118.00000
103.91667
105.33334
93.16667
100.25000
88.66667
97.75000
98.91667
100.91667
101.66667
94.08334
99.41667
104.75000
101.25000
115.16667
132.66667
141.50000
154.83334
152.83334
162.83334
173.25000
174.58334
176.08334
174.91667
171.66667
168.58334
162.83334
154.16667
149.08334
156.08334
156.33334
169.58334
159.00000
166.58334
167.83334
178.66667
185.33334
188.25000
181.50000
179.00000
173.75000
182.50000
180.33334
177.33334
173.66667
160.75000
155.91667
151.75000
120.83334
117.91667
118.00000
107.41667
105.91667
96.50000
99.83334
89.66667
99.58334
96.58334
103.50000
103.16667
91.25000
101.66667
102.58334
104.25000
109.08334
127.75000
135.00000
143.83334
150.50000
156.33334
168.33334
173.25000
175.91667
176.25000
177.08334
173.66667
171.50000
170.50000
178.41667
176.58334
180.83334
183.16667
187.25000
189.75000
191.83334
191.75000
190.16667
185.00000
182.50000
181.08334
183.91667
183.50000
178.25000
172.00000
171.66667
157.91667
150.33334
145.75000
123.08334
120.25000
119.50000
108.75000
107.00000
104.41667
104.08334
95.25000
112.41667
94.33334
106.50000
100.33334
103.25000
100.25000
103.16667
104.33334
106.00000
116.00000
125.83334
138.91667
147.58334
152.16667
161.91667
168.16667
174.00000
175.41667
179.33334
182.00000
185.91667
184.58334
181.83334
178.41667
178.16667
181.08334
183.50000
184.50000
182.75000
178.58334
179.50000
177.33334
178.83334
181.66667
187.66667
178.25000
171.75000
168.33334
168.83334
153.16667
141.83334
143.25000
125.50000
124.91667
119.50000
112.58334
110.41667
108.25000
107.50000
96.91667
121.41667
102.75000
107.08334
91.25000
106.00000
103.08334
100.33334
103.08334
107.08334
110.91667
123.00000
133.50000
145.25000
154.00000
158.25000
162.58334
173.50000
175.50000
178.33334
186.00000
186.50000
186.75000
183.58334
181.83334
178.16667
175.25000
174.25000
174.25000
178.00000
181.83334
185.16667
187.33334
187.25000
190.16667
185.25000
172.50000
164.41667
163.50000
159.00000
148.25000
135.25000
133.08334
123.00000
128.91667
121.50000
111.50000
117.75000
114.00000
108.66667
104.25000
120.33334
103.91667
105.50000
102.66667
105.08334
104.83334
105.58334
105.50000
104.66667
113.16667
119.75000
129.25000
137.25000
151.41667
156.83334
155.75000
167.25000
172.75000
175.66667
178.75000
184.41667
185.66667
185.83334
184.83334
181.00000
181.50000
181.75000
184.66667
185.66667
190.41667
191.50000
189.08334
189.75000
189.58334
174.58334
167.33334
159.25000
156.91667
147.25000
138.33334
128.58334
132.41667
122.16667
126.25000
118.16667
115.66667
125.58334
120.75000
113.41667
105.08334
123.00000
111.00000
112.83334
116.16667
123.58334
117.00000
112.16667
116.75000
118.33334
118.08334
117.83334
123.00000
137.41667
146.75000
154.00000
155.83334
160.00000
166.83334
177.16667
174.66667
177.91667
182.08334
182.08334
186.16667
189.66667
189.00000
189.66667
188.83334
189.25000
192.33334
191.91667
189.75000
185.33334
174.33334
165.08334
160.16667
154.83334
152.33334
141.66667
132.41667
129.08334
134.58334
124.08334
126.91667
120.00000
119.66667
127.41667
125.16667
116.25000
106.25000
122.25000
115.58334
112.75000
120.58334
127.41667
123.00000
125.41667
120.91667
128.00000
124.08334
132.50000
137.25000
148.83334
151.16667
164.33334
159.58334
154.08334
156.66667
171.00000
173.66667
175.00000
176.25000
179.50000
182.33334
184.41667
184.00000
187.16667
190.00000
188.00000
184.75000
182.08334
180.25000
173.00000
166.41667
160.75000
157.41667
151.33334
145.83334
132.25000
132.66667
133.75000
132.75000
123.83334
129.00000
125.91667
124.41667
132.41667
124.66667
116.66667
109.08334
123.50000
127.41667
115.91667
122.25000
133.16667
131.25000
132.41667
128.83334
135.00000
128.25000
136.00000
136.75000
137.08334
145.50000
152.00000
159.08334
161.16667
151.91667
158.25000
164.75000
168.50000
168.75000
174.66667
175.33334
177.50000
179.00000
177.75000
176.16667
177.58334
175.25000
175.41667
170.50000
161.66667
158.50000
152.33334
149.33334
143.66667
135.00000
130.16667
136.16667
137.00000
133.00000
124.66667
129.50000
128.08334
130.41667
133.33334
130.08334
120.83334
114.08334
122.58334
138.83334
116.16667
126.16667
129.41667
139.33334
134.83334
134.08334
135.91667
129.25000
141.91667
144.66667
139.00000
139.33334
146.00000
154.41667
160.00000
151.41667
149.08334
154.58334
159.91667
160.08334
163.16667
165.75000
166.75000
169.41667
168.83334
167.00000
165.91667
165.08334
161.58334
159.25000
157.58334
155.08334
154.41667
148.50000
137.58334
127.08334
127.33334
130.16667
131.75000
130.25000
123.16667
128.50000
128.58334
126.33334
131.41667
125.41667
121.25000
117.41667
