54.50000
51.90000
50.00000
42.60000
42.20000
46.30000
50.10000
48.60000
50.40000
50.60000
52.00000
51.50000
51.50000
51.50000
47.50000
45.10000
43.30000
44.40000
49.40000
41.50000
43.60000
38.10000
40.10000
42.10000
42.00000
43.30000
41.30000
41.90000
38.10000
43.30000
47.20000
50.70000
56.00000
62.30000
54.20000
53.40000
54.00000
55.20000
55.20000
51.90000
52.60000
49.90000
47.70000
46.90000
52.10000
55.30000
58.10000
61.00000
63.10000
77.10000
47.00000
43.30000
39.20000
38.00000
39.20000
45.30000
43.90000
47.70000
51.10000
53.30000
49.00000
52.80000
56.70000
50.40000
43.90000
46.00000
47.10000
45.50000
45.50000
44.20000
42.10000
38.40000
45.80000
40.90000
39.90000
43.00000
43.80000
41.10000
39.00000
44.40000
50.90000
57.60000
66.40000
68.20000
64.60000
55.80000
56.80000
59.10000
59.00000
54.50000
54.30000
51.20000
49.30000
46.50000
51.00000
52.50000
58.90000
79.10000
77.10000
106.80000
39.10000
33.30000
34.10000
30.10000
37.10000
40.50000
45.10000
43.20000
55.60000
49.10000
52.30000
52.10000
55.10000
47.00000
48.10000
46.20000
47.50000
49.30000
47.60000
44.80000
40.80000
40.70000
42.90000
39.00000
39.40000
41.80000
45.60000
42.70000
44.30000
50.80000
58.70000
64.50000
76.10000
75.10000
76.60000
62.50000
54.30000
59.80000
64.70000
61.50000
57.80000
51.50000
50.80000
49.10000
46.60000
56.80000
57.70000
75.40000
90.80000
121.10000
33.50000
29.60000
25.80000
26.00000
35.60000
34.00000
40.10000
40.80000
44.20000
47.40000
50.00000
50.80000
51.80000
48.90000
47.90000
51.40000
49.90000
51.40000
45.90000
44.90000
42.10000
44.70000
43.80000
40.00000
43.10000
42.40000
46.50000
44.30000
48.70000
54.70000
61.70000
74.70000
83.80000
88.10000
83.20000
75.80000
60.90000
56.60000
64.50000
67.10000
63.00000
56.10000
51.80000
49.50000
45.60000
54.40000
65.10000
93.90000
93.40000
107.80000
29.30000
27.50000
21.40000
26.60000
29.00000
35.00000
34.80000
38.90000
41.70000
47.40000
44.00000
51.50000
49.60000
48.80000
51.40000
51.40000
53.40000
48.70000
44.50000
44.90000
45.20000
49.10000
43.70000
43.80000
46.10000
45.80000
49.40000
48.40000
54.50000
60.80000
70.90000
83.50000
93.40000
100.50000
94.10000
86.50000
66.20000
57.00000
63.70000
69.30000
67.10000
59.60000
52.60000
48.70000
46.00000
40.10000
63.00000
94.70000
112.60000
125.70000
27.20000
19.50000
20.40000
24.90000
25.00000
34.30000
31.10000
37.40000
42.60000
44.90000
43.70000
50.00000
46.80000
52.30000
50.10000
55.40000
53.20000
47.40000
46.40000
48.80000
52.30000
48.80000
46.10000
48.00000
49.70000
46.60000
49.80000
52.20000
59.70000
68.10000
81.00000
96.80000
106.60000
105.90000
100.00000
92.40000
79.30000
63.40000
66.60000
69.00000
68.80000
62.40000
57.00000
47.80000
45.20000
38.40000
43.40000
70.10000
107.40000
125.50000
20.20000
17.00000
18.50000
20.60000
27.30000
26.20000
28.40000
32.70000
38.30000
41.10000
46.30000
50.00000
45.70000
50.70000
54.00000
55.10000
48.00000
48.70000
52.30000
57.00000
54.00000
50.40000
51.10000
49.30000
52.90000
50.80000
52.00000
56.80000
64.40000
75.40000
88.00000
107.40000
116.60000
114.70000
107.90000
99.30000
93.20000
76.30000
71.70000
67.40000
67.00000
64.60000
59.00000
48.30000
44.90000
39.20000
37.60000
50.40000
100.90000
122.20000
16.50000
15.50000
20.00000
18.70000
26.40000
22.30000
28.40000
33.00000
32.50000
39.20000
42.40000
44.70000
48.40000
46.30000
52.80000
55.00000
54.10000
56.50000
56.80000
54.00000
52.00000
52.90000
51.40000
51.00000
56.60000
52.30000
55.20000
61.40000
72.00000
81.40000
100.20000
115.40000
124.50000
122.80000
117.20000
109.50000
102.90000
89.60000
79.70000
69.80000
65.90000
64.40000
60.90000
51.90000
41.70000
39.70000
34.50000
40.20000
84.70000
117.10000
14.30000
20.90000
23.20000
20.30000
21.60000
21.90000
29.10000
35.80000
36.40000
40.00000
41.00000
39.20000
45.60000
47.90000
57.50000
57.20000
62.00000
55.00000
52.60000
51.80000
51.80000
55.00000
52.90000
52.10000
59.70000
55.20000
59.60000
68.30000
77.90000
90.90000
109.90000
123.90000
132.80000
136.20000
124.50000
121.20000
111.70000
107.50000
89.80000
74.40000
67.60000
63.30000
59.40000
52.20000
41.60000
38.90000
33.50000
36.00000
66.90000
102.40000
15.30000
27.00000
24.20000
20.80000
19.70000
20.50000
33.30000
36.60000
37.30000
38.90000
41.50000
45.20000
49.70000
56.00000
63.40000
61.50000
57.30000
52.10000
53.50000
54.30000
55.90000
61.80000
58.10000
56.40000
65.20000
59.90000
67.30000
76.30000
83.90000
101.80000
119.30000
135.70000
145.70000
139.20000
131.00000
131.90001
128.60001
123.00000
106.00000
86.60000
71.70000
65.60000
57.90000
52.30000
41.40000
37.70000
35.50000
35.30000
49.70000
84.60000
16.40000
26.20000
25.40000
18.70000
15.90000
21.80000
32.20000
37.60000
37.70000
39.80000
44.80000
48.60000
57.10000
64.90000
68.00000
58.20000
53.80000
54.10000
58.30000
64.40000
69.30000
64.90000
65.90000
68.70000
66.20000
66.70000
76.50000
79.50000
90.80000
112.60000
132.70000
144.90001
141.80000
140.70000
135.40001
136.50000
142.80000
138.50000
127.80000
102.50000
84.80000
66.80000
54.90000
48.70000
42.20000
39.70000
38.60000
32.30000
44.40000
66.00000
19.40000
26.20000
21.30000
18.20000
15.40000
25.70000
33.80000
39.60000
42.30000
43.90000
52.10000
59.90000
70.80000
73.90000
67.40000
55.60000
56.90000
60.50000
67.30000
75.50000
67.70000
72.80000
66.60000
69.50000
69.80000
72.80000
78.20000
89.10000
102.80000
128.10001
133.20000
139.50000
133.10001
130.10001
128.80000
133.10001
141.90001
138.60001
141.70000
119.90000
103.50000
65.90000
55.30000
48.00000
41.90000
36.00000
41.90000
37.00000
42.00000
54.20000
17.40000
26.50000
21.40000
17.00000
20.30000
31.60000
36.90000
42.70000
46.60000
53.70000
60.10000
73.80000
76.20000
70.90000
62.10000
61.60000
68.00000
73.50000
82.30000
80.70000
77.20000
76.70000
71.70000
70.30000
72.70000
77.40000
87.80000
96.20000
116.20000
126.00000
129.40001
128.30000
119.70000
121.80000
121.90000
129.20000
135.80000
133.90001
129.50000
122.90000
112.50000
77.50000
62.20000
51.10000
44.00000
43.00000
54.50000
53.40000
44.80000
52.30000
16.90000
24.80000
21.80000
23.60000
30.10000
43.10000
45.70000
50.10000
63.00000
72.00000
83.50000
91.00000
79.20000
69.70000
61.10000
63.70000
68.10000
80.30000
91.40000
93.60000
88.50000
87.60000
84.40000
82.00000
80.70000
85.30000
83.10000
100.00000
118.50000
123.60000
114.60000
111.80000
118.30000
128.40001
133.50000
141.30000
143.20000
143.30000
141.50000
139.40001
135.20000
99.30000
80.50000
63.10000
52.80000
55.60000
65.60000
62.20000
60.00000
54.10000
20.20000
25.70000
25.80000
31.80000
52.10000
69.70000
72.80000
77.00000
88.70000
108.70000
108.70000
103.80000
100.30000
90.40000
85.40000
89.10000
93.40000
96.80000
106.30000
104.40000
113.20000
115.00000
105.90000
100.40000
94.40000
99.50000
108.90000
117.30000
132.80000
134.40001
129.30000
129.80000
146.00000
151.60001
158.90001
163.30000
159.90001
158.00000
153.50000
146.50000
137.90001
134.50000
102.90000
78.00000
67.90000
65.70000
67.50000
65.30000
64.50000
56.40000
25.90000
30.30000
27.00000
37.70000
66.20000
87.40000
95.90000
100.30000
127.90000
136.50000
129.60001
124.50000
117.50000
127.70000
122.30000
125.20000
127.90000
127.30000
126.30000
126.90000
136.10001
133.90001
127.20000
126.50000
132.00000
138.80000
140.30000
144.50000
152.00000
155.00000
151.30000
160.10001
164.60001
169.30000
168.90001
164.60001
163.50000
157.90001
155.60001
153.00000
147.90001
144.60001
123.20000
98.00000
78.20000
67.40000
69.10000
77.90000
77.10000
59.50000
33.20000
36.60000
28.40000
42.80000
74.90000
96.50000
104.80000
115.90000
139.80000
137.40001
127.60000
122.70000
123.20000
128.40001
119.80000
120.00000
116.10000
119.70000
141.60001
141.50000
141.40001
145.50000
148.60001
154.50000
166.30000
169.10001
162.40001
163.00000
158.80000
159.80000
155.40001
148.50000
136.60001
136.20000
140.20000
140.70000
140.80000
147.80000
139.20000
145.20000
146.60001
146.30000
131.00000
109.90000
86.00000
76.80000
78.50000
96.40000
87.70000
69.40000
39.40000
39.30000
28.40000
48.40000
87.20000
102.50000
110.70000
127.50000
137.90001
130.70000
125.70000
123.70000
113.70000
120.70000
112.00000
103.90000
106.10000
112.80000
137.50000
141.10001
140.70000
149.20000
165.10001
174.20000
180.80000
175.80000
170.20000
163.20000
150.60001
146.20000
134.50000
133.20000
115.70000
120.60000
108.50000
99.20000
112.80000
127.70000
127.70000
145.80000
150.70000
149.50000
153.60001
123.70000
105.00000
83.60000
86.30000
101.20000
91.60000
69.70000
40.90000
41.70000
29.50000
55.90000
97.00000
107.60000
118.00000
138.30000
142.80000
136.20000
125.80000
113.70000
110.30000
102.90000
108.10000
112.50000
110.00000
124.30000
115.80000
123.80000
145.50000
151.70000
173.00000
177.70000
178.20000
174.50000
170.30000
155.30000
146.40001
140.90001
117.40000
121.10000
125.60000
103.90000
91.60000
96.40000
103.60000
136.70000
131.30000
138.80000
146.90001
153.10001
156.70000
133.40001
124.20000
104.40000
98.20000
100.80000
110.30000
81.30000
51.30000
38.60000
32.30000
61.50000
103.00000
111.90000
122.10000
146.00000
144.20000
136.20000
134.20000
128.70000
128.80000
106.70000
99.00000
99.00000
99.50000
124.00000
128.80000
122.00000
139.00000
153.20000
170.00000
177.20000
177.10001
177.00000
172.70000
158.70000
152.50000
137.90001
134.00000
143.20000
128.30000
120.50000
120.10000
120.20000
122.60000
133.00000
137.50000
145.00000
153.20000
156.50000
157.80000
140.50000
131.00000
113.80000
107.50000
113.40000
119.20000
88.70000
68.20000
45.50000
39.40000
70.40000
104.70000
114.70000
125.50000
149.20000
148.40001
146.30000
148.20000
148.50000
148.00000
132.30000
113.90000
129.50000
131.50000
119.60000
133.50000
150.50000
152.40001
155.90001
168.40001
173.20000
175.90001
179.10001
173.70000
169.20000
164.10001
158.80000
150.10001
148.30000
154.20000
154.10001
156.90001
142.60001
157.50000
156.50000
152.30000
156.80000
155.90001
158.80000
161.80000
144.90001
135.00000
123.80000
112.00000
115.40000
122.90000
93.80000
75.90000
47.10000
53.10000
79.30000
107.00000
114.90000
128.20000
151.20000
150.80000
154.10001
158.70000
161.80000
150.80000
143.50000
143.30000
150.70000
137.90001
140.00000
149.40001
157.50000
160.30000
165.70000
172.50000
173.90001
177.90001
178.80000
178.50000
175.50000
169.80000
169.90001
168.20000
169.70000
171.70000
173.20000
176.00000
168.10001
167.50000
169.60001
170.70000
178.80000
172.80000
164.70000
164.00000
146.90001
135.40001
128.80000
115.50000
122.60000
129.60001
109.20000
68.60000
49.10000
66.60000
86.90000
109.20000
114.80000
130.20000
153.80000
156.30000
172.60001
175.30000
176.60001
178.20000
173.20000
168.80000
167.30000
166.20000
170.30000
171.10001
171.50000
172.40001
173.50000
176.10001
177.40001
181.80000
182.90001
182.90001
182.20000
179.30000
180.30000
182.50000
187.00000
188.80000
190.00000
189.90001
190.10001
187.40001
187.20000
188.30000
187.30000
181.40001
173.70000
167.30000
154.10001
135.00000
132.00000
120.80000
125.50000
134.50000
112.80000
68.70000
59.00000
74.60000
93.10000
109.00000
116.00000
131.10001
155.90001
162.00000
178.90001
182.20000
185.50000
190.10001
190.10001
186.30000
182.00000
175.60001
179.30000
180.90001
180.10001
178.20000
175.90001
177.40001
178.50000
186.70000
186.80000
187.10001
184.20000
184.50000
185.30000
191.20000
194.90001
200.60001
202.10001
203.70000
201.60001
202.40001
199.00000
198.50000
192.80000
186.30000
177.50000
170.40001
156.90001
139.60001
137.80000
126.50000
130.00000
136.80000
114.00000
69.20000
66.70000
78.90000
98.00000
110.20000
113.20000
129.90001
156.40001
166.90001
178.00000
187.40001
191.10001
201.60001
201.40001
197.10001
193.10001
188.90001
189.80000
187.60001
183.60001
179.30000
176.10001
175.90001
180.30000
185.70000
187.40001
188.40001
185.70000
187.40001
189.30000
193.90001
201.10001
207.30000
208.20000
210.50000
210.00000
206.90001
203.70000
200.90001
199.00000
189.60001
179.60001
171.10001
156.90001
143.90001
136.60001
133.50000
128.00000
133.00000
104.90000
64.30000
71.10000
84.00000
99.10000
109.40000
110.90000
127.10000
156.20000
164.80000
171.90001
193.10001
194.10001
203.30000
207.10001
204.80000
204.10001
201.50000
198.50000
191.90001
183.90001
178.10001
175.00000
174.90001
178.70000
182.90001
183.70000
185.70000
183.90001
186.80000
189.60001
195.40001
200.40001
207.80000
211.80000
211.80000
210.70000
210.20000
208.70000
202.80000
198.30000
187.40001
177.80000
171.40001
151.80000
144.30000
142.20000
138.70000
133.00000
130.50000
100.70000
66.20000
70.00000
83.40000
96.90000
109.70000
112.70000
122.40000
150.80000
160.00000
168.80000
186.90001
193.70000
203.20000
204.90001
204.90001
209.40001
206.20000
201.60001
193.80000
181.80000
175.40001
168.80000
169.10001
173.80000
179.60001
181.10001
183.00000
180.70000
183.20000
187.30000
192.50000
202.50000
211.00000
215.10001
217.70000
216.20000
212.60001
207.20000
196.50000
187.50000
182.20000
175.30000
169.30000
147.50000
140.80000
138.70000
133.80000
129.80000
119.80000
94.10000
66.40000
62.00000
86.50000
91.60000
113.60000
111.00000
117.70000
144.30000
155.50000
162.90001
175.80000
188.30000
200.80000
204.20000
206.40001
210.00000
208.10001
201.60001
192.20000
180.50000
168.40001
168.50000
174.40001
176.60001
179.10001
183.50000
185.50000
177.90001
176.30000
182.40001
193.40001
200.60001
211.60001
218.70000
219.40001
216.10001
208.30000
199.30000
187.50000
181.40001
179.30000
174.10001
162.80000
146.80000
140.70000
141.70000
136.70000
132.00000
110.90000
90.50000
66.50000
58.90000
82.10000
90.00000
111.60000
109.40000
115.80000
130.10001
149.20000
154.20000
162.60001
181.00000
195.00000
198.20000
205.50000
205.70000
201.90001
199.10001
188.30000
175.70000
169.20000
178.40001
178.30000
181.50000
184.00000
190.90001
185.20000
175.60001
173.90001
179.20000
190.70000
200.80000
214.90001
218.70000
215.40001
210.70000
203.00000
191.00000
180.30000
176.00000
172.80000
165.30000
153.30000
138.90001
133.90001
137.10001
136.00000
127.20000
106.30000
90.30000
61.10000
64.40000
72.90000
91.20000
110.40000
109.60000
112.40000
126.60000
143.60001
147.90001
156.20000
171.30000
188.30000
192.20000
199.10001
198.10001
198.00000
192.30000
186.40001
178.40001
180.00000
181.40001
177.40001
196.00000
196.00000
189.60001
173.00000
164.90001
165.20000
165.70000
178.90001
198.30000
204.50000
209.90001
208.40001
203.30000
189.90001
178.00000
173.90001
171.10001
158.90001
152.00000
136.80000
129.00000
133.10001
131.40001
134.10001
103.80000
96.80000
93.10000
48.90000
67.00000
61.70000
83.80000
106.80000
109.80000
109.70000
122.00000
140.60001
143.10001
149.20000
158.00000
180.30000
186.90001
190.00000
191.60001
195.20000
186.30000
175.50000
171.50000
165.80000
156.50000
168.00000
172.10001
173.50000
170.10001
151.90001
132.80000
133.90001
148.90001
160.80000
177.90001
196.00000
205.00000
201.30000
191.20000
176.70000
170.70000
168.60001
165.70000
165.20000
162.00000
140.80000
132.60001
131.00000
124.10000
119.60000
98.70000
98.40000
93.20000
37.90000
57.70000
60.20000
83.20000
114.10000
115.90000
109.60000
118.20000
139.60001
142.80000
146.60001
151.10001
165.40001
183.20000
188.00000
192.20000
191.90001
183.20000
173.00000
162.40001
148.00000
143.40001
148.50000
150.60001
143.50000
139.10001
129.40001
140.50000
154.90001
161.20000
170.60001
184.60001
198.60001
201.90001
196.70000
183.70000
179.30000
172.60001
167.50000
165.80000
164.00000
161.00000
140.80000
135.00000
134.90001
120.70000
114.20000
98.50000
90.20000
88.70000
39.10000
42.00000
58.80000
75.40000
95.00000
108.60000
110.20000
114.30000
138.80000
142.60001
147.60001
151.00000
156.90001
177.10001
182.00000
192.80000
193.90001
184.90001
174.20000
165.20000
162.50000
160.30000
160.50000
159.20000
159.70000
158.40001
162.20000
154.00000
153.50000
167.50000
179.40001
196.70000
201.80000
202.30000
198.40001
187.40001
177.20000
171.40001
168.60001
168.00000
163.90001
160.50000
141.20000
134.70000
130.50000
121.40000
105.80000
101.20000
93.30000
95.60000
38.80000
37.10000
52.60000
72.10000
83.80000
102.90000
109.80000
113.70000
134.80000
141.60001
147.40001
151.60001
157.30000
168.60001
181.40001
185.30000
187.20000
186.30000
179.70000
174.00000
171.90001
176.70000
176.60001
180.00000
174.10001
172.80000
174.40001
172.50000
176.10001
184.10001
190.60001
199.50000
201.90001
200.60001
197.80000
189.90001
176.00000
170.90001
168.10001
164.40001
162.70000
159.30000
138.50000
130.40001
119.30000
116.30000
105.60000
99.30000
86.20000
84.90000
37.70000
34.60000
44.40000
74.60000
77.00000
99.60000
109.80000
109.00000
128.50000
142.60001
148.10001
152.90001
158.60001
164.90001
177.00000
184.20000
186.00000
184.50000
177.80000
178.40001
178.50000
181.90001
184.80000
188.10001
186.80000
186.60001
190.30000
189.40001
184.80000
184.20000
190.90001
198.10001
197.00000
200.20000
197.20000
190.10001
176.80000
170.50000
166.30000
163.50000
160.90001
158.40001
138.50000
129.10001
116.80000
105.80000
107.00000
98.60000
84.30000
83.90000
36.80000
36.60000
39.80000
69.50000
72.90000
91.00000
109.10000
109.90000
125.50000
141.30000
147.30000
153.70000
159.00000
162.40001
170.30000
180.20000
183.50000
181.20000
176.10001
174.80000
177.80000
181.60001
185.80000
188.80000
194.30000
192.10001
190.30000
188.00000
186.60001
183.10001
189.80000
192.60001
193.50000
197.40001
194.70000
187.80000
178.10001
170.00000
164.60001
162.40001
159.50000
155.20000
137.10001
125.70000
111.20000
100.00000
104.50000
98.20000
72.20000
80.80000
37.40000
37.70000
36.00000
58.50000
67.00000
74.50000
99.90000
106.90000
122.20000
141.40001
146.60001
151.50000
157.00000
162.20000
165.10001
176.00000
177.70000
175.80000
171.60001
170.80000
174.60001
176.70000
183.60001
186.50000
187.30000
185.50000
186.80000
187.50000
182.80000
181.60001
182.80000
185.60001
185.90001
188.20000
187.80000
182.40001
175.80000
170.10001
164.00000
161.50000
157.80000
149.20000
136.00000
126.70000
105.70000
93.20000
94.40000
92.40000
72.70000
73.90000
37.40000
38.40000
32.80000
45.70000
51.80000
51.90000
79.10000
101.90000
122.40000
140.30000
146.80000
151.30000
156.10001
160.40001
162.00000
163.20000
168.00000
166.50000
159.40001
164.90001
169.90001
171.20000
175.10001
179.60001
182.10001
181.20000
178.50000
173.50000
173.60001
171.60001
173.20000
175.00000
177.20000
178.10001
177.80000
175.30000
173.60001
168.80000
163.90001
159.00000
152.80000
137.50000
127.30000
117.60000
100.90000
84.70000
83.50000
89.90000
71.80000
74.20000
39.50000
38.70000
35.40000
42.80000
41.50000
46.20000
64.40000
99.30000
119.10000
137.50000
146.70000
150.10001
153.80000
157.30000
157.30000
153.40001
146.50000
143.60001
144.30000
147.30000
151.60001
153.70000
156.10001
155.40001
159.10001
156.90001
151.70000
149.70000
149.60001
150.20000
150.00000
147.80000
152.00000
165.10001
169.10001
168.30000
167.90001
163.10001
156.30000
152.90001
148.40001
126.00000
122.10000
110.10000
90.10000
80.60000
72.90000
70.60000
66.20000
76.00000
43.30000
40.60000
38.00000
41.50000
47.10000
45.60000
57.50000
87.50000
112.70000
133.90001
147.10001
149.90001
155.30000
160.40001
157.70000
147.10001
132.30000
125.20000
123.10000
124.10000
132.60001
137.10001
134.00000
134.20000
131.70000
123.90000
129.60001
133.30000
135.80000
139.40001
137.40001
147.40001
158.00000
160.40001
163.50000
164.50000
161.40001
159.90001
154.30000
151.50000
149.90001
128.50000
126.90000
109.80000
89.10000
83.80000
82.90000
74.40000
72.60000
76.80000
47.30000
44.30000
39.80000
37.00000
44.10000
42.70000
57.60000
68.80000
104.50000
128.30000
146.70000
150.40001
157.70000
161.40001
162.30000
155.50000
151.40001
146.20000
140.10001
133.20000
149.40001
152.90001
152.80000
149.90001
148.30000
146.60001
149.70000
152.60001
152.10001
154.10001
158.50000
163.30000
165.50000
171.40001
173.90001
179.80000
176.60001
167.90001
162.40001
157.70000
142.60001
131.10001
128.00000
106.10000
92.20000
83.80000
82.10000
72.00000
75.50000
83.30000
46.30000
42.20000
38.60000
34.20000
39.50000
46.90000
50.30000
59.20000
92.10000
122.20000
143.20000
149.00000
154.90001
159.50000
160.80000
157.20000
154.50000
154.60001
150.70000
151.50000
152.60001
155.80000
151.60001
155.20000
158.90001
161.50000
162.90001
160.00000
159.60001
160.00000
161.50000
164.70000
169.90001
173.50000
178.90001
179.80000
176.10001
168.20000
161.90001
158.90001
139.70000
133.10001
120.00000
102.80000
91.50000
80.40000
71.20000
74.70000
84.20000
81.90000
43.40000
42.30000
37.20000
32.00000
36.60000
46.50000
49.00000
55.30000
77.70000
115.70000
136.50000
147.70000
152.50000
156.20000
157.40001
156.70000
157.30000
156.40001
153.90001
153.30000
157.00000
168.00000
169.40001
170.40001
166.00000
162.90001
161.10001
160.80000
162.90001
163.70000
163.30000
165.00000
168.60001
174.10001
176.80000
175.30000
172.30000
166.60001
161.30000
149.20000
139.50000
132.80000
116.00000
103.30000
88.40000
81.30000
87.40000
83.40000
96.60000
98.60000
40.50000
42.60000
36.30000
34.80000
31.90000
42.80000
38.60000
58.40000
65.50000
101.00000
128.50000
146.10001
151.20000
154.60001
156.20000
157.60001
156.60001
156.90001
154.90001
155.20000
157.30000
172.40001
174.50000
174.30000
172.70000
170.90001
169.30000
168.80000
168.40001
168.10001
167.90001
169.30000
171.20000
174.30000
175.20000
174.40001
171.00000
164.90001
161.20000
140.60001
138.40001
127.70000
113.80000
98.00000
88.10000
92.30000
86.80000
84.30000
100.10000
98.20000
42.70000
44.90000
37.30000
32.70000
35.00000
37.10000
44.90000
49.60000
58.00000
86.90000
112.50000
138.20000
149.80000
153.90001
156.40001
157.30000
157.60001
158.60001
157.30000
158.00000
158.70000
175.50000
175.70000
177.80000
178.40001
177.80000
179.00000
178.40001
176.30000
176.00000
176.60001
174.80000
176.00000
174.30000
173.70000
173.30000
168.50000
164.00000
146.80000
137.30000
136.80000
138.10001
114.00000
100.10000
100.80000
99.60000
88.60000
88.40000
100.10000
94.60000
57.90000
52.80000
43.80000
33.20000
49.70000
41.60000
49.40000
50.30000
52.40000
79.50000
99.90000
124.30000
145.00000
150.90001
154.40001
155.30000
157.70000
157.60001
157.60001
162.50000
163.70000
179.90001
181.70000
182.10001
181.80000
184.30000
186.20000
186.00000
184.50000
184.20000
182.20000
178.70000
176.50000
177.90001
175.30000
171.30000
165.30000
152.80000
142.20000
136.40001
138.20000
136.90001
117.10000
98.90000
100.90000
92.90000
88.40000
86.10000
87.50000
95.30000
63.80000
65.40000
59.70000
53.30000
47.20000
61.30000
62.40000
49.60000
47.20000
76.00000
96.10000
110.10000
134.30000
146.10001
149.50000
153.40001
155.80000
156.10001
158.80000
161.90001
164.30000
181.00000
185.90001
187.30000
188.00000
187.90001
188.80000
187.40001
184.80000
183.60001
180.10001
176.80000
176.60001
175.50000
171.10001
166.40001
161.90001
148.60001
138.50000
134.80000
136.00000
132.10001
110.50000
100.30000
98.40000
93.20000
86.30000
88.30000
86.00000
93.30000
81.20000
64.60000
66.30000
59.90000
58.00000
64.30000
56.40000
58.10000
52.20000
69.90000
93.70000
103.10000
120.20000
137.30000
145.00000
149.10001
150.60001
153.10001
156.80000
160.80000
164.70000
184.20000
189.90001
192.30000
189.70000
189.10001
187.30000
186.50000
182.40001
179.70000
178.00000
176.40001
175.30000
171.20000
165.80000
160.00000
156.60001
146.80000
139.60001
132.90001
144.20000
123.60000
113.20000
102.60000
93.70000
95.80000
88.40000
87.40000
86.90000
76.70000
84.00000
63.90000
69.30000
69.30000
61.80000
58.50000
57.70000
69.40000
66.80000
70.60000
97.10000
100.70000
119.60000
125.00000
141.30000
144.50000
146.70000
150.80000
154.50000
159.80000
162.80000
179.70000
185.50000
188.50000
186.60001
183.60001
180.90001
180.40001
176.40001
173.90001
173.00000
171.70000
167.60001
162.10001
158.10001
154.80000
149.90001
146.50000
140.10001
130.50000
141.00000
120.20000
113.90000
97.00000
95.60000
94.60000
92.00000
86.50000
84.90000
77.20000
90.20000
77.20000
81.80000
80.00000
78.40000
66.60000
66.50000
75.00000
72.70000
77.50000
109.10000
113.30000
125.80000
128.40001
129.30000
142.20000
144.80000
147.50000
151.50000
155.60001
157.40001
169.40001
176.50000
178.40001
177.90001
178.50000
175.80000
172.10001
168.20000
166.00000
165.30000
161.80000
157.40001
155.00000
151.70000
149.30000
144.90001
145.80000
137.10001
128.80000
142.50000
119.20000
108.90000
99.70000
100.10000
95.20000
91.70000
89.30000
82.70000
75.00000
