43.83334
34.00000
32.75000
35.25000
35.25000
35.33334
34.83334
40.08334
43.16667
48.08334
56.91667
70.16667
88.50000
107.50000
113.50000
118.00000
118.75000
118.16667
120.16667
122.08334
127.83334
135.16667
144.75000
146.33334
152.25000
157.25000
160.33334
162.00000
160.25000
157.25000
155.66667
153.33334
146.50000
126.75000
116.08334
107.91667
100.16667
73.58334
54.25000
47.75000
43.16667
40.25000
35.00000
32.91667
51.58334
56.75000
48.83334
56.25000
73.66667
97.00000
32.25000
26.75000
29.91667
32.08334
33.75000
32.91667
38.75000
42.66667
43.58334
56.91667
71.00000
90.75000
110.08334
114.08334
117.08334
118.50000
124.58334
132.75000
138.41667
142.91667
154.75000
159.00000
161.58334
164.08334
164.58334
167.41667
168.25000
166.33334
166.50000
164.66667
164.75000
163.41667
159.83334
152.00000
133.83334
116.50000
109.66667
90.08334
71.41667
52.33334
44.25000
37.66667
33.16667
29.66667
39.66667
51.50000
50.50000
48.83334
60.91667
89.91667
31.83333
30.00000
32.08334
35.00000
32.41667
31.16667
41.16667
35.16667
46.75000
64.08334
80.08334
104.66667
112.66667
117.66667
122.58334
130.41667
143.25000
149.25000
154.00000
161.41667
163.66667
166.58334
167.58334
170.16667
171.33334
171.75000
173.08334
170.75000
170.41667
170.08334
167.83334
166.50000
163.00000
158.08334
148.25000
138.25000
120.33334
105.66667
83.16667
67.08334
53.50000
41.83334
35.66667
34.25000
45.91667
43.25000
46.33334
50.08334
61.66667
84.91667
27.66667
32.41667
33.75000
33.41667
31.33333
25.83333
30.91667
40.75000
57.66667
74.50000
98.16667
111.16667
117.41667
124.16667
140.08334
150.00000
155.50000
168.91667
166.08334
166.66667
166.33334
169.41667
170.91667
172.66667
176.00000
175.08334
173.91667
175.41667
171.58334
172.66667
171.66667
168.75000
164.50000
157.58334
155.16667
145.91667
134.58334
120.41667
99.33334
82.41667
58.66667
48.25000
39.41667
35.25000
41.16667
36.66667
35.00000
43.25000
50.00000
73.66667
33.91667
29.75000
33.91667
30.66667
26.58333
31.58333
33.83334
45.58334
65.66667
90.25000
109.33334
117.83334
126.50000
139.00000
152.08334
159.25000
164.41667
168.91667
169.25000
169.25000
168.25000
169.75000
172.16667
173.41667
175.66667
176.08334
177.91667
178.16667
175.16667
174.25000
175.75000
170.33334
163.25000
158.58334
156.58334
151.00000
144.33334
133.08334
115.91667
88.91667
77.66667
53.66667
41.41667
36.25000
35.08334
45.00000
38.75000
35.33334
54.50000
71.83334
24.41667
27.16667
28.16667
30.00000
26.08333
26.75000
39.41667
58.75000
78.00000
102.91667
114.08334
128.00000
140.58334
149.25000
155.91667
163.16667
167.16667
171.33334
172.50000
174.16667
173.83334
174.75000
177.75000
178.00000
177.00000
177.91667
179.08334
177.83334
179.75000
176.66667
175.41667
169.41667
164.66667
159.83334
158.00000
153.91667
147.66667
142.66667
125.91667
105.41667
85.66667
62.75000
45.66667
35.75000
31.00000
38.91667
33.25000
42.33334
41.50000
59.75000
28.33333
23.83333
22.50000
22.66667
21.25000
30.16667
42.75000
65.83334
86.91667
110.08334
123.00000
136.50000
150.91667
156.00000
160.08334
161.00000
168.75000
170.00000
173.75000
175.33334
178.33334
176.58334
177.58334
174.58334
175.75000
177.08334
176.58334
176.25000
175.33334
173.08334
171.16667
168.50000
165.00000
160.83334
157.00000
153.33334
151.50000
145.58334
138.58334
120.66667
91.83334
75.83334
45.75000
33.91667
30.25000
35.00000
31.75000
32.41667
37.08334
55.16667
28.16667
27.16667
25.91667
17.91667
20.91667
32.75000
45.25000
68.58334
94.16667
118.75000
130.75000
143.66667
149.91667
156.83334
160.16667
160.58334
164.33334
169.25000
171.41667
171.00000
172.58334
174.50000
174.16667
169.50000
169.83334
168.83334
168.33334
168.08334
171.00000
168.58334
165.66667
164.66667
163.50000
162.50000
158.16667
155.66667
153.41667
145.75000
143.00000
132.00000
102.75000
81.08334
48.41667
31.25000
27.08333
27.33333
27.75000
30.66667
29.41667
49.83334
26.08333
28.25000
24.08333
19.50000
26.91667
33.91667
48.58334
72.25000
101.00000
121.33334
140.50000
148.50000
153.16667
156.75000
157.33334
157.58334
159.41667
160.50000
165.50000
166.58334
167.50000
169.16667
170.00000
170.75000
167.66667
166.58334
165.16667
165.33334
166.66667
167.25000
167.33334
169.00000
165.41667
162.66667
160.00000
158.41667
155.41667
148.75000
142.58334
137.91667
115.75000
87.41667
54.58334
34.91667
26.50000
25.41667
26.08333
29.25000
33.50000
51.33334
30.33333
29.08333
21.91667
20.75000
24.08333
37.75000
51.66667
79.50000
112.41667
133.00000
144.75000
150.08334
152.91667
155.00000
156.91667
157.66667
159.58334
162.16667
162.50000
165.83334
169.16667
169.50000
170.75000
171.50000
170.91667
170.16667
171.08334
171.16667
170.91667
169.58334
170.16667
167.50000
167.50000
165.50000
158.41667
157.16667
155.00000
149.08334
142.16667
138.08334
126.66667
99.50000
64.25000
37.50000
26.50000
26.00000
25.83333
28.83333
37.58334
51.50000
35.16667
30.25000
15.83333
20.08333
25.50000
35.75000
56.50000
79.83334
119.16667
139.83334
144.75000
149.33334
152.16667
155.25000
158.16667
163.33334
165.16667
167.83334
168.25000
163.83334
165.00000
169.16667
172.00000
168.91667
169.58334
168.58334
168.66667
172.16667
173.41667
171.50000
171.58334
168.75000
164.16667
156.83334
155.58334
153.41667
150.08334
146.16667
140.41667
136.66667
133.33334
111.41667
77.91667
42.41667
29.58333
26.91667
23.58333
28.50000
40.50000
57.00000
34.50000
31.91667
17.58333
19.66667
29.41667
41.25000
61.50000
88.08334
127.08334
141.25000
146.00000
148.08334
149.16667
153.91667
159.75000
166.16667
167.00000
169.33334
168.91667
168.33334
165.91667
167.08334
168.16667
173.33334
174.83334
173.16667
172.08334
175.75000
173.50000
166.08334
157.50000
159.08334
157.66667
148.75000
148.16667
139.16667
135.58334
135.08334
135.16667
136.08334
134.08334
115.16667
91.50000
48.75000
35.58334
31.33333
24.41667
31.25000
44.16667
56.00000
38.83334
30.16667
21.00000
20.25000
31.00000
46.08334
65.83334
95.25000
136.00000
140.50000
140.91667
139.66667
139.33334
139.50000
144.58334
151.50000
158.83334
161.00000
164.41667
170.08334
172.66667
172.25000
170.50000
173.33334
175.75000
173.75000
174.00000
175.58334
160.91667
160.75000
152.66667
140.66667
134.75000
128.66667
127.33334
118.08334
105.58334
109.50000
125.66667
131.16667
135.41667
118.33334
108.41667
63.83334
38.33334
34.83334
32.16667
32.58334
46.50000
52.41667
48.33334
34.00000
26.50000
26.41667
33.75000
48.91667
69.08334
101.50000
137.58334
141.75000
135.25000
125.33334
122.66667
115.00000
112.41667
110.91667
122.16667
130.75000
146.25000
154.33334
161.83334
166.83334
166.08334
170.50000
170.91667
168.41667
166.75000
158.33334
154.41667
142.83334
135.66667
126.33334
119.83334
118.50000
109.50000
108.58334
99.00000
96.83334
100.66667
117.08334
130.83334
120.83334
115.50000
88.00000
42.08334
37.33334
36.25000
40.58334
49.00000
58.58334
45.91667
41.00000
32.16667
32.58334
37.00000
51.41667
70.50000
107.33334
139.08334
137.16667
133.83334
120.91667
123.25000
103.41667
101.66667
110.91667
111.33334
113.58334
119.00000
123.08334
134.08334
144.50000
155.08334
159.83334
164.41667
159.25000
155.33334
146.75000
136.00000
127.00000
121.83334
117.16667
116.58334
120.83334
133.33334
135.75000
130.50000
122.08334
104.08334
109.16667
131.25000
121.41667
114.83334
104.91667
45.83334
41.50000
53.50000
43.33334
56.33334
62.75000
43.08334
43.33334
39.58334
38.66667
39.41667
53.16667
71.83334
108.33334
137.33334
137.00000
122.75000
119.50000
114.58334
118.08334
131.50000
118.08334
121.00000
119.08334
119.83334
116.66667
117.75000
133.00000
134.75000
150.75000
153.16667
157.25000
153.00000
142.00000
131.66667
127.66667
124.33334
130.66667
144.33334
155.66667
160.75000
157.91667
153.16667
144.66667
145.66667
125.08334
131.66667
131.25000
123.00000
112.25000
60.33334
41.16667
58.08334
46.50000
57.41667
66.75000
46.41667
39.33334
38.83334
38.00000
40.41667
51.00000
70.33334
112.91667
134.91667
131.25000
126.91667
126.16667
126.08334
132.08334
141.25000
150.83334
143.16667
134.83334
132.83334
129.33334
128.58334
131.33334
139.66667
144.58334
153.00000
155.25000
148.91667
140.91667
138.75000
133.58334
136.91667
146.91667
156.50000
157.33334
155.91667
152.00000
143.25000
142.66667
137.50000
134.33334
141.33334
140.41667
126.50000
116.50000
64.83334
49.41667
56.00000
60.25000
57.25000
66.41667
45.83334
43.16667
39.08334
35.41667
41.41667
59.50000
69.25000
109.66667
136.08334
132.75000
134.33334
132.00000
136.91667
145.08334
151.25000
161.08334
155.66667
151.00000
145.00000
139.08334
137.66667
134.25000
138.58334
146.50000
149.83334
151.66667
144.16667
141.41667
130.75000
137.16667
135.08334
132.83334
124.50000
125.16667
122.83334
133.91667
131.91667
133.16667
137.75000
135.75000
148.50000
143.00000
126.08334
114.83334
77.91667
54.00000
58.91667
65.16667
66.66667
67.58334
45.75000
46.16667
47.00000
40.25000
50.25000
64.41667
73.50000
106.33334
133.16667
133.66667
139.41667
136.83334
143.58334
142.16667
145.66667
165.83334
147.66667
142.33334
136.50000
132.08334
129.75000
133.00000
133.33334
143.33334
148.25000
160.08334
160.58334
135.75000
123.91667
119.66667
123.00000
101.91667
87.66667
74.16667
96.83334
121.66667
123.50000
126.00000
131.66667
154.16667
142.16667
128.58334
124.08334
117.75000
91.66667
56.16667
63.25000
73.16667
78.83334
70.91667
49.33334
49.58334
46.00000
45.58334
59.33334
67.58334
67.75000
96.75000
125.66667
125.83334
132.66667
128.83334
125.33334
127.50000
129.91667
133.16667
108.91667
104.33334
106.41667
113.16667
132.16667
134.16667
126.58334
131.66667
148.83334
151.83334
150.08334
149.66667
123.00000
116.50000
109.41667
89.66667
60.33334
49.91667
77.66667
101.41667
84.50000
97.83334
119.58334
143.58334
142.50000
136.16667
135.00000
128.16667
111.33334
62.91667
67.08334
77.50000
81.25000
68.33334
63.41667
51.25000
44.83334
45.50000
62.50000
75.58334
72.00000
116.66667
131.33334
138.41667
134.16667
130.25000
111.83334
93.25000
77.16667
81.08334
74.83334
59.50000
90.41667
98.08334
114.66667
128.83334
120.41667
132.66667
149.41667
152.00000
160.83334
145.16667
143.75000
132.91667
116.75000
125.75000
119.91667
112.83334
136.83334
136.91667
125.91667
131.91667
139.00000
149.08334
153.83334
157.75000
141.91667
128.91667
117.33334
79.91667
74.08334
76.41667
81.91667
69.66667
59.66667
51.41667
56.58334
53.16667
64.58334
86.33334
75.00000
124.25000
142.16667
145.58334
146.08334
132.83334
106.75000
94.08334
97.91667
102.41667
97.58334
95.08334
120.50000
130.41667
131.91667
135.66667
136.91667
130.08334
151.08334
157.41667
162.66667
138.58334
133.75000
144.83334
139.66667
131.75000
131.33334
133.25000
138.00000
143.33334
147.25000
147.91667
151.25000
156.41667
160.33334
162.08334
143.25000
130.16667
120.41667
90.50000
80.25000
74.66667
80.83334
77.66667
69.25000
66.41667
60.75000
59.66667
65.00000
99.58334
79.66667
125.75000
143.83334
147.00000
147.75000
140.91667
127.75000
126.66667
129.25000
139.50000
141.25000
137.08334
140.41667
143.50000
141.08334
139.66667
134.91667
130.58334
154.66667
162.08334
167.91667
148.91667
147.33334
150.41667
151.00000
144.16667
136.75000
137.83334
141.58334
144.33334
148.00000
151.91667
158.83334
161.58334
164.58334
159.25000
141.91667
131.25000
124.16667
111.91667
85.00000
76.16667
76.75000
80.25000
68.83334
71.58334
61.08334
60.33334
68.41667
99.91667
86.16667
126.50000
138.50000
153.00000
154.25000
152.66667
141.75000
143.00000
142.75000
142.50000
145.08334
144.75000
145.75000
144.75000
140.00000
143.16667
145.16667
152.91667
161.83334
167.91667
172.08334
161.33334
152.66667
155.16667
163.16667
162.33334
158.75000
155.50000
159.83334
159.33334
161.83334
164.66667
167.16667
167.25000
163.50000
160.91667
139.75000
133.25000
126.50000
117.00000
86.58334
80.08334
78.25000
65.75000
72.50000
75.83334
74.91667
73.41667
73.00000
99.50000
95.66667
122.33334
138.58334
152.75000
159.66667
156.41667
150.08334
150.83334
156.75000
157.00000
152.91667
147.66667
144.66667
139.66667
141.33334
151.58334
155.66667
157.75000
167.25000
167.25000
170.25000
164.25000
160.50000
158.16667
165.00000
165.58334
164.66667
163.08334
164.16667
167.83334
168.41667
168.83334
173.33334
173.00000
166.16667
157.91667
145.83334
131.75000
125.50000
118.91667
83.83334
80.83334
80.83334
66.33334
78.91667
73.25000
76.66667
81.50000
76.08334
94.16667
96.00000
119.41667
136.16667
148.75000
161.66667
162.33334
163.58334
162.08334
163.75000
165.00000
156.91667
150.08334
162.41667
151.16667
159.16667
155.33334
158.33334
163.75000
168.66667
165.75000
171.58334
165.00000
160.33334
158.16667
163.58334
171.91667
173.83334
172.91667
177.08334
174.00000
174.16667
178.25000
171.66667
168.00000
162.58334
153.75000
136.50000
131.33334
124.08334
118.83334
90.50000
83.75000
83.75000
81.50000
76.33334
70.41667
77.00000
80.00000
84.33334
84.25000
106.41667
119.25000
136.00000
143.16667
158.58334
166.91667
167.83334
170.41667
166.83334
166.16667
159.83334
162.58334
164.83334
165.91667
162.25000
157.58334
154.83334
165.75000
170.58334
170.83334
171.41667
167.58334
160.25000
157.33334
160.58334
170.50000
174.00000
174.16667
170.91667
175.91667
175.66667
176.75000
174.25000
167.83334
161.50000
151.08334
134.58334
129.83334
122.50000
119.16667
89.08334
94.75000
91.25000
87.58334
71.50000
76.33334
75.91667
80.66667
85.91667
88.16667
106.41667
118.50000
134.25000
143.25000
154.66667
167.83334
171.91667
176.91667
174.08334
168.00000
166.16667
170.83334
173.00000
164.41667
160.16667
151.16667
157.41667
164.66667
168.91667
168.58334
170.66667
168.58334
159.41667
155.16667
160.33334
167.83334
173.33334
174.00000
172.50000
175.58334
176.66667
175.33334
171.33334
164.25000
158.08334
145.83334
135.08334
127.58334
122.66667
118.16667
100.75000
97.33334
91.25000
98.33334
69.58334
74.50000
77.91667
83.08334
80.83334
94.00000
107.58334
119.58334
129.25000
138.75000
147.58334
164.16667
170.66667
176.00000
175.75000
176.58334
172.25000
174.50000
171.16667
168.83334
156.50000
152.91667
156.16667
161.58334
170.83334
165.75000
171.16667
166.41667
160.50000
156.25000
156.08334
163.75000
175.83334
175.33334
173.33334
176.00000
177.33334
174.08334
168.25000
161.08334
153.58334
147.08334
134.58334
125.75000
121.75000
118.16667
103.16667
93.58334
93.41667
97.33334
72.16667
73.08334
77.16667
85.83334
83.16667
89.16667
103.66667
119.58334
130.25000
136.50000
142.66667
159.33334
167.33334
173.75000
176.58334
176.66667
177.58334
177.08334
172.25000
170.16667
148.91667
137.58334
146.08334
153.00000
162.41667
154.16667
153.25000
161.50000
165.41667
161.16667
155.41667
156.66667
173.25000
176.50000
177.25000
178.41667
175.58334
169.75000
162.33334
153.91667
149.91667
143.08334
132.16667
123.41667
122.50000
110.50000
97.00000
97.25000
96.91667
98.91667
69.25000
75.08334
78.58334
80.00000
86.83334
82.58334
84.91667
115.91667
127.91667
135.50000
138.83334
149.91667
163.16667
167.58334
173.75000
175.91667
181.41667
177.16667
169.83334
160.66667
149.66667
153.25000
144.41667
163.66667
171.33334
168.50000
165.41667
149.75000
145.58334
160.33334
155.58334
153.75000
164.91667
174.50000
174.58334
175.91667
172.50000
165.91667
158.16667
151.66667
148.08334
137.00000
132.25000
123.91667
119.58334
108.83334
100.41667
98.25000
95.25000
98.75000
60.41667
62.00000
71.91667
87.33334
80.58334
84.66667
85.75000
111.75000
125.91667
132.25000
137.83334
141.66667
155.75000
163.91667
168.83334
175.08334
175.58334
175.25000
168.25000
160.91667
152.91667
147.66667
146.83334
153.83334
155.00000
147.00000
153.83334
147.50000
138.41667
140.16667
149.08334
152.41667
160.91667
172.25000
172.58334
172.08334
167.75000
162.25000
154.50000
148.41667
146.75000
134.58334
132.00000
129.16667
121.50000
107.08334
103.83334
96.66667
96.16667
100.25000
57.66667
56.66667
66.16667
78.33334
77.41667
84.66667
82.66667
104.50000
123.50000
128.66667
136.66667
145.33334
150.83334
159.08334
164.08334
169.50000
172.50000
170.58334
166.66667
163.41667
147.58334
142.50000
124.83334
120.91667
127.08334
121.75000
131.00000
128.41667
119.08334
125.66667
139.41667
154.08334
170.33334
174.08334
170.75000
166.41667
163.08334
158.75000
152.66667
148.00000
146.83334
131.16667
128.75000
126.16667
124.41667
105.41667
105.58334
107.25000
99.16667
101.00000
54.41667
56.50000
58.00000
78.58334
79.08334
84.91667
84.50000
92.75000
120.41667
126.50000
132.91667
136.66667
144.08334
153.16667
157.41667
161.08334
165.91667
165.91667
165.16667
163.66667
163.75000
158.50000
150.33334
142.91667
141.41667
142.91667
141.50000
135.16667
137.16667
145.33334
149.91667
164.58334
169.58334
168.83334
166.00000
162.75000
156.33334
154.00000
150.66667
146.00000
143.75000
128.41667
126.75000
121.08334
115.08334
99.66667
119.41667
125.16667
106.33334
106.16667
54.33334
58.25000
61.58334
73.75000
73.83334
89.25000
87.58334
94.16667
118.83334
124.41667
130.16667
135.50000
142.75000
141.58334
148.58334
154.75000
158.41667
160.25000
163.08334
162.08334
160.66667
156.58334
158.41667
151.50000
151.66667
144.91667
157.25000
145.41667
156.66667
156.75000
162.00000
159.66667
163.83334
162.16667
162.00000
156.58334
145.33334
146.83334
145.41667
146.66667
140.58334
133.75000
128.08334
117.83334
113.75000
108.66667
112.16667
137.50000
118.08334
107.50000
52.58334
57.83334
58.00000
72.58334
75.50000
82.41667
91.25000
89.50000
108.66667
120.33334
127.66667
133.41667
133.66667
137.75000
145.33334
150.66667
151.58334
154.41667
158.25000
155.25000
153.75000
151.00000
155.66667
149.00000
151.75000
148.58334
157.91667
147.33334
158.83334
158.66667
157.25000
155.50000
153.08334
149.08334
146.41667
150.66667
148.33334
148.41667
144.58334
144.00000
142.41667
132.16667
129.16667
124.08334
115.00000
104.66667
105.58334
129.16667
129.00000
108.50000
52.50000
56.83334
52.75000
60.50000
72.83334
72.00000
83.00000
84.33334
99.41667
117.41667
124.66667
129.58334
133.83334
143.41667
143.75000
146.08334
149.91667
146.00000
142.75000
139.00000
139.50000
138.91667
144.66667
137.66667
140.33334
144.75000
149.58334
143.25000
143.08334
145.00000
145.25000
144.25000
142.91667
147.50000
145.41667
139.58334
137.83334
134.50000
141.33334
144.66667
141.00000
124.83334
124.41667
119.08334
116.00000
107.58334
119.58334
122.33334
131.16667
96.33334
51.75000
52.83334
53.66667
62.75000
67.66667
77.25000
86.25000
84.00000
98.75000
110.91667
117.75000
128.58334
131.08334
140.08334
134.83334
138.50000
142.25000
139.66667
142.50000
137.91667
129.83334
125.41667
126.50000
133.08334
137.66667
134.83334
129.25000
135.66667
136.75000
136.41667
140.41667
145.25000
143.00000
139.41667
147.16667
136.91667
137.33334
145.25000
146.75000
148.83334
142.33334
128.16667
115.83334
108.16667
110.00000
104.16667
124.66667
117.08334
121.08334
113.08334
51.66667
50.41667
55.75000
57.00000
64.41667
80.66667
86.00000
84.25000
96.66667
98.25000
109.66667
123.08334
129.00000
133.66667
135.00000
140.16667
140.58334
139.33334
136.83334
130.41667
122.66667
112.83334
115.16667
121.00000
115.33334
119.16667
121.33334
121.16667
117.08334
104.66667
116.75000
120.66667
134.75000
131.41667
136.50000
142.16667
141.91667
154.25000
143.00000
144.50000
137.50000
122.25000
112.00000
111.16667
113.50000
98.75000
121.16667
113.16667
106.75000
98.91667
50.66667
49.83334
50.83334
57.08334
71.33334
82.16667
84.58334
91.91667
93.75000
93.66667
101.83334
117.50000
125.16667
130.50000
131.66667
134.58334
139.25000
141.58334
131.16667
123.66667
109.75000
104.83334
104.41667
95.75000
97.00000
95.00000
95.33334
97.00000
89.41667
88.33334
94.83334
113.41667
124.08334
130.83334
141.08334
144.00000
140.66667
142.16667
138.00000
134.33334
126.66667
110.41667
109.83334
122.91667
117.16667
120.66667
118.00000
116.75000
108.41667
117.91667
54.41667
44.00000
48.25000
63.08334
80.75000
86.41667
85.25000
82.25000
89.58334
92.08334
94.75000
108.25000
120.91667
128.50000
130.50000
132.75000
133.66667
138.58334
136.50000
124.41667
117.00000
117.00000
121.75000
118.25000
115.08334
119.50000
118.83334
122.83334
120.83334
125.41667
123.91667
134.41667
143.25000
143.91667
145.16667
145.66667
141.91667
135.25000
137.58334
131.16667
121.75000
113.41667
116.08334
129.00000
112.75000
113.50000
106.83334
124.83334
123.58334
131.66667
60.00000
62.25000
60.33334
72.33334
77.75000
87.66667
75.50000
77.75000
80.83334
88.16667
91.41667
100.91667
112.50000
123.08334
128.41667
131.83334
130.25000
134.83334
136.00000
130.25000
120.25000
113.66667
111.08334
113.25000
119.91667
124.75000
134.33334
130.91667
128.91667
126.25000
132.83334
140.08334
145.41667
142.08334
138.50000
137.08334
146.58334
138.83334
136.66667
132.66667
118.08334
132.75000
127.66667
132.16667
133.00000
112.41667
120.91667
127.75000
123.50000
129.58334
71.25000
73.83334
64.08334
68.58334
73.41667
81.91667
77.58334
79.66667
72.83334
82.50000
92.41667
103.16667
100.41667
114.08334
123.08334
131.33334
129.41667
132.58334
133.00000
134.16667
132.41667
127.83334
117.58334
116.50000
119.50000
124.41667
124.66667
121.25000
123.41667
121.75000
122.66667
134.83334
138.00000
136.25000
140.08334
137.25000
146.16667
138.25000
128.16667
128.91667
128.33334
140.08334
134.33334
128.33334
147.83334
114.66667
129.83334
129.66667
131.08334
123.16667
74.75000
71.33334
69.50000
71.58334
73.58334
81.00000
77.91667
82.75000
75.08334
73.66667
86.58334
99.41667
101.33334
115.83334
121.41667
124.25000
124.08334
133.75000
129.33334
137.16667
140.16667
136.50000
133.33334
125.58334
123.66667
122.08334
123.50000
122.41667
132.58334
138.16667
141.41667
142.33334
142.50000
146.58334
143.66667
138.66667
137.83334
127.16667
115.41667
121.00000
137.83334
121.75000
137.41667
133.41667
133.66667
122.33334
130.83334
133.50000
134.08334
133.91667
74.16667
70.33334
65.25000
77.25000
73.58334
77.75000
77.83334
86.58334
80.83334
65.91667
77.00000
95.41667
100.91667
112.33334
116.75000
115.75000
117.66667
132.25000
132.83334
134.33334
139.16667
138.58334
135.16667
133.50000
134.91667
133.25000
136.00000
139.83334
143.58334
145.66667
147.41667
151.25000
146.00000
145.50000
147.75000
143.00000
124.08334
120.91667
116.00000
132.33334
138.00000
118.91667
131.83334
139.58334
105.08334
122.91667
138.83334
135.83334
145.08334
150.50000
73.25000
69.83334
61.66667
76.00000
73.08334
72.16667
72.25000
88.91667
84.41667
77.16667
69.75000
83.50000
93.58334
110.16667
116.58334
111.83334
114.16667
123.91667
128.16667
135.33334
135.58334
139.50000
138.33334
138.33334
137.00000
137.83334
141.91667
145.75000
148.16667
148.91667
144.91667
150.00000
147.75000
145.58334
144.25000
127.91667
114.00000
105.91667
125.91667
125.08334
128.33334
117.33334
131.66667
121.50000
112.16667
141.00000
148.00000
147.66667
145.33334
159.50000
74.33334
67.66667
54.91667
72.25000
78.50000
66.08334
76.16667
89.66667
85.25000
82.91667
70.00000
74.25000
94.33334
99.33334
114.91667
113.83334
107.83334
119.33334
124.16667
129.50000
133.00000
135.00000
139.91667
137.25000
136.41667
137.58334
139.91667
146.00000
145.66667
144.91667
146.00000
146.25000
143.83334
143.25000
127.75000
117.41667
112.25000
106.75000
118.33334
126.25000
108.16667
115.83334
120.08334
102.75000
127.58334
145.25000
124.58334
146.25000
149.41667
149.50000
70.75000
61.91667
59.75000
72.16667
75.83334
69.25000
87.50000
90.58334
92.00000
89.66667
88.41667
76.00000
85.16667
86.25000
110.83334
110.25000
107.08334
108.08334
120.00000
121.83334
123.16667
126.16667
133.25000
136.41667
135.33334
135.41667
132.16667
136.16667
133.16667
138.75000
136.50000
134.91667
134.25000
128.58334
113.00000
109.41667
106.33334
111.50000
121.16667
117.16667
105.25000
96.25000
109.00000
108.33334
126.83334
147.58334
130.16667
138.50000
139.66667
129.83334
73.75000
60.50000
58.83334
72.66667
87.83334
78.75000
96.66667
103.58334
115.33334
93.50000
89.08334
86.66667
75.75000
82.91667
98.75000
101.83334
105.33334
109.91667
108.91667
117.83334
117.08334
116.91667
115.66667
122.91667
122.75000
123.25000
118.58334
117.83334
121.58334
119.08334
122.83334
121.41667
115.00000
100.75000
99.16667
96.66667
99.75000
103.91667
104.58334
106.00000
106.25000
100.58334
107.91667
103.50000
133.41667
147.33334
148.66667
140.58334
147.58334
130.41667
80.16667
69.91667
69.16667
92.08334
106.16667
103.33334
103.08334
110.83334
111.08334
98.33334
87.16667
89.41667
87.25000
86.41667
85.91667
91.66667
99.91667
103.00000
102.41667
106.58334
106.00000
106.25000
100.83334
104.50000
109.16667
108.25000
105.75000
100.83334
99.83334
95.00000
91.16667
90.16667
88.58334
95.83334
96.16667
88.83334
96.66667
102.75000
103.41667
110.58334
108.91667
105.83334
104.08334
110.08334
136.83334
137.83334
136.83334
142.08334
142.00000
120.33334
