111.50000
108.58334
112.41667
115.83334
116.33334
118.08334
120.91667
126.50000
124.16667
138.08334
140.58334
142.83334
147.83334
146.08334
150.58334
162.66667
162.50000
169.58334
172.41667
177.25000
179.75000
183.91667
187.16667
189.08334
190.50000
189.66667
188.25000
191.25000
189.91667
188.91667
185.41667
179.16667
175.00000
171.16667
165.75000
159.08334
152.58334
144.41667
132.58334
129.08334
128.91667
129.58334
132.75000
120.83334
116.50000
109.33334
103.50000
98.00000
91.75000
100.33334
107.75000
107.08334
112.41667
115.58334
116.33334
119.83334
120.91667
130.08334
132.75000
141.75000
147.75000
145.66667
148.50000
151.91667
161.75000
165.66667
168.00000
171.41667
175.66667
180.58334
184.33334
186.33334
189.16667
190.50000
192.16667
193.08334
192.33334
193.16667
191.25000
191.00000
187.33334
183.16667
178.83334
174.91667
170.33334
166.00000
158.41667
146.58334
140.66667
128.58334
132.66667
132.66667
134.08334
124.00000
121.00000
111.75000
106.00000
102.25000
94.41667
94.50000
107.16667
102.66667
116.33334
115.00000
115.58334
117.08334
129.91667
139.25000
137.75000
147.08334
146.00000
148.25000
151.91667
155.08334
164.83334
165.58334
170.91667
175.91667
179.16667
183.66667
185.66667
189.16667
193.00000
194.16667
194.50000
194.58334
195.50000
195.16667
194.83334
192.41667
189.75000
186.66667
183.33334
177.58334
173.25000
167.08334
163.83334
154.08334
143.41667
136.41667
131.16667
132.08334
131.25000
135.75000
120.16667
117.91667
107.41667
109.50000
97.16667
97.41667
104.66667
109.08334
109.33334
114.50000
117.08334
126.75000
133.91667
138.75000
140.50000
146.58334
147.91667
153.16667
151.33334
164.00000
163.91667
167.91667
173.50000
176.33334
180.75000
183.83334
187.75000
191.33334
194.00000
195.08334
196.66667
197.91667
196.58334
197.25000
193.75000
194.50000
191.58334
189.91667
185.41667
182.25000
175.58334
170.75000
166.75000
160.75000
149.08334
138.33334
136.83334
134.33334
134.08334
138.16667
124.16667
115.41667
111.58334
108.75000
98.33334
101.00000
106.91667
108.75000
111.16667
110.66667
121.08334
126.41667
135.91667
138.41667
143.41667
146.66667
153.41667
154.16667
158.33334
160.50000
163.16667
169.91667
175.16667
179.33334
182.75000
188.00000
191.41667
193.33334
195.00000
197.33334
199.00000
199.16667
198.33334
199.16667
196.83334
194.16667
191.08334
188.91667
188.75000
182.16667
177.08334
173.58334
167.66667
162.66667
154.08334
143.91667
137.41667
134.33334
134.75000
140.41667
131.08334
117.50000
112.33334
109.75000
104.50000
102.41667
105.41667
110.75000
105.66667
118.25000
122.33334
133.41667
136.41667
143.83334
144.25000
151.91667
153.16667
159.75000
160.33334
160.58334
167.66667
171.91667
177.16667
181.91667
187.08334
189.83334
193.75000
195.50000
195.83334
199.58334
200.41667
199.91667
201.25000
200.08334
198.91667
194.33334
195.33334
190.58334
189.58334
185.16667
178.75000
175.08334
170.16667
165.33334
159.50000
152.83334
133.08334
138.83334
132.25000
135.83334
134.75000
116.00000
115.00000
113.91667
111.08334
101.58334
107.00000
102.91667
108.16667
122.91667
128.83334
132.25000
141.58334
141.83334
152.16667
154.33334
158.50000
159.66667
158.58334
163.08334
167.33334
172.58334
178.25000
181.16667
185.08334
190.91667
194.58334
196.16667
197.50000
199.25000
201.50000
202.08334
201.00000
200.50000
199.00000
197.08334
196.08334
192.75000
190.16667
184.58334
178.58334
174.41667
170.83334
166.83334
161.58334
154.33334
136.50000
136.83334
135.66667
129.66667
133.16667
118.25000
111.00000
108.50000
109.08334
99.00000
104.16667
101.08334
110.75000
120.91667
131.58334
136.66667
145.83334
140.75000
152.83334
158.00000
159.50000
159.50000
159.33334
165.00000
167.91667
173.66667
178.00000
182.58334
186.25000
190.91667
192.33334
195.25000
197.25000
201.16667
202.00000
201.83334
202.08334
200.50000
198.91667
196.50000
195.16667
192.25000
188.08334
185.66667
180.58334
176.66667
171.50000
167.91667
162.08334
157.75000
143.33334
138.00000
138.33334
131.08334
127.08334
120.83334
113.41667
108.50000
115.00000
98.66667
105.41667
102.33334
107.91667
127.41667
134.83334
141.25000
139.91667
144.16667
154.50000
159.66667
157.16667
158.83334
160.50000
164.16667
169.25000
174.25000
179.16667
181.75000
186.66667
189.91667
193.00000
195.58334
198.33334
200.33334
200.75000
200.33334
199.50000
200.33334
197.08334
194.41667
192.58334
188.83334
187.08334
184.00000
181.25000
177.08334
172.91667
170.75000
163.66667
161.08334
151.25000
137.41667
137.16667
130.41667
125.08334
114.16667
111.75000
112.16667
113.00000
105.66667
97.50000
106.00000
111.16667
127.50000
129.33334
140.75000
144.66667
146.58334
156.33334
161.66667
158.08334
158.16667
160.50000
164.00000
169.16667
174.75000
178.50000
185.08334
189.50000
192.50000
194.33334
196.83334
198.91667
200.83334
199.66667
199.66667
198.16667
197.66667
197.00000
193.75000
192.16667
190.41667
187.75000
182.91667
182.91667
178.16667
174.50000
170.66667
166.33334
158.66667
155.75000
142.75000
139.91667
125.75000
117.41667
119.41667
109.08334
105.50000
111.66667
113.41667
99.58334
109.58334
117.16667
130.58334
131.83334
140.41667
143.58334
148.00000
161.33334
155.16667
160.83334
157.33334
161.58334
164.83334
170.75000
175.75000
181.66667
188.66667
192.83334
196.66667
197.66667
197.75000
199.16667
199.83334
199.25000
197.33334
198.58334
196.91667
194.91667
194.75000
192.66667
191.91667
189.83334
186.75000
184.58334
180.08334
176.91667
171.25000
166.16667
161.33334
157.83334
146.25000
139.16667
120.16667
120.25000
116.41667
106.08334
107.75000
112.25000
112.83334
98.58334
109.83334
119.91667
128.83334
130.58334
140.83334
140.50000
151.16667
155.91667
159.58334
155.66667
158.91667
161.75000
168.16667
172.50000
179.91667
184.91667
191.25000
196.25000
198.91667
199.50000
202.00000
201.41667
201.33334
199.66667
196.75000
198.41667
196.25000
196.16667
195.58334
195.16667
195.41667
192.83334
191.00000
187.41667
182.66667
177.16667
174.08334
169.16667
164.00000
159.00000
151.33334
139.25000
126.91667
124.16667
115.58334
109.25000
109.83334
105.50000
112.41667
100.41667
107.58334
115.75000
128.16667
132.75000
138.83334
138.41667
151.75000
157.00000
157.58334
154.91667
163.41667
165.91667
171.83334
175.83334
182.75000
187.33334
191.91667
196.50000
202.66667
203.58334
205.41667
203.50000
203.25000
202.16667
196.16667
200.16667
201.33334
202.41667
199.41667
202.08334
201.75000
198.91667
191.83334
186.75000
183.08334
178.41667
173.75000
168.91667
165.83334
155.25000
152.75000
140.00000
129.08334
124.08334
120.25000
111.41667
110.58334
109.66667
109.25000
95.25000
104.91667
116.91667
126.83334
136.16667
137.25000
140.75000
148.91667
157.08334
156.75000
158.33334
164.08334
170.41667
176.91667
182.00000
185.66667
190.16667
191.66667
196.08334
200.25000
203.66667
205.41667
204.00000
204.41667
201.91667
201.08334
203.08334
204.33334
204.91667
204.83334
203.75000
201.00000
197.08334
194.00000
189.25000
184.41667
183.08334
178.75000
170.75000
168.25000
157.50000
147.08334
144.25000
135.25000
127.25000
125.83334
115.33334
107.41667
104.25000
105.25000
94.33334
109.66667
119.08334
127.08334
131.16667
137.75000
138.00000
148.58334
153.75000
152.16667
156.16667
165.66667
171.16667
177.66667
182.33334
186.00000
188.41667
189.00000
187.91667
189.50000
194.83334
200.16667
202.00000
203.75000
202.33334
201.83334
201.25000
204.16667
204.16667
205.83334
201.25000
195.66667
193.50000
196.08334
193.00000
187.25000
183.58334
179.50000
173.58334
165.83334
163.83334
142.91667
146.33334
137.00000
133.16667
122.16667
118.33334
102.16667
97.33334
101.00000
90.83334
103.50000
116.83334
127.33334
130.91667
133.75000
138.83334
148.25000
151.00000
149.41667
152.33334
155.58334
160.16667
162.58334
163.41667
165.00000
169.58334
172.08334
176.50000
180.16667
186.16667
191.16667
192.91667
193.25000
193.66667
194.75000
193.50000
196.41667
198.00000
195.75000
190.25000
186.50000
182.50000
175.91667
169.33334
168.00000
170.33334
173.08334
172.83334
169.25000
162.50000
148.16667
142.41667
139.41667
130.58334
120.50000
112.75000
95.66667
95.08334
94.41667
93.00000
100.41667
119.33334
124.75000
132.16667
133.25000
141.91667
147.50000
151.50000
143.33334
150.16667
150.41667
139.25000
131.66667
129.83334
132.25000
135.50000
143.08334
150.25000
152.75000
159.33334
165.91667
165.50000
170.08334
178.50000
178.91667
179.50000
182.33334
175.83334
170.58334
163.66667
157.83334
142.08334
135.41667
123.50000
123.00000
128.75000
141.33334
151.75000
158.33334
162.00000
150.33334
141.00000
137.50000
127.58334
116.50000
107.16667
94.50000
89.41667
94.16667
90.33334
105.16667
115.33334
122.83334
125.33334
134.83334
142.50000
151.33334
150.16667
148.41667
151.50000
144.41667
122.08334
106.58334
106.08334
99.83334
104.50000
122.75000
126.08334
125.83334
124.41667
127.91667
135.25000
154.58334
161.91667
174.33334
164.41667
165.83334
156.91667
138.08334
114.83334
117.41667
111.66667
103.41667
105.91667
105.08334
112.91667
97.08334
113.83334
137.08334
152.58334
150.75000
146.75000
136.00000
124.66667
119.50000
102.25000
94.58334
86.33334
92.91667
95.50000
102.33334
110.00000
114.08334
116.91667
134.75000
141.08334
145.83334
154.66667
155.75000
155.41667
145.91667
140.08334
116.75000
111.66667
106.00000
94.25000
130.00000
132.00000
110.75000
95.58334
106.16667
133.83334
152.91667
164.91667
157.33334
168.66667
157.16667
137.16667
113.33334
92.58334
100.41667
101.16667
93.75000
100.16667
98.33334
108.75000
117.83334
125.16667
128.66667
145.08334
152.75000
152.66667
140.16667
134.66667
120.50000
102.83334
92.91667
89.25000
90.91667
90.33334
100.66667
107.00000
115.83334
115.91667
130.41667
133.50000
140.41667
147.58334
158.00000
154.41667
154.50000
152.33334
134.00000
117.75000
103.33334
98.25000
113.41667
133.41667
132.08334
132.16667
127.08334
147.75000
162.41667
168.33334
170.08334
173.83334
151.25000
140.75000
127.75000
123.66667
123.83334
113.91667
97.66667
93.58334
113.83334
116.91667
129.50000
141.25000
149.66667
156.58334
155.16667
153.00000
140.66667
131.33334
123.66667
106.41667
92.91667
93.33334
93.08334
95.75000
104.75000
110.50000
112.41667
112.75000
133.33334
134.58334
145.25000
145.50000
154.75000
156.41667
156.66667
163.33334
140.66667
142.16667
142.25000
132.58334
131.50000
143.50000
143.58334
137.41667
137.83334
155.50000
166.00000
175.50000
167.25000
171.00000
150.58334
153.08334
140.08334
121.08334
141.00000
120.33334
100.66667
110.41667
126.75000
132.25000
126.58334
140.16667
164.75000
155.16667
162.91667
155.41667
135.83334
124.50000
112.91667
97.50000
92.83334
91.08334
92.83334
102.08334
114.00000
116.75000
119.16667
123.50000
135.83334
139.58334
146.83334
151.41667
158.75000
157.58334
162.66667
165.91667
166.08334
165.83334
167.16667
171.66667
168.25000
154.66667
145.08334
141.16667
142.58334
145.91667
152.58334
158.33334
167.75000
163.75000
150.00000
142.91667
149.00000
130.58334
141.33334
153.58334
155.16667
146.08334
157.83334
162.83334
148.16667
157.58334
161.50000
158.25000
164.91667
153.08334
138.25000
129.50000
122.50000
102.91667
98.25000
88.58334
91.91667
101.50000
111.16667
120.33334
122.25000
125.08334
131.75000
140.00000
146.33334
150.25000
164.91667
164.25000
165.16667
174.08334
172.50000
170.08334
172.83334
176.33334
170.41667
160.75000
153.00000
143.00000
152.83334
162.00000
145.66667
155.00000
159.08334
161.50000
158.08334
145.33334
139.08334
129.25000
135.75000
158.58334
169.91667
174.00000
170.75000
169.50000
168.83334
174.08334
168.58334
170.25000
172.75000
151.50000
132.00000
127.58334
122.58334
108.00000
101.91667
89.41667
108.25000
98.66667
112.00000
117.33334
123.50000
115.66667
133.83334
141.58334
148.33334
152.91667
165.75000
170.41667
169.25000
173.66667
175.91667
174.33334
179.00000
176.58334
174.66667
169.58334
167.25000
162.16667
169.83334
166.83334
157.83334
156.66667
161.25000
167.91667
164.25000
162.33334
159.50000
151.50000
150.91667
160.50000
172.58334
178.08334
178.33334
181.25000
179.00000
178.41667
174.50000
176.00000
176.50000
160.16667
137.16667
132.83334
121.50000
104.00000
103.91667
108.08334
122.91667
95.08334
111.08334
123.33334
128.41667
128.08334
134.16667
142.16667
149.08334
153.66667
164.58334
171.25000
171.25000
174.08334
171.91667
171.00000
174.66667
175.83334
175.00000
176.08334
175.75000
167.75000
174.75000
167.00000
162.75000
163.41667
165.83334
169.33334
167.16667
167.33334
168.75000
172.58334
170.91667
166.75000
174.75000
182.00000
183.25000
182.41667
181.41667
181.75000
172.91667
171.83334
173.50000
156.41667
133.91667
133.08334
119.83334
102.91667
110.83334
132.00000
120.33334
97.66667
107.75000
129.16667
128.00000
131.16667
133.50000
140.75000
143.41667
152.25000
164.75000
173.58334
173.08334
174.00000
174.91667
174.58334
176.75000
175.91667
174.50000
176.75000
175.08334
171.50000
173.00000
163.16667
158.25000
168.25000
170.83334
169.00000
166.08334
167.16667
166.41667
174.16667
179.58334
178.66667
178.16667
179.41667
182.58334
180.75000
179.58334
181.50000
174.75000
175.25000
171.00000
161.25000
130.00000
138.00000
119.16667
103.66667
120.50000
123.00000
118.83334
107.91667
104.08334
130.41667
130.83334
129.00000
137.41667
140.16667
140.58334
147.00000
158.08334
168.66667
171.25000
172.16667
177.00000
181.16667
178.75000
178.08334
178.50000
181.08334
177.41667
176.50000
167.83334
157.33334
159.16667
169.83334
171.16667
167.08334
166.75000
164.66667
163.08334
172.66667
179.66667
180.83334
185.08334
184.00000
186.75000
182.75000
180.91667
177.08334
174.25000
175.50000
164.00000
153.50000
133.25000
133.25000
128.08334
125.41667
118.16667
119.33334
116.41667
105.66667
108.83334
128.75000
130.58334
129.41667
140.00000
147.75000
139.33334
143.50000
150.00000
161.33334
161.66667
165.25000
171.83334
175.25000
178.83334
178.08334
181.58334
180.08334
175.50000
169.08334
153.41667
159.58334
159.58334
163.33334
170.50000
168.25000
163.08334
165.83334
167.08334
172.08334
176.75000
179.66667
190.58334
188.08334
182.16667
183.00000
180.91667
174.08334
172.00000
172.08334
169.00000
149.75000
146.58334
128.16667
132.25000
128.08334
116.08334
120.16667
106.00000
101.16667
114.50000
128.50000
138.66667
131.75000
143.41667
154.25000
146.25000
140.33334
149.83334
162.66667
162.33334
166.25000
172.41667
179.00000
183.58334
183.08334
184.50000
180.75000
173.16667
160.41667
158.75000
163.25000
163.25000
166.66667
175.08334
168.83334
163.50000
169.50000
168.91667
166.50000
177.33334
185.58334
189.00000
188.75000
183.83334
177.58334
173.83334
168.91667
167.33334
168.41667
165.16667
147.16667
142.25000
141.41667
134.00000
127.41667
119.00000
108.75000
100.66667
104.25000
117.41667
132.66667
145.00000
144.66667
142.91667
148.66667
141.91667
136.83334
148.50000
159.66667
162.58334
166.16667
175.41667
180.16667
182.00000
185.50000
179.50000
176.41667
156.83334
157.66667
161.08334
150.50000
152.83334
172.33334
175.58334
169.16667
157.16667
155.50000
165.75000
164.08334
174.08334
185.50000
186.66667
188.66667
184.16667
179.33334
174.41667
166.00000
164.75000
169.00000
157.00000
139.75000
136.16667
148.58334
127.66667
134.16667
116.58334
107.25000
95.58334
112.16667
117.58334
129.91667
145.25000
142.66667
138.75000
152.00000
154.58334
147.33334
148.83334
156.91667
159.50000
161.91667
169.16667
176.66667
182.91667
180.33334
172.33334
164.66667
151.16667
152.91667
146.58334
154.50000
151.33334
151.00000
153.00000
164.41667
157.25000
154.08334
160.83334
156.16667
164.75000
179.58334
188.66667
185.58334
184.25000
178.16667
173.33334
164.83334
163.58334
163.16667
151.75000
129.25000
143.75000
138.91667
135.58334
126.66667
110.50000
102.25000
102.83334
115.50000
118.91667
129.66667
139.75000
149.83334
154.25000
158.58334
159.00000
142.91667
145.75000
157.16667
155.41667
158.25000
164.66667
172.16667
176.08334
173.08334
166.66667
163.33334
161.41667
147.25000
146.83334
136.33334
131.58334
140.08334
132.66667
150.00000
140.08334
149.91667
155.58334
155.50000
156.08334
171.50000
182.75000
180.00000
175.83334
171.08334
168.25000
161.33334
162.50000
157.33334
147.58334
145.25000
136.41667
137.50000
135.75000
118.41667
110.66667
97.41667
117.08334
124.58334
128.16667
131.66667
140.25000
151.16667
157.00000
162.75000
157.08334
146.58334
148.08334
162.16667
158.66667
157.00000
160.25000
167.33334
169.58334
167.00000
163.58334
165.08334
167.25000
162.83334
166.41667
164.83334
167.25000
162.66667
162.50000
157.58334
155.00000
157.33334
162.58334
164.66667
160.41667
168.66667
179.66667
180.33334
174.16667
169.50000
165.33334
161.16667
161.91667
157.91667
146.83334
136.33334
148.33334
134.00000
127.08334
119.75000
94.41667
118.75000
129.16667
120.08334
126.41667
141.16667
144.41667
147.75000
151.33334
155.00000
161.50000
147.41667
150.33334
162.83334
158.75000
159.25000
163.00000
165.50000
165.58334
163.16667
163.33334
168.41667
167.83334
170.41667
173.25000
176.75000
182.00000
184.58334
184.00000
182.83334
182.00000
177.83334
173.08334
173.41667
169.00000
168.50000
174.25000
179.50000
174.16667
168.50000
164.50000
163.83334
169.58334
165.33334
135.25000
149.00000
138.41667
130.08334
125.91667
109.50000
122.58334
134.75000
117.83334
138.00000
140.58334
145.00000
146.00000
149.33334
156.00000
154.83334
156.00000
149.50000
147.75000
156.08334
159.16667
162.33334
165.33334
168.33334
166.50000
163.75000
169.41667
168.33334
167.50000
172.83334
173.50000
175.00000
179.75000
184.08334
186.33334
183.83334
185.75000
181.50000
176.75000
173.50000
171.08334
171.83334
173.58334
175.75000
175.00000
170.33334
166.50000
166.08334
175.00000
164.41667
148.66667
140.50000
135.41667
133.25000
108.33334
137.16667
143.08334
121.83334
137.00000
144.00000
145.08334
139.00000
149.83334
153.75000
151.08334
153.16667
149.08334
148.83334
151.66667
150.58334
159.91667
163.83334
167.41667
168.50000
166.58334
169.50000
169.00000
169.50000
168.00000
174.91667
177.33334
176.08334
179.16667
178.33334
180.00000
180.41667
180.58334
177.08334
174.91667
169.75000
171.25000
173.00000
171.25000
172.33334
174.16667
172.91667
168.33334
172.50000
167.08334
191.00000
138.08334
140.66667
132.41667
108.75000
133.66667
149.33334
134.50000
137.25000
141.83334
142.00000
143.25000
139.50000
146.16667
151.83334
151.00000
160.25000
154.33334
152.58334
149.91667
145.58334
161.91667
166.08334
169.41667
169.08334
168.50000
166.91667
165.16667
167.83334
167.25000
167.75000
169.16667
167.66667
171.33334
178.08334
177.08334
181.91667
181.41667
179.00000
177.08334
175.83334
172.83334
176.66667
174.16667
173.00000
172.00000
171.16667
167.91667
168.66667
178.08334
184.16667
163.25000
130.33334
115.50000
127.75000
157.25000
134.16667
145.58334
136.50000
137.83334
136.75000
138.33334
145.83334
146.91667
151.58334
156.41667
161.08334
156.16667
152.58334
149.08334
141.25000
161.00000
164.66667
168.50000
169.08334
170.16667
167.66667
167.33334
154.00000
147.08334
143.66667
149.58334
151.75000
156.75000
164.41667
164.66667
163.50000
168.25000
166.41667
166.50000
160.33334
169.25000
176.66667
177.83334
170.41667
167.75000
170.75000
166.66667
172.83334
178.33334
190.33334
159.91667
128.33334
143.25000
170.91667
151.83334
144.25000
137.00000
130.91667
130.16667
136.91667
140.50000
151.16667
153.75000
158.58334
163.08334
163.25000
158.00000
147.16667
149.41667
140.66667
161.33334
163.66667
168.83334
171.58334
170.50000
164.66667
148.41667
130.83334
128.50000
128.00000
133.41667
133.83334
132.00000
137.25000
142.83334
147.75000
151.16667
154.16667
156.33334
151.91667
150.75000
160.50000
169.58334
168.08334
165.00000
168.08334
166.41667
172.08334
184.41667
176.83334
154.16667
156.08334
169.08334
155.16667
155.08334
145.83334
131.33334
120.41667
154.58334
146.41667
153.66667
155.33334
155.41667
164.16667
159.58334
157.66667
162.41667
139.66667
152.16667
144.00000
160.66667
162.25000
167.16667
170.50000
168.75000
155.16667
142.00000
145.00000
147.66667
143.75000
141.83334
138.41667
136.33334
138.25000
143.58334
145.83334
146.91667
147.50000
146.41667
149.58334
157.41667
162.00000
172.58334
174.33334
165.75000
165.66667
167.08334
176.16667
176.41667
161.83334
149.00000
162.25000
150.16667
166.91667
160.58334
150.75000
128.41667
152.41667
136.83334
148.66667
153.25000
157.58334
156.66667
148.16667
152.75000
162.41667
157.16667
141.41667
155.91667
147.91667
152.75000
161.83334
167.41667
171.58334
167.58334
160.58334
154.58334
153.75000
149.50000
152.66667
154.41667
155.50000
157.25000
157.41667
161.66667
159.25000
160.33334
157.75000
154.66667
149.58334
148.25000
159.75000
172.25000
176.08334
172.33334
165.00000
168.41667
178.83334
178.08334
148.75000
158.75000
156.25000
163.16667
166.00000
165.66667
139.50000
151.25000
147.66667
135.16667
142.25000
144.91667
141.41667
154.50000
162.58334
170.00000
177.83334
173.41667
149.25000
147.75000
149.08334
146.83334
160.83334
167.00000
166.25000
164.83334
160.16667
159.00000
161.25000
158.08334
158.50000
161.50000
159.00000
160.91667
162.75000
163.91667
166.16667
166.00000
166.00000
163.75000
155.41667
150.16667
156.58334
168.33334
176.08334
174.58334
161.66667
168.41667
178.50000
175.50000
170.75000
164.58334
167.16667
168.08334
165.33334
139.25000
149.33334
151.25000
139.25000
134.83334
141.00000
149.50000
159.91667
169.33334
169.83334
173.75000
169.83334
164.16667
146.08334
142.66667
150.08334
152.83334
150.41667
161.50000
163.75000
162.33334
162.50000
162.41667
162.66667
163.66667
162.91667
164.50000
164.58334
164.75000
166.08334
167.16667
167.41667
167.08334
165.16667
167.00000
166.33334
165.33334
161.50000
166.66667
173.16667
169.33334
164.75000
170.33334
175.83334
177.00000
170.75000
168.58334
179.33334
168.66667
143.41667
145.00000
159.83334
133.83334
143.83334
125.91667
163.00000
157.33334
158.83334
169.00000
169.50000
166.75000
156.75000
159.66667
156.33334
147.58334
145.41667
150.58334
147.58334
154.91667
159.41667
160.58334
158.58334
158.66667
161.25000
164.08334
166.33334
167.50000
165.16667
167.91667
165.50000
166.08334
165.25000
166.33334
168.33334
167.66667
166.58334
164.25000
165.16667
168.08334
169.50000
161.33334
157.50000
173.25000
176.33334
169.66667
168.50000
177.33334
173.33334
154.58334
159.00000
154.83334
124.75000
149.50000
143.58334
142.08334
156.75000
154.41667
159.00000
166.08334
163.16667
171.08334
166.25000
166.41667
150.16667
156.25000
146.91667
146.75000
153.00000
147.16667
155.75000
158.08334
156.58334
158.75000
161.00000
165.08334
168.08334
168.91667
171.16667
172.66667
175.58334
174.25000
174.25000
175.66667
173.25000
170.50000
167.41667
166.83334
166.00000
167.41667
161.33334
158.50000
162.50000
171.00000
171.50000
161.75000
171.91667
174.75000
154.33334
164.33334
161.91667
135.33334
150.58334
161.91667
149.50000
123.83334
150.75000
156.16667
151.41667
163.00000
167.08334
169.83334
167.83334
162.16667
151.33334
156.50000
151.58334
138.91667
149.16667
145.08334
150.00000
157.33334
155.33334
160.08334
162.25000
165.66667
168.66667
171.08334
175.16667
176.00000
180.33334
181.41667
180.83334
178.00000
175.50000
172.16667
169.25000
166.16667
166.08334
167.66667
157.83334
156.58334
164.58334
166.33334
168.50000
169.58334
165.66667
163.50000
166.58334
160.00000
138.25000
149.08334
160.00000
158.75000
142.00000
133.25000
151.41667
151.16667
154.66667
162.83334
165.25000
170.66667
166.25000
156.33334
145.25000
156.41667
159.25000
144.58334
141.08334
144.50000
146.33334
150.41667
158.50000
159.25000
162.66667
166.08334
171.00000
173.33334
175.83334
179.16667
180.83334
183.33334
182.08334
180.00000
179.33334
172.08334
169.83334
166.83334
164.75000
158.50000
157.33334
161.75000
165.83334
165.00000
174.25000
163.41667
163.41667
169.58334
160.25000
136.25000
146.08334
163.91667
149.66667
147.41667
137.75000
140.16667
155.83334
154.66667
155.33334
163.16667
165.83334
168.08334
160.25000
155.33334
148.00000
159.50000
153.00000
143.41667
137.41667
139.08334
141.58334
143.91667
149.83334
158.25000
159.00000
164.16667
171.66667
170.75000
173.00000
175.58334
178.33334
177.08334
180.41667
177.16667
172.58334
169.08334
166.75000
161.41667
159.16667
150.75000
154.66667
155.41667
164.50000
167.00000
169.83334
165.08334
158.41667
161.33334
133.16667
143.83334
163.66667
145.25000
139.33334
137.66667
151.58334
134.16667
155.08334
155.83334
158.66667
161.58334
164.08334
167.50000
165.41667
152.66667
139.33334
152.50000
155.41667
154.08334
141.58334
125.75000
135.58334
147.75000
149.16667
148.41667
154.83334
163.08334
167.66667
167.16667
168.66667
170.33334
171.66667
171.16667
173.50000
172.58334
167.50000
165.58334
163.16667
156.33334
149.25000
149.66667
157.16667
159.00000
159.91667
166.66667
166.91667
154.66667
145.16667
138.58334
144.41667
162.50000
146.83334
147.91667
141.00000
151.83334
132.58334
142.75000
150.83334
151.75000
152.08334
159.58334
167.33334
170.75000
163.58334
158.33334
143.83334
158.41667
158.25000
153.08334
147.41667
133.83334
122.75000
130.50000
148.16667
147.08334
145.83334
153.25000
159.25000
163.08334
165.25000
166.33334
168.83334
169.16667
167.08334
167.25000
163.16667
157.66667
155.91667
145.00000
147.75000
150.50000
155.25000
157.50000
150.58334
167.33334
159.25000
154.08334
138.00000
143.08334
166.58334
145.25000
151.25000
139.58334
147.16667
133.91667
137.83334
153.58334
