60.00000
60.75000
57.41667
50.00000
55.08334
53.66667
49.83334
43.50000
49.58334
61.33334
75.83334
87.91667
84.75000
94.83334
105.25000
114.25000
125.50000
139.08334
128.66667
128.16667
125.00000
121.16667
120.00000
113.25000
98.50000
101.75000
107.50000
106.75000
101.91667
113.58334
122.91667
122.75000
127.08334
120.00000
113.08334
105.33334
98.50000
88.91667
72.33334
58.83334
42.41667
43.08334
41.83334
53.16667
50.08334
44.91667
49.16667
49.66667
50.66667
57.50000
56.41667
57.75000
53.66667
52.00000
52.91667
53.00000
55.50000
49.66667
60.00000
75.58334
90.66667
92.83334
99.16667
109.33334
116.16667
126.50000
147.75000
151.50000
151.75000
144.91667
138.41667
132.16667
129.83334
126.58334
129.08334
140.41667
146.25000
151.16667
134.25000
138.25000
144.50000
141.83334
134.58334
126.50000
116.58334
112.41667
109.25000
96.91667
83.33334
67.91667
47.83334
40.75000
43.33334
45.83334
51.33334
48.83334
47.25000
50.66667
52.00000
57.08334
55.50000
58.00000
48.91667
54.66667
49.25000
48.66667
55.00000
51.66667
68.50000
88.41667
102.50000
99.75000
110.16667
117.91667
127.75000
138.33334
151.00000
154.66667
160.50000
163.16667
152.83334
153.83334
158.66667
157.58334
164.25000
165.33334
169.83334
160.58334
140.16667
158.41667
159.83334
152.00000
138.41667
140.33334
127.16667
122.83334
111.41667
105.50000
94.83334
78.25000
55.50000
43.75000
46.08334
45.50000
53.08334
47.50000
44.83334
51.83334
50.91667
57.75000
57.91667
55.83334
54.58334
51.91667
51.66667
47.41667
55.91667
57.33334
77.83334
96.00000
102.75000
104.25000
113.58334
123.25000
126.33334
141.00000
143.66667
157.83334
167.83334
164.33334
178.83334
177.58334
175.25000
170.33334
167.91667
182.25000
183.16667
177.16667
148.41667
171.16667
154.08334
147.16667
144.00000
136.08334
133.75000
120.16667
118.41667
115.58334
107.66667
90.58334
67.50000
49.08334
46.41667
46.83334
48.25000
44.16667
48.83334
50.25000
53.83334
57.75000
56.08334
52.00000
50.00000
50.41667
43.41667
46.58334
56.83334
69.16667
82.66667
94.91667
107.33334
113.50000
122.58334
130.66667
139.41667
151.75000
153.00000
177.66667
187.58334
190.00000
193.58334
195.75000
182.08334
180.75000
186.16667
184.08334
192.50000
185.08334
175.16667
173.33334
158.08334
156.75000
159.58334
158.83334
144.50000
129.91667
126.83334
126.50000
117.50000
102.16667
79.83334
58.66667
47.33334
50.00000
47.25000
45.41667
42.75000
48.50000
53.50000
58.75000
52.25000
50.25000
48.50000
46.66667
43.50000
43.83334
59.50000
69.33334
81.33334
94.75000
119.25000
130.75000
137.66667
145.00000
155.83334
171.50000
172.33334
184.66667
194.83334
198.08334
200.66667
197.91667
203.08334
202.91667
199.75000
200.08334
202.00000
203.50000
191.00000
183.25000
170.25000
183.66667
175.41667
165.25000
148.66667
134.16667
135.66667
135.66667
127.75000
114.91667
89.16667
71.75000
55.75000
51.25000
48.41667
46.16667
43.83334
46.41667
53.75000
59.00000
49.25000
47.16667
44.75000
40.58334
40.08334
48.75000
65.50000
72.91667
87.66667
110.16667
125.00000
135.08334
142.25000
152.50000
164.25000
175.50000
180.00000
187.91667
193.50000
194.08334
199.50000
202.16667
205.08334
203.58334
199.91667
204.58334
205.25000
208.16667
204.66667
197.41667
195.83334
189.58334
186.25000
172.41667
156.91667
146.16667
140.08334
138.25000
130.50000
116.58334
98.25000
83.08334
61.91667
52.91667
49.41667
45.50000
46.91667
45.33334
54.25000
56.25000
46.33334
42.83334
42.41667
40.41667
39.33334
48.33334
66.00000
71.50000
93.00000
114.91667
130.08334
136.50000
147.00000
154.08334
167.66667
175.08334
182.16667
187.25000
195.75000
193.00000
197.33334
201.00000
206.33334
208.58334
205.91667
201.33334
210.00000
208.91667
203.50000
194.41667
194.58334
191.00000
183.33334
170.91667
163.41667
146.83334
142.16667
142.83334
134.91667
122.33334
102.83334
86.66667
67.75000
52.41667
47.75000
43.66667
43.08334
46.83334
55.33334
55.83334
46.16667
40.33334
41.50000
39.33334
42.08334
49.16667
60.33334
77.41667
98.50000
120.41667
132.75000
139.16667
149.83334
155.83334
164.00000
171.83334
179.50000
185.58334
190.16667
193.75000
197.08334
198.91667
205.08334
203.41667
203.75000
207.41667
207.16667
208.41667
204.91667
201.91667
198.66667
192.83334
182.33334
169.91667
159.50000
145.91667
142.08334
145.66667
136.16667
123.75000
105.08334
89.41667
71.41667
53.00000
44.25000
41.66667
43.58334
48.00000
54.50000
55.00000
42.91667
38.00000
44.25000
39.66667
37.00000
50.41667
60.50000
76.91667
109.41667
124.50000
134.66667
143.08334
152.50000
157.16667
162.75000
169.91667
174.08334
183.25000
185.83334
191.50000
193.66667
198.66667
205.25000
205.33334
205.00000
205.75000
206.75000
210.00000
205.75000
203.08334
194.66667
189.08334
185.41667
174.16667
156.83334
151.83334
138.33334
141.91667
139.25000
125.83334
105.41667
95.25000
77.50000
55.66667
41.83334
40.50000
42.91667
46.16667
54.91667
56.83334
41.08334
38.41667
40.66667
37.75000
38.50000
55.75000
62.25000
83.16667
112.91667
123.75000
135.75000
145.25000
148.33334
147.16667
153.33334
165.08334
172.41667
183.00000
192.91667
197.16667
196.66667
199.33334
206.83334
201.83334
207.91667
206.25000
208.50000
208.08334
206.50000
201.50000
194.00000
190.25000
188.25000
174.75000
162.08334
154.41667
140.41667
139.83334
133.91667
124.50000
112.58334
95.66667
82.41667
61.83334
42.16667
41.00000
42.16667
46.75000
56.16667
58.91667
45.33334
40.08334
39.00000
37.83334
39.83334
56.33334
73.83334
94.25000
117.50000
125.91667
136.75000
145.33334
144.33334
144.33334
148.66667
152.08334
159.91667
169.58334
176.58334
190.00000
197.75000
205.08334
207.00000
204.33334
206.58334
208.16667
208.41667
207.41667
205.75000
198.16667
190.16667
185.33334
183.25000
172.66667
161.00000
151.83334
140.91667
139.08334
133.33334
125.41667
114.75000
100.41667
86.66667
70.58334
47.75000
40.25000
39.58334
44.58334
59.58334
61.58334
47.75000
41.75000
39.75000
37.08334
49.75000
71.33334
88.91667
108.91667
116.91667
126.91667
142.50000
144.41667
146.08334
144.75000
147.25000
147.58334
153.08334
158.25000
164.66667
176.41667
185.83334
197.58334
195.58334
194.50000
203.66667
206.00000
206.33334
205.08334
198.33334
192.00000
178.25000
170.00000
168.75000
164.50000
149.58334
135.58334
122.58334
120.00000
125.66667
122.58334
115.50000
101.00000
91.50000
76.41667
54.41667
41.83334
41.58334
48.33334
59.50000
64.08334
49.58334
42.50000
40.00000
43.50000
61.16667
83.58334
99.91667
113.08334
116.58334
128.91667
140.16667
132.75000
121.00000
121.33334
134.66667
143.16667
146.66667
149.16667
148.41667
151.91667
168.16667
173.58334
177.91667
186.41667
200.75000
196.83334
190.58334
180.91667
178.33334
163.66667
147.50000
129.91667
126.41667
122.41667
107.08334
95.58334
87.58334
85.66667
98.33334
109.08334
109.75000
100.33334
97.08334
80.91667
62.83334
42.00000
39.16667
51.91667
60.91667
65.66667
57.83334
51.66667
42.00000
50.08334
73.00000
90.50000
105.91667
111.91667
114.58334
120.25000
110.08334
97.66667
88.66667
81.58334
87.33334
92.91667
105.91667
110.16667
107.91667
114.66667
131.08334
142.00000
147.41667
162.33334
175.75000
176.91667
172.00000
155.66667
151.33334
139.25000
125.00000
97.33334
73.25000
70.00000
64.33334
60.58334
58.75000
61.25000
64.33334
81.08334
94.91667
96.66667
99.83334
89.00000
67.83334
45.50000
41.00000
55.50000
58.58334
63.50000
57.16667
59.00000
44.91667
56.58334
81.91667
96.58334
105.00000
117.00000
117.41667
106.16667
85.66667
70.50000
60.08334
54.91667
44.75000
43.33334
41.75000
42.75000
49.00000
68.66667
91.16667
106.50000
124.75000
142.00000
154.08334
155.00000
154.91667
146.41667
135.33334
124.75000
111.33334
76.08334
56.58334
51.50000
56.66667
60.33334
61.58334
67.00000
65.91667
70.08334
80.58334
92.50000
98.50000
99.33334
72.58334
51.08334
39.33334
60.33334
64.00000
67.58334
56.41667
60.16667
50.16667
63.08334
84.16667
102.83334
107.00000
119.50000
111.58334
100.25000
85.00000
84.00000
89.08334
86.41667
73.91667
59.41667
45.08334
38.75000
39.33334
51.91667
79.33334
100.75000
115.25000
130.16667
141.08334
145.41667
147.50000
139.41667
125.91667
110.41667
90.16667
68.75000
69.91667
78.00000
89.75000
101.16667
97.25000
97.00000
86.75000
80.08334
79.08334
90.33334
99.58334
101.58334
77.58334
58.16667
42.25000
61.66667
67.25000
79.08334
50.00000
59.00000
56.58334
66.91667
85.16667
106.91667
109.16667
119.00000
114.33334
107.25000
101.66667
108.08334
115.33334
117.16667
113.33334
104.75000
101.00000
78.58334
67.33334
67.00000
80.58334
92.41667
109.25000
126.08334
139.50000
141.83334
140.25000
127.41667
107.83334
93.50000
84.00000
84.16667
81.08334
83.83334
80.91667
89.08334
90.50000
95.83334
94.91667
89.83334
87.00000
91.08334
97.83334
102.41667
87.41667
63.91667
41.66667
62.66667
79.08334
88.66667
48.91667
61.25000
59.66667
66.41667
96.91667
111.50000
114.41667
122.41667
125.33334
119.08334
109.58334
106.91667
96.16667
83.33334
70.08334
62.91667
58.91667
69.83334
68.91667
72.41667
82.75000
100.33334
122.83334
142.50000
158.50000
160.66667
146.50000
124.83334
105.33334
88.58334
83.16667
102.41667
81.83334
51.75000
54.41667
61.00000
67.50000
64.91667
81.75000
89.75000
92.00000
96.75000
101.25000
101.83334
94.41667
66.00000
48.16667
63.91667
88.08334
97.25000
47.75000
63.33334
66.00000
66.50000
98.66667
113.00000
118.00000
131.33334
136.75000
123.83334
109.41667
83.00000
76.83334
101.58334
95.00000
71.25000
84.33334
94.91667
108.66667
106.41667
104.50000
103.83334
135.50000
158.08334
187.41667
190.33334
168.58334
128.91667
93.83334
94.91667
88.08334
100.91667
95.08334
75.83334
70.75000
78.91667
86.16667
65.25000
65.83334
89.33334
97.83334
100.08334
102.16667
106.00000
96.83334
68.25000
55.00000
69.50000
101.33334
106.41667
50.50000
56.00000
74.25000
76.58334
99.50000
115.08334
122.25000
142.33334
144.66667
128.08334
110.50000
101.91667
105.00000
117.00000
148.83334
123.66667
121.91667
118.58334
113.33334
109.16667
117.91667
122.08334
139.33334
160.41667
192.50000
199.83334
176.33334
136.91667
99.83334
103.41667
99.16667
94.75000
103.16667
104.08334
94.41667
107.16667
98.33334
84.00000
71.91667
88.41667
100.83334
110.58334
108.08334
107.58334
98.08334
72.00000
61.25000
78.58334
112.50000
108.41667
57.25000
60.25000
70.58334
89.00000
99.41667
117.66667
127.33334
146.83334
150.66667
138.33334
123.75000
118.75000
116.91667
123.25000
126.16667
117.58334
112.50000
109.50000
109.41667
117.91667
129.08334
131.75000
138.75000
158.66667
186.08334
196.08334
178.83334
136.50000
110.66667
111.08334
117.75000
104.58334
98.41667
102.25000
106.83334
108.16667
103.33334
97.83334
94.50000
95.25000
108.33334
121.00000
113.08334
109.66667
98.08334
78.50000
68.58334
106.58334
103.66667
91.25000
59.50000
61.50000
70.00000
94.66667
103.33334
117.66667
135.08334
148.33334
150.25000
144.00000
133.83334
124.33334
127.41667
128.33334
128.58334
125.33334
122.50000
124.50000
130.50000
137.75000
141.66667
144.66667
144.00000
171.16667
197.66667
203.25000
178.00000
141.83334
119.41667
116.33334
131.00000
121.00000
111.83334
108.00000
107.75000
108.25000
109.33334
111.00000
107.08334
108.58334
119.00000
131.16667
116.08334
110.33334
99.25000
81.75000
90.00000
121.08334
125.08334
109.00000
67.41667
67.66667
74.83334
98.08334
106.33334
117.75000
135.83334
150.75000
152.75000
151.91667
147.33334
140.75000
136.58334
137.33334
141.50000
137.66667
139.33334
142.83334
150.66667
158.16667
158.75000
152.41667
153.66667
171.91667
189.25000
186.83334
172.33334
143.58334
123.66667
129.08334
141.83334
144.25000
130.33334
124.75000
130.66667
125.41667
119.83334
118.58334
122.08334
124.25000
127.50000
136.33334
120.16667
104.41667
96.25000
89.75000
92.08334
121.25000
119.66667
110.50000
74.16667
79.50000
84.66667
97.50000
111.41667
123.00000
135.58334
149.91667
156.50000
158.50000
155.16667
153.58334
152.91667
150.41667
152.00000
150.08334
154.66667
164.41667
175.91667
176.25000
164.75000
152.25000
154.00000
167.58334
180.50000
174.25000
166.00000
139.83334
130.91667
134.41667
148.66667
157.75000
151.66667
143.00000
140.16667
140.66667
130.91667
133.91667
139.08334
139.41667
135.91667
147.75000
128.91667
114.33334
105.66667
103.33334
96.66667
116.00000
116.58334
120.41667
75.00000
83.91667
85.16667
98.75000
115.83334
120.25000
134.66667
152.16667
160.08334
164.50000
160.25000
159.91667
157.91667
155.50000
157.66667
158.16667
170.41667
181.16667
182.16667
170.00000
155.08334
146.91667
152.58334
162.16667
169.66667
168.08334
151.25000
140.33334
130.66667
136.08334
148.00000
165.58334
167.75000
164.91667
157.00000
154.08334
147.83334
161.50000
152.50000
149.08334
142.75000
145.83334
126.41667
117.16667
117.08334
123.83334
114.75000
125.16667
126.75000
117.66667
71.50000
82.66667
90.75000
98.75000
119.25000
119.66667
134.08334
152.25000
161.00000
168.41667
170.83334
170.33334
165.08334
168.08334
171.00000
172.08334
181.83334
187.08334
186.66667
168.25000
156.00000
147.91667
149.83334
157.41667
160.08334
160.00000
153.25000
139.41667
134.00000
135.91667
149.33334
165.08334
174.58334
175.91667
170.58334
162.25000
156.33334
173.25000
167.50000
157.33334
141.00000
143.91667
126.25000
123.75000
124.75000
130.58334
124.66667
136.16667
137.33334
130.33334
70.33334
81.16667
90.66667
101.33334
119.00000
121.75000
133.08334
151.91667
157.75000
163.33334
170.16667
172.83334
180.91667
182.33334
184.41667
186.66667
188.00000
194.33334
185.41667
173.41667
149.75000
142.75000
147.91667
154.58334
161.66667
161.83334
160.91667
146.91667
140.33334
136.16667
144.50000
163.91667
175.75000
174.83334
175.25000
173.33334
172.16667
183.00000
164.33334
150.58334
136.83334
147.91667
142.00000
124.08334
131.33334
128.25000
112.66667
134.25000
113.66667
139.33334
66.66667
72.25000
89.41667
101.08334
118.00000
123.50000
138.00000
148.58334
156.25000
161.16667
169.08334
177.66667
185.75000
187.25000
187.41667
191.91667
196.75000
193.41667
181.16667
159.58334
140.75000
143.91667
155.08334
169.00000
176.00000
175.41667
176.00000
162.50000
148.50000
141.58334
139.08334
155.33334
174.58334
179.33334
181.83334
176.25000
170.25000
178.83334
159.00000
154.25000
146.58334
139.08334
145.58334
128.00000
140.08334
128.33334
113.08334
126.91667
121.41667
138.58334
64.50000
65.41667
83.00000
98.50000
117.08334
123.66667
141.41667
147.08334
153.41667
159.66667
167.00000
172.75000
185.25000
186.08334
185.91667
192.16667
188.83334
182.75000
175.25000
140.16667
137.91667
143.83334
154.75000
166.00000
174.41667
177.75000
168.58334
156.33334
142.66667
139.33334
133.33334
145.83334
159.25000
177.91667
175.75000
171.25000
165.83334
172.08334
158.25000
153.33334
145.83334
152.41667
133.08334
126.66667
141.58334
138.50000
116.83334
134.25000
148.66667
137.41667
66.50000
63.50000
74.58334
95.58334
118.08334
124.00000
140.33334
146.41667
151.00000
157.66667
163.75000
170.50000
179.08334
184.08334
187.00000
188.16667
183.83334
177.75000
159.58334
136.75000
141.25000
140.50000
139.75000
164.66667
167.83334
162.66667
150.91667
129.75000
126.00000
127.66667
124.91667
142.33334
150.00000
165.33334
172.75000
163.00000
160.66667
164.91667
154.50000
147.08334
145.33334
153.66667
131.25000
135.83334
133.00000
124.66667
134.66667
139.66667
133.75000
137.50000
64.33334
65.75000
69.58334
92.33334
113.08334
120.83334
135.75000
147.58334
151.83334
154.33334
162.50000
166.00000
173.25000
176.83334
180.08334
177.91667
170.50000
163.66667
155.75000
136.08334
135.50000
124.50000
115.91667
123.58334
123.75000
119.50000
117.91667
99.00000
104.50000
108.50000
118.33334
158.66667
147.41667
154.50000
164.91667
162.00000
156.25000
158.75000
152.91667
143.41667
130.00000
150.00000
145.91667
151.00000
128.75000
114.50000
139.83334
143.41667
144.58334
149.33334
59.25000
65.16667
70.33334
93.91667
109.08334
116.16667
133.25000
146.00000
150.58334
152.83334
158.00000
164.00000
168.00000
172.08334
171.16667
169.00000
162.25000
163.75000
159.25000
145.83334
129.83334
100.08334
100.83334
118.58334
116.58334
113.75000
108.83334
94.58334
97.91667
103.75000
139.83334
152.16667
153.91667
152.33334
160.08334
157.66667
154.00000
156.41667
148.41667
144.75000
134.08334
141.00000
151.25000
137.75000
128.66667
118.00000
149.50000
161.33334
144.25000
148.33334
51.91667
61.66667
72.58334
81.83334
95.50000
114.33334
130.25000
143.75000
147.41667
149.83334
154.33334
159.91667
161.58334
165.16667
164.00000
163.41667
160.25000
159.50000
162.83334
159.83334
147.75000
131.00000
130.00000
121.75000
112.91667
112.83334
122.08334
119.50000
117.16667
137.33334
143.41667
152.25000
153.83334
154.58334
156.16667
154.83334
152.08334
152.16667
146.50000
143.58334
138.50000
141.41667
152.33334
131.08334
115.66667
124.50000
140.83334
146.58334
144.41667
155.58334
48.33334
66.33334
64.50000
72.16667
93.66667
109.83334
126.75000
135.66667
142.75000
147.08334
151.33334
155.25000
160.08334
159.66667
152.08334
154.16667
152.50000
153.16667
152.58334
152.25000
146.00000
135.50000
140.08334
133.16667
133.16667
132.91667
137.00000
131.08334
129.41667
138.16667
142.08334
145.58334
147.08334
151.58334
151.75000
150.75000
150.58334
146.00000
138.16667
133.16667
129.91667
138.91667
158.33334
125.83334
117.83334
123.33334
130.00000
153.66667
154.91667
152.33334
54.91667
63.66667
62.33334
67.00000
91.41667
110.16667
123.58334
131.91667
143.00000
146.33334
148.41667
153.25000
157.16667
158.50000
154.16667
151.75000
150.41667
147.33334
141.41667
137.66667
134.75000
139.16667
146.50000
137.41667
131.41667
132.00000
135.08334
133.25000
131.16667
134.91667
133.66667
135.66667
136.08334
138.16667
144.41667
145.25000
151.75000
149.50000
140.66667
140.75000
131.91667
156.66667
146.25000
128.25000
123.16667
135.08334
138.08334
147.66667
153.50000
154.58334
51.91667
51.66667
58.25000
65.16667
91.91667
111.58334
123.58334
129.83334
141.58334
144.00000
145.25000
148.58334
154.08334
156.50000
150.33334
143.50000
138.83334
132.50000
130.75000
135.83334
132.00000
134.00000
140.75000
145.25000
138.25000
139.16667
140.25000
142.50000
136.91667
135.25000
127.58334
126.75000
126.50000
128.00000
135.08334
140.41667
141.58334
144.33334
150.83334
148.41667
130.66667
145.58334
132.91667
130.50000
130.83334
124.08334
154.33334
150.33334
155.91667
154.50000
50.50000
43.50000
59.91667
68.66667
93.75000
110.25000
118.08334
128.08334
135.08334
141.25000
143.66667
147.58334
153.08334
154.16667
148.00000
145.08334
139.08334
130.91667
125.50000
128.58334
136.83334
144.41667
144.50000
145.91667
141.41667
146.25000
153.50000
145.91667
132.66667
124.00000
120.83334
118.75000
117.41667
118.41667
125.66667
131.00000
136.00000
139.50000
143.16667
133.41667
146.91667
161.16667
128.08334
115.91667
143.41667
120.16667
158.83334
147.66667
152.58334
153.58334
55.16667
45.00000
51.58334
67.16667
82.75000
107.00000
116.75000
125.83334
130.25000
137.41667
141.50000
146.83334
150.50000
149.91667
144.91667
143.00000
138.33334
130.08334
128.50000
125.41667
119.91667
112.66667
109.58334
114.00000
113.16667
118.75000
123.91667
113.16667
108.75000
109.33334
109.83334
107.41667
103.83334
108.75000
118.83334
124.50000
138.91667
152.41667
138.83334
145.83334
149.41667
146.16667
128.33334
139.50000
136.75000
140.75000
154.16667
147.50000
151.41667
157.33334
60.00000
38.83334
44.58334
63.83334
79.33334
107.08334
113.41667
123.25000
126.91667
133.91667
138.75000
145.00000
147.58334
148.50000
145.25000
140.08334
133.50000
123.00000
109.41667
91.66667
86.83334
96.08334
98.50000
100.75000
104.16667
99.08334
95.41667
94.66667
98.16667
98.16667
95.33334
97.08334
101.33334
115.00000
118.08334
123.58334
137.91667
155.33334
148.08334
142.58334
145.08334
139.75000
126.41667
129.83334
132.08334
152.41667
154.75000
151.50000
151.50000
143.58334
55.33334
38.75000
38.16667
60.00000
80.41667
96.66667
110.41667
121.25000
125.16667
128.50000
136.33334
142.66667
144.83334
147.33334
144.16667
136.91667
122.33334
104.58334
91.33334
99.33334
114.25000
118.16667
122.75000
118.58334
115.33334
115.33334
119.91667
122.58334
117.58334
106.75000
93.83334
91.25000
97.08334
118.41667
121.00000
128.16667
143.66667
145.50000
137.75000
148.41667
157.16667
120.50000
127.08334
123.00000
141.08334
171.00000
160.33334
160.08334
151.91667
129.75000
55.08334
42.25000
36.66667
66.83334
74.66667
90.16667
106.66667
116.75000
123.33334
125.75000
132.16667
139.66667
142.41667
143.91667
139.75000
133.91667
127.08334
122.91667
122.50000
124.00000
128.66667
130.25000
133.58334
133.66667
132.66667
135.16667
135.58334
134.33334
126.91667
117.08334
112.25000
108.83334
115.41667
125.75000
122.58334
142.33334
138.50000
134.41667
146.08334
153.00000
139.83334
126.50000
132.08334
131.75000
149.25000
171.00000
160.16667
162.50000
159.08334
136.25000
55.58334
46.58334
43.58334
66.00000
78.00000
86.83334
104.83334
110.16667
121.25000
124.25000
126.66667
135.41667
139.00000
140.91667
140.25000
135.75000
138.16667
140.50000
139.91667
139.16667
136.25000
133.08334
128.66667
124.50000
118.50000
117.25000
121.50000
122.00000
120.58334
119.50000
119.25000
120.75000
124.25000
126.75000
143.91667
149.41667
148.00000
136.16667
147.58334
141.58334
130.75000
128.33334
128.16667
137.33334
144.75000
169.08334
160.50000
169.08334
131.08334
130.25000
56.00000
52.41667
55.00000
66.66667
82.33334
80.41667
95.41667
104.66667
117.75000
121.25000
123.16667
127.83334
134.66667
138.58334
135.58334
134.75000
136.83334
143.50000
146.41667
144.25000
138.58334
131.00000
129.08334
122.50000
118.91667
118.08334
119.08334
121.58334
120.16667
122.08334
123.66667
122.66667
123.83334
128.08334
128.58334
140.00000
140.50000
135.16667
141.41667
134.00000
123.00000
120.00000
136.83334
143.41667
166.91667
171.50000
165.25000
165.08334
150.41667
141.58334
55.91667
63.66667
53.83334
75.75000
75.25000
79.75000
87.33334
101.33334
109.83334
118.83334
120.66667
132.75000
133.00000
134.08334
132.08334
129.83334
134.83334
139.83334
141.41667
141.50000
139.00000
134.66667
134.41667
131.83334
129.41667
125.91667
129.91667
125.41667
128.50000
126.58334
127.58334
122.00000
118.66667
136.66667
130.16667
135.83334
128.66667
138.91667
136.66667
139.75000
119.83334
117.33334
134.08334
140.50000
157.58334
155.66667
169.25000
167.66667
147.50000
162.75000
62.41667
66.00000
57.08334
74.58334
72.00000
78.41667
90.91667
98.91667
103.33334
112.08334
126.83334
132.58334
125.33334
128.75000
127.33334
128.08334
129.66667
136.16667
138.50000
141.91667
145.00000
143.33334
144.25000
140.50000
140.75000
138.33334
137.33334
136.16667
137.50000
131.75000
130.08334
121.00000
112.33334
132.00000
131.41667
132.08334
135.00000
129.25000
128.58334
137.91667
130.83334
122.16667
132.08334
136.83334
163.83334
159.66667
175.50000
156.75000
150.50000
165.91667
69.66667
64.25000
71.08334
70.83334
70.91667
79.58334
98.00000
92.75000
105.41667
117.91667
123.83334
129.16667
121.00000
122.91667
119.50000
122.00000
128.00000
133.00000
137.75000
144.75000
148.16667
147.00000
144.16667
144.83334
142.08334
144.00000
144.00000
142.50000
141.50000
135.66667
131.58334
119.83334
114.33334
123.58334
126.00000
123.41667
120.41667
121.08334
127.08334
133.50000
129.00000
132.08334
116.83334
147.00000
158.91667
166.25000
176.50000
154.50000
162.08334
156.83334
76.08334
71.66667
76.16667
72.00000
72.00000
96.58334
94.50000
103.33334
110.91667
109.25000
120.41667
121.83334
116.75000
116.33334
115.16667
116.16667
120.50000
126.41667
132.91667
141.33334
145.33334
144.00000
145.25000
143.91667
145.58334
146.41667
145.16667
138.83334
138.83334
133.58334
127.50000
117.83334
114.91667
122.25000
115.33334
111.75000
110.83334
115.41667
121.75000
120.66667
142.08334
134.66667
118.41667
147.66667
143.25000
164.91667
169.50000
148.50000
163.75000
166.33334
93.08334
73.41667
80.08334
77.83334
74.75000
107.58334
105.83334
114.66667
113.91667
117.25000
115.41667
117.33334
109.58334
110.91667
110.00000
112.00000
114.75000
118.41667
124.75000
128.75000
135.75000
135.83334
138.83334
144.33334
147.58334
146.16667
140.33334
132.41667
133.16667
125.33334
123.66667
115.41667
116.83334
126.08334
115.00000
113.08334
117.25000
114.16667
112.83334
131.08334
153.16667
134.25000
132.00000
146.58334
138.41667
154.50000
152.16667
149.66667
162.91667
162.41667
101.25000
73.91667
83.91667
85.58334
86.75000
116.00000
118.41667
113.75000
120.25000
125.58334
116.50000
115.33334
106.08334
108.33334
106.50000
107.41667
110.50000
114.25000
119.08334
122.91667
129.83334
133.25000
136.50000
140.66667
140.75000
137.25000
132.66667
128.08334
126.50000
120.08334
115.33334
114.66667
116.16667
113.50000
110.41667
116.50000
120.25000
119.25000
105.25000
135.33334
147.83334
144.25000
149.83334
138.08334
146.41667
166.75000
140.41667
149.50000
162.25000
156.58334
