100.75000
100.50000
96.08334
89.41667
72.08334
48.08334
30.83333
28.33333
24.33333
19.41667
15.91667
27.08333
30.50000
40.16667
46.00000
51.66667
62.08334
69.16667
75.66667
85.16667
95.75000
102.66667
107.75000
114.00000
116.41667
102.41667
93.50000
98.16667
109.75000
111.33334
124.33334
134.66667
129.00000
126.83334
135.00000
135.00000
125.33334
87.66667
66.16667
73.33334
61.16667
30.33333
19.50000
22.75000
21.58333
31.50000
48.91667
62.91667
103.83334
114.66667
91.58334
93.58334
84.41667
78.66667
58.66667
34.58334
25.58333
22.00000
24.66667
17.58333
18.58333
30.50000
37.25000
61.50000
68.91667
78.58334
83.00000
90.08334
95.66667
100.33334
107.75000
122.58334
128.25000
136.41667
129.08334
111.16667
115.00000
126.33334
133.50000
136.58334
150.58334
151.16667
149.58334
156.16667
145.33334
153.33334
147.83334
126.16667
105.16667
107.58334
88.83334
67.83334
59.75000
35.16667
21.00000
27.58333
38.91667
65.08334
102.25000
110.33334
86.66667
83.75000
82.25000
58.08334
40.75000
24.08333
24.25000
13.91667
25.16667
18.75000
19.50000
36.16667
54.25000
73.41667
85.66667
103.08334
111.25000
110.00000
115.33334
115.50000
125.33334
131.83334
136.08334
140.58334
134.50000
123.41667
144.00000
153.41667
152.66667
168.00000
169.50000
170.16667
183.08334
176.58334
170.75000
167.66667
167.58334
145.83334
131.91667
127.75000
107.75000
88.66667
72.75000
60.33334
49.33334
35.41667
35.58334
60.41667
77.08334
101.66667
84.25000
76.83334
78.33334
53.66667
28.08333
23.25000
17.00000
15.08333
22.58333
20.83333
24.66667
50.50000
77.58334
102.33334
109.91667
131.08334
135.91667
133.75000
129.16667
133.08334
142.33334
149.75000
156.08334
153.83334
141.75000
146.08334
163.91667
169.00000
161.33334
183.16667
180.58334
195.66667
194.66667
182.41667
180.41667
184.66667
177.66667
155.58334
137.41667
141.00000
125.00000
100.83334
81.08334
59.75000
47.41667
48.83334
58.75000
61.41667
77.75000
110.66667
78.66667
71.58334
56.16667
38.00000
21.25000
28.75000
16.91667
18.33333
26.75000
38.58334
45.00000
81.16667
112.91667
131.08334
132.33334
146.83334
155.58334
149.33334
149.58334
149.91667
157.25000
166.41667
173.83334
171.08334
142.58334
177.91667
175.41667
180.50000
180.16667
185.75000
199.33334
203.75000
197.33334
190.00000
201.91667
199.91667
189.83334
163.58334
159.16667
147.91667
129.33334
112.41667
81.66667
56.91667
48.00000
47.91667
55.33334
60.50000
72.66667
96.16667
72.75000
65.91667
47.50000
40.83334
30.83333
21.58333
18.00000
26.50000
39.75000
63.41667
73.25000
99.08334
128.91667
148.25000
147.75000
162.66667
165.83334
172.16667
162.50000
167.08334
168.58334
170.66667
175.75000
182.83334
166.83334
181.41667
191.25000
181.25000
186.08334
200.00000
202.91667
199.66667
196.50000
204.58334
205.91667
204.91667
189.91667
176.83334
172.33334
158.16667
139.16667
121.66667
90.08334
61.66667
47.41667
43.75000
53.91667
53.66667
63.41667
79.83334
73.58334
58.75000
46.91667
40.41667
31.75000
20.91667
30.25000
44.08334
61.41667
82.08334
99.58334
113.08334
145.08334
157.50000
166.16667
164.66667
179.33334
174.16667
173.83334
178.08334
173.25000
176.50000
184.33334
175.16667
185.16667
184.41667
197.83334
180.25000
197.00000
202.58334
201.83334
202.75000
198.25000
210.25000
206.58334
207.91667
197.75000
185.58334
181.83334
166.58334
149.91667
128.25000
95.50000
68.41667
47.33334
41.75000
51.50000
58.91667
53.83334
67.75000
79.16667
58.75000
42.58334
39.50000
33.41667
34.75000
44.25000
55.00000
74.08334
101.91667
121.83334
138.66667
150.83334
165.58334
175.25000
169.00000
184.00000
182.33334
180.00000
178.83334
183.00000
188.58334
188.66667
184.50000
192.50000
196.41667
196.25000
173.75000
201.50000
201.08334
204.58334
201.33334
207.50000
209.25000
211.33334
197.16667
192.25000
190.83334
185.25000
174.75000
160.50000
136.66667
102.75000
71.58334
51.08334
39.00000
48.41667
54.58334
56.41667
61.83334
69.83334
53.25000
42.08334
46.58334
40.66667
37.75000
49.66667
64.08334
86.83334
118.16667
136.25000
153.41667
152.16667
169.75000
175.75000
177.58334
172.91667
186.50000
191.33334
192.66667
189.66667
191.33334
196.16667
197.25000
197.25000
195.50000
195.50000
185.00000
199.08334
202.08334
208.91667
204.41667
214.16667
212.16667
212.08334
205.75000
192.75000
194.00000
190.08334
183.33334
167.83334
140.91667
110.75000
76.33334
56.16667
41.00000
45.50000
51.83334
54.75000
58.75000
68.08334
58.33334
49.50000
41.41667
40.16667
44.50000
55.25000
67.16667
94.75000
124.66667
143.08334
155.33334
162.58334
166.16667
180.91667
184.41667
183.75000
190.58334
195.08334
198.08334
200.16667
201.91667
200.50000
201.75000
201.25000
201.50000
199.66667
197.75000
202.58334
207.41667
207.08334
216.83334
218.41667
218.83334
211.33334
208.75000
201.08334
198.41667
190.75000
186.08334
171.50000
143.25000
119.25000
81.83334
61.83334
46.16667
40.25000
47.91667
53.00000
54.83334
67.00000
52.16667
50.50000
40.91667
41.33334
45.50000
59.00000
74.25000
108.16667
135.41667
150.25000
154.41667
163.75000
171.83334
173.08334
190.83334
192.00000
194.33334
194.16667
201.08334
204.41667
204.91667
206.08334
207.08334
206.16667
203.91667
204.91667
205.41667
210.25000
212.91667
209.16667
219.16667
216.91667
216.08334
219.91667
213.16667
208.66667
204.16667
196.08334
185.83334
178.16667
146.66667
129.50000
88.83334
67.33334
53.83334
38.83334
45.08334
52.08334
59.58334
62.66667
50.91667
46.91667
40.58334
43.66667
50.25000
61.41667
84.41667
118.08334
138.75000
152.08334
152.66667
164.41667
183.33334
182.83334
178.25000
194.41667
194.91667
194.25000
206.83334
207.91667
210.00000
212.33334
213.00000
208.41667
208.16667
210.25000
211.58334
215.33334
218.08334
216.25000
217.75000
215.66667
206.91667
206.41667
203.83334
203.66667
200.75000
199.08334
185.66667
177.08334
152.41667
136.41667
105.66667
74.75000
57.16667
42.16667
39.66667
51.75000
58.75000
62.83334
52.08334
44.25000
43.66667
43.00000
55.58334
66.50000
94.58334
121.66667
140.58334
141.66667
157.33334
154.83334
164.91667
171.25000
185.91667
179.33334
192.50000
198.58334
197.16667
212.50000
213.50000
216.16667
219.00000
215.58334
214.25000
219.91667
218.83334
218.16667
212.66667
210.41667
203.08334
197.41667
195.41667
189.58334
186.83334
188.00000
189.25000
190.41667
185.83334
173.00000
157.50000
147.75000
117.08334
81.83334
64.25000
48.00000
38.16667
49.16667
55.58334
58.66667
51.41667
42.25000
45.08334
44.66667
59.83334
70.66667
102.16667
124.75000
138.50000
132.75000
140.33334
142.50000
154.66667
149.00000
152.00000
150.83334
138.25000
156.83334
184.08334
192.00000
195.91667
209.25000
215.08334
218.33334
219.33334
214.25000
205.41667
199.25000
188.75000
162.33334
141.41667
137.25000
147.58334
152.58334
159.83334
165.58334
176.75000
186.75000
181.00000
174.08334
166.41667
153.00000
129.25000
90.58334
73.00000
53.25000
40.41667
47.50000
55.50000
65.66667
52.58334
42.91667
49.25000
45.41667
60.91667
76.75000
105.50000
124.66667
133.83334
128.66667
125.41667
126.66667
124.66667
123.58334
102.58334
79.41667
72.08334
87.91667
115.75000
136.58334
157.33334
187.50000
195.75000
209.25000
209.58334
201.66667
195.83334
177.25000
152.66667
138.16667
122.25000
124.91667
124.41667
127.50000
142.58334
143.91667
160.00000
174.58334
177.83334
171.25000
171.58334
158.50000
137.66667
101.08334
76.00000
58.25000
44.50000
48.50000
56.50000
64.41667
53.41667
52.58334
55.58334
48.66667
62.75000
78.50000
107.25000
127.16667
142.16667
126.75000
132.75000
134.83334
143.58334
134.75000
145.83334
134.58334
126.41667
125.00000
120.66667
130.33334
139.00000
155.00000
187.00000
194.83334
202.33334
198.16667
183.75000
166.00000
161.66667
154.50000
160.25000
186.83334
171.91667
169.08334
176.50000
168.91667
178.25000
164.91667
180.58334
168.50000
163.16667
167.91667
148.83334
110.41667
81.33334
61.16667
50.66667
46.00000
56.83334
67.83334
49.75000
55.33334
69.50000
51.75000
64.75000
90.25000
109.83334
123.00000
152.91667
134.58334
137.91667
138.00000
154.00000
149.66667
174.58334
162.58334
156.16667
152.50000
142.58334
134.33334
153.50000
144.41667
165.50000
188.75000
188.75000
185.33334
175.58334
154.58334
163.08334
160.00000
165.75000
167.75000
150.33334
155.08334
162.25000
179.50000
181.16667
172.00000
161.58334
156.83334
158.25000
174.33334
155.58334
115.66667
87.50000
65.41667
51.00000
53.25000
59.91667
67.41667
55.83334
56.50000
75.41667
60.50000
67.91667
91.41667
119.91667
145.50000
148.16667
136.00000
140.50000
133.50000
116.08334
118.75000
146.08334
131.08334
128.91667
141.58334
144.33334
143.91667
153.91667
144.08334
155.41667
176.41667
178.00000
154.75000
152.58334
158.16667
147.41667
140.58334
122.41667
127.91667
103.83334
93.58334
103.75000
107.00000
134.33334
142.25000
153.00000
160.08334
157.50000
167.33334
154.50000
126.83334
92.08334
70.83334
76.08334
58.25000
72.41667
81.58334
67.58334
64.25000
65.50000
74.91667
76.58334
100.00000
115.83334
142.25000
140.66667
127.16667
119.91667
84.50000
90.16667
87.83334
109.50000
103.83334
81.66667
120.66667
134.50000
150.58334
152.25000
151.91667
147.91667
186.83334
178.33334
163.75000
168.41667
157.16667
144.25000
136.08334
108.91667
127.25000
75.58334
71.75000
114.25000
83.33334
118.08334
125.00000
153.66667
157.33334
164.66667
182.66667
167.50000
124.58334
100.00000
97.00000
74.16667
77.25000
83.58334
89.00000
82.66667
76.00000
70.50000
81.58334
85.58334
125.41667
135.66667
135.00000
136.25000
122.41667
96.66667
93.08334
115.91667
113.50000
100.50000
114.58334
140.25000
121.16667
119.50000
159.50000
146.91667
164.33334
169.00000
175.25000
179.25000
185.41667
168.66667
160.91667
155.41667
134.83334
129.75000
144.91667
92.91667
91.33334
147.66667
141.83334
139.58334
137.08334
151.91667
167.16667
164.83334
178.33334
175.33334
130.66667
104.33334
100.66667
86.50000
111.50000
102.91667
95.33334
92.08334
99.25000
88.75000
85.25000
98.91667
122.75000
145.16667
137.50000
142.91667
130.58334
123.08334
129.00000
132.25000
132.16667
127.75000
150.41667
131.00000
137.00000
135.33334
166.66667
157.33334
166.08334
168.58334
172.41667
181.33334
169.75000
165.91667
161.25000
160.50000
139.66667
132.66667
147.16667
143.16667
151.83334
160.00000
164.58334
160.58334
170.16667
172.00000
176.91667
162.91667
171.83334
158.00000
142.00000
113.75000
103.25000
96.41667
117.66667
101.33334
87.75000
88.16667
106.08334
117.58334
105.00000
105.41667
112.66667
149.83334
133.91667
155.16667
142.41667
141.66667
135.33334
133.41667
141.91667
149.66667
153.66667
150.33334
155.16667
162.83334
162.33334
161.00000
167.66667
157.91667
168.58334
193.25000
162.50000
161.00000
158.66667
175.41667
161.83334
142.66667
154.58334
155.33334
150.58334
169.41667
167.41667
174.33334
178.58334
176.66667
176.00000
156.83334
176.66667
173.08334
152.66667
119.50000
120.00000
110.66667
111.58334
112.41667
98.75000
92.16667
102.75000
116.75000
101.58334
107.16667
116.58334
152.41667
142.66667
158.58334
150.33334
145.66667
146.75000
153.16667
149.91667
157.25000
170.58334
167.25000
177.41667
170.83334
158.41667
160.33334
162.58334
160.91667
177.41667
195.50000
168.16667
179.08334
168.91667
170.33334
182.33334
168.83334
177.33334
173.91667
172.41667
177.33334
181.58334
187.50000
195.41667
186.83334
180.91667
162.91667
188.91667
181.58334
150.50000
128.00000
119.83334
119.08334
117.75000
112.75000
96.75000
91.41667
109.16667
105.41667
99.75000
104.50000
129.75000
156.50000
150.58334
162.83334
158.91667
157.58334
165.16667
167.41667
169.50000
170.16667
181.91667
176.83334
176.33334
173.58334
156.50000
166.50000
163.08334
173.16667
181.25000
194.33334
204.50000
178.75000
169.00000
168.50000
186.41667
185.16667
192.66667
188.75000
187.33334
191.50000
194.00000
199.41667
198.58334
194.58334
188.66667
176.33334
201.58334
182.08334
154.58334
136.66667
119.25000
133.16667
118.33334
104.91667
89.33334
93.41667
114.16667
92.16667
102.25000
113.08334
138.50000
153.08334
159.83334
165.66667
170.33334
168.16667
175.16667
178.50000
178.58334
176.91667
187.58334
182.58334
178.58334
172.66667
160.16667
171.75000
175.91667
172.25000
183.33334
199.75000
204.08334
177.16667
176.83334
178.50000
182.83334
192.41667
201.16667
194.91667
195.16667
196.66667
202.00000
198.25000
200.83334
200.41667
194.66667
185.83334
194.00000
183.08334
157.50000
142.00000
126.66667
139.00000
123.00000
112.66667
96.75000
101.83334
117.00000
101.41667
101.75000
113.75000
141.16667
150.83334
167.50000
166.66667
178.75000
175.25000
178.66667
179.41667
180.33334
181.50000
190.66667
188.08334
182.83334
170.41667
175.66667
179.25000
173.91667
182.08334
192.25000
204.16667
203.25000
203.66667
180.16667
181.83334
185.25000
191.16667
197.33334
201.00000
197.91667
201.33334
202.75000
204.66667
208.00000
205.75000
194.66667
193.83334
201.25000
180.08334
156.00000
150.16667
137.83334
125.58334
123.91667
113.83334
83.50000
101.00000
113.25000
103.33334
91.25000
124.83334
132.83334
162.33334
171.00000
165.33334
172.25000
184.33334
180.33334
179.66667
182.50000
186.83334
190.41667
191.41667
179.41667
173.66667
154.00000
165.66667
176.91667
187.66667
198.08334
202.00000
203.25000
186.50000
183.16667
175.16667
185.66667
187.66667
197.00000
201.58334
201.83334
203.25000
203.66667
205.58334
208.66667
203.75000
197.16667
189.66667
194.58334
178.50000
158.33334
145.00000
132.41667
122.41667
122.25000
124.66667
79.00000
100.75000
112.16667
110.75000
94.08334
123.58334
134.25000
153.33334
168.16667
168.75000
168.16667
179.16667
181.50000
186.50000
189.33334
189.91667
187.66667
187.75000
169.91667
154.25000
149.83334
166.83334
177.58334
187.58334
196.08334
200.25000
201.66667
197.91667
183.25000
177.75000
169.41667
183.33334
189.91667
201.25000
201.58334
203.91667
204.58334
206.58334
197.41667
182.08334
201.75000
194.16667
190.33334
173.16667
164.58334
155.16667
124.50000
125.50000
118.66667
126.50000
76.08334
85.66667
121.33334
118.00000
97.50000
119.66667
130.50000
153.41667
167.16667
169.66667
168.16667
179.00000
174.66667
181.58334
185.83334
190.33334
178.58334
172.00000
165.41667
152.50000
160.66667
174.25000
178.00000
182.00000
196.50000
199.58334
206.50000
200.16667
187.83334
188.66667
174.00000
162.83334
178.91667
191.16667
191.33334
187.91667
186.58334
188.25000
199.83334
196.33334
202.91667
191.83334
185.41667
171.25000
153.00000
140.83334
125.91667
122.16667
127.00000
111.33334
84.00000
83.33334
106.33334
118.33334
103.50000
114.75000
129.00000
149.33334
163.33334
172.83334
178.58334
178.75000
171.83334
170.91667
176.25000
174.66667
170.91667
155.75000
142.41667
158.91667
169.66667
177.75000
178.25000
184.58334
197.08334
199.75000
200.33334
200.33334
197.58334
194.16667
182.58334
171.50000
176.91667
193.00000
198.75000
200.33334
201.91667
201.91667
204.41667
203.66667
196.75000
189.16667
179.50000
166.66667
152.91667
128.75000
127.83334
118.33334
125.66667
102.58334
84.16667
76.83334
87.00000
118.58334
111.50000
114.50000
125.08334
145.75000
158.91667
171.83334
178.00000
180.16667
180.33334
181.00000
183.00000
178.50000
163.66667
159.66667
146.00000
152.66667
160.66667
172.75000
168.16667
173.33334
183.08334
188.16667
187.91667
186.58334
189.00000
186.33334
179.75000
170.08334
168.00000
183.16667
196.75000
203.75000
207.16667
207.00000
206.66667
198.08334
191.66667
184.91667
172.75000
167.25000
140.41667
131.50000
130.50000
129.83334
111.83334
101.00000
75.00000
75.75000
88.58334
105.50000
114.50000
113.08334
124.83334
143.33334
156.83334
163.25000
172.00000
178.33334
175.91667
179.83334
178.58334
167.08334
160.91667
165.41667
148.33334
133.16667
143.00000
148.50000
143.58334
143.25000
152.08334
153.00000
150.58334
160.25000
161.33334
157.83334
157.58334
174.91667
170.25000
178.50000
185.91667
199.00000
204.00000
202.50000
194.83334
193.66667
187.00000
178.91667
170.50000
167.58334
140.16667
131.66667
134.25000
135.00000
111.66667
100.50000
83.16667
77.50000
88.50000
95.00000
114.08334
116.91667
128.75000
143.58334
152.91667
153.25000
163.16667
172.58334
174.83334
176.33334
172.25000
166.08334
168.25000
166.16667
158.50000
128.25000
119.25000
124.91667
124.75000
122.00000
128.91667
138.00000
141.66667
130.33334
130.41667
136.91667
159.91667
170.08334
180.58334
177.83334
179.50000
189.75000
193.75000
198.08334
196.16667
193.66667
188.00000
180.41667
166.08334
166.00000
148.00000
132.83334
131.41667
124.41667
112.91667
96.75000
83.83334
83.83334
86.75000
96.83334
111.00000
110.83334
127.91667
137.00000
144.66667
147.00000
154.00000
164.00000
167.75000
169.58334
165.50000
167.91667
171.58334
170.08334
158.66667
147.58334
139.50000
134.50000
136.50000
137.16667
143.50000
143.08334
132.75000
131.58334
131.16667
155.16667
168.50000
188.33334
185.50000
178.75000
171.66667
184.50000
188.33334
191.83334
192.25000
189.08334
182.66667
174.66667
160.25000
164.08334
150.75000
129.33334
114.91667
113.50000
112.83334
90.00000
78.50000
85.16667
83.75000
91.83334
108.08334
116.66667
122.08334
128.58334
141.00000
141.16667
147.91667
157.58334
160.08334
164.08334
159.25000
165.16667
167.50000
164.00000
157.08334
154.50000
157.33334
159.50000
154.33334
146.50000
155.16667
154.25000
155.50000
155.25000
160.25000
172.50000
185.16667
186.50000
188.75000
175.50000
173.16667
178.08334
186.00000
188.50000
189.00000
184.08334
179.91667
170.58334
156.50000
162.16667
127.16667
116.00000
99.66667
97.50000
88.25000
85.83334
76.41667
77.41667
74.58334
75.16667
95.75000
102.83334
109.75000
126.00000
137.58334
137.91667
141.91667
149.91667
153.83334
153.91667
155.58334
159.08334
154.41667
155.91667
157.16667
157.91667
162.66667
161.66667
163.66667
154.33334
157.91667
162.16667
166.91667
171.08334
175.66667
185.91667
183.08334
186.08334
181.33334
171.75000
170.41667
169.00000
181.16667
182.75000
182.91667
179.58334
176.41667
164.25000
149.16667
142.50000
119.16667
104.83334
91.66667
77.83334
81.75000
82.08334
73.25000
73.75000
70.58334
72.58334
76.83334
91.08334
100.91667
114.41667
134.75000
136.91667
140.41667
146.75000
149.08334
152.25000
152.33334
148.50000
144.33334
143.50000
151.16667
147.50000
152.00000
141.08334
146.75000
142.00000
154.58334
154.91667
161.00000
164.75000
167.83334
177.00000
171.00000
172.08334
167.50000
159.08334
162.91667
165.58334
176.50000
178.58334
179.41667
179.91667
171.25000
159.83334
151.00000
134.91667
108.91667
91.58334
77.91667
73.83334
66.83334
71.33334
61.25000
63.75000
65.66667
69.08334
75.00000
85.33334
90.91667
107.50000
134.08334
141.00000
142.75000
146.33334
152.41667
150.33334
146.00000
138.58334
126.08334
116.66667
101.08334
92.83334
98.50000
101.41667
110.33334
107.25000
118.08334
116.58334
118.33334
126.00000
122.25000
137.50000
142.16667
136.75000
134.00000
144.75000
151.16667
163.83334
173.25000
177.00000
177.25000
172.00000
166.58334
153.33334
149.08334
121.58334
100.33334
85.58334
74.33334
65.58334
66.66667
68.75000
53.16667
59.33334
63.00000
71.41667
73.91667
80.00000
86.58334
104.50000
125.16667
142.33334
144.50000
147.41667
152.00000
150.41667
142.16667
133.33334
114.25000
100.50000
102.66667
98.41667
105.33334
110.08334
109.00000
110.66667
101.58334
108.25000
107.25000
114.83334
122.50000
117.66667
115.33334
125.66667
135.91667
144.91667
147.25000
162.08334
172.50000
174.25000
171.58334
161.33334
161.00000
150.83334
140.08334
113.75000
93.08334
86.50000
72.25000
64.25000
67.08334
66.66667
51.08334
56.58334
61.50000
71.66667
71.08334
71.58334
84.08334
93.25000
112.58334
135.41667
144.16667
145.66667
147.66667
147.16667
144.75000
136.25000
129.41667
119.08334
110.50000
104.75000
116.83334
125.08334
123.91667
125.08334
127.16667
125.75000
122.66667
120.16667
110.66667
110.00000
109.83334
126.33334
138.83334
145.00000
151.66667
164.00000
168.33334
165.41667
164.75000
159.33334
148.16667
143.08334
115.16667
99.75000
97.83334
83.50000
72.00000
62.83334
65.75000
67.33334
50.16667
55.00000
59.66667
64.91667
66.08334
68.08334
80.91667
87.33334
100.83334
121.58334
141.83334
141.91667
141.66667
143.33334
138.91667
137.41667
141.25000
135.33334
127.66667
118.33334
128.41667
131.75000
141.33334
140.16667
145.16667
142.66667
135.91667
141.50000
142.58334
136.50000
143.50000
155.83334
162.58334
155.58334
158.66667
160.16667
159.91667
158.16667
159.58334
149.50000
139.83334
129.91667
100.50000
80.25000
90.16667
88.50000
78.16667
64.83334
65.91667
65.66667
50.91667
54.58334
60.00000
59.33334
64.66667
65.91667
75.91667
83.58334
92.91667
108.58334
129.83334
134.50000
134.91667
136.75000
135.25000
138.66667
149.08334
145.91667
140.16667
124.91667
124.66667
123.66667
125.33334
121.66667
127.66667
133.08334
128.58334
126.91667
134.75000
147.58334
159.41667
174.50000
177.16667
167.00000
154.66667
152.58334
150.16667
152.25000
147.83334
137.75000
131.00000
98.83334
93.66667
74.33334
77.83334
82.00000
79.50000
73.33334
67.16667
67.08334
51.58334
57.41667
56.08334
54.75000
58.83334
66.16667
73.58334
78.91667
87.50000
97.58334
110.75000
123.66667
127.75000
129.75000
138.00000
138.91667
145.66667
154.91667
147.58334
138.41667
137.08334
133.00000
127.41667
119.08334
125.83334
126.75000
129.83334
141.00000
151.16667
159.50000
179.33334
181.00000
174.08334
161.91667
150.50000
148.91667
140.33334
144.08334
131.16667
122.58334
117.58334
90.00000
90.25000
77.25000
79.41667
75.08334
80.66667
69.16667
77.08334
65.16667
53.66667
56.00000
54.66667
53.33334
63.33334
63.50000
70.75000
75.08334
82.83334
92.00000
95.91667
106.91667
119.91667
130.00000
137.25000
143.91667
147.75000
153.50000
158.00000
151.83334
154.16667
148.16667
144.75000
137.08334
142.58334
146.91667
149.08334
156.25000
173.16667
177.83334
179.83334
178.91667
171.00000
163.41667
150.16667
144.58334
135.50000
121.91667
122.75000
102.33334
105.08334
98.25000
95.83334
79.08334
80.58334
83.75000
84.25000
76.16667
74.41667
71.75000
53.83334
54.91667
55.08334
62.58334
56.08334
61.83334
69.75000
71.83334
81.25000
88.00000
96.00000
93.66667
107.66667
121.50000
131.41667
141.83334
148.50000
155.75000
162.25000
157.08334
162.08334
164.58334
165.25000
161.66667
164.25000
167.75000
168.83334
177.25000
182.66667
181.08334
182.41667
178.00000
172.16667
162.08334
149.33334
134.16667
126.08334
125.25000
110.25000
96.00000
107.41667
102.25000
99.75000
103.91667
82.83334
72.08334
86.00000
91.66667
72.16667
76.66667
51.33334
54.16667
64.91667
58.41667
53.91667
60.41667
66.83334
72.33334
79.75000
90.41667
97.58334
93.00000
98.41667
106.75000
122.16667
135.08334
144.33334
156.08334
161.08334
159.25000
162.75000
164.50000
168.08334
165.58334
173.00000
171.33334
178.58334
186.08334
182.16667
184.75000
183.00000
175.58334
170.08334
159.00000
144.58334
122.83334
113.50000
116.25000
116.33334
95.75000
107.08334
132.58334
134.41667
103.66667
90.83334
84.16667
74.50000
95.91667
80.50000
74.16667
54.16667
59.08334
64.00000
54.33334
54.25000
59.25000
67.08334
74.50000
86.75000
88.25000
88.58334
91.66667
93.33334
92.91667
103.58334
119.33334
132.25000
146.91667
159.50000
154.08334
159.58334
159.16667
166.16667
166.75000
167.25000
169.25000
172.25000
178.66667
178.66667
183.58334
179.50000
170.25000
159.33334
141.50000
116.16667
111.25000
101.83334
110.66667
120.83334
105.25000
110.08334
133.50000
143.41667
126.25000
97.41667
86.75000
72.50000
87.58334
89.58334
97.16667
51.66667
67.08334
61.08334
55.25000
52.25000
61.00000
67.25000
75.58334
90.83334
90.83334
93.33334
87.66667
95.16667
89.91667
92.00000
99.16667
113.33334
128.16667
144.91667
148.00000
148.50000
149.66667
149.75000
156.50000
147.33334
152.16667
157.66667
164.83334
170.16667
166.16667
162.91667
155.08334
142.00000
109.41667
97.00000
103.00000
88.50000
112.00000
129.00000
124.75000
132.16667
145.33334
156.33334
143.00000
107.50000
82.50000
82.25000
94.83334
101.41667
95.08334
50.58334
68.16667
60.83334
57.25000
58.83334
58.41667
69.50000
88.33334
98.75000
94.00000
84.75000
84.25000
99.25000
98.41667
85.58334
92.08334
92.33334
105.50000
110.25000
119.50000
127.41667
132.00000
135.66667
129.08334
129.16667
128.83334
135.50000
140.25000
140.25000
138.58334
138.50000
128.83334
104.16667
90.58334
94.75000
101.66667
93.16667
118.16667
135.91667
133.75000
137.41667
140.00000
173.83334
161.75000
162.66667
135.66667
116.41667
112.58334
116.08334
108.08334
49.83334
67.75000
61.58334
57.33334
61.16667
59.00000
75.00000
106.25000
102.00000
89.25000
88.83334
96.33334
112.08334
101.91667
87.50000
84.75000
83.83334
89.50000
91.58334
90.66667
92.75000
100.91667
108.50000
107.50000
102.33334
108.83334
105.91667
103.00000
106.83334
103.16667
106.66667
94.91667
84.08334
91.16667
97.16667
109.66667
100.58334
122.33334
144.50000
139.58334
140.41667
141.08334
167.08334
165.33334
160.50000
142.50000
142.33334
151.83334
135.83334
139.83334
