35.58334
45.58334
42.58334
36.66667
37.91667
40.50000
45.25000
49.75000
54.41667
67.50000
74.25000
82.41667
113.00000
142.41667
157.25000
163.66667
178.66667
187.16667
192.16667
195.91667
194.41667
193.41667
196.08334
203.08334
203.41667
197.75000
197.58334
199.41667
203.33334
203.16667
195.75000
193.08334
181.83334
171.83334
156.08334
146.50000
135.41667
107.41667
70.25000
57.41667
49.16667
47.75000
42.25000
42.16667
42.33334
52.41667
44.08334
46.33334
59.83334
79.08334
37.66667
41.66667
36.83334
40.66667
37.91667
42.50000
50.58334
64.91667
73.66667
76.33334
88.66667
118.00000
137.58334
160.66667
171.00000
183.41667
192.00000
196.33334
199.83334
201.16667
204.41667
206.75000
210.16667
213.75000
214.25000
212.33334
208.00000
206.91667
210.08334
210.83334
209.25000
208.16667
200.00000
192.00000
179.66667
163.08334
142.75000
119.41667
87.08334
70.00000
52.25000
57.83334
64.50000
51.58334
39.58334
50.91667
29.41667
51.16667
49.58334
76.66667
37.16667
40.83334
37.16667
37.91667
39.00000
47.75000
60.16667
80.66667
93.08334
99.41667
122.25000
148.83334
151.50000
169.08334
181.33334
199.08334
203.25000
200.08334
206.25000
211.08334
210.50000
212.41667
215.91667
218.66667
217.75000
218.00000
217.50000
215.83334
214.66667
213.75000
212.58334
212.25000
208.66667
204.41667
190.75000
177.83334
167.00000
154.08334
116.75000
87.83334
59.50000
54.16667
63.75000
54.08334
38.08334
36.50000
30.33333
40.50000
42.50000
62.08334
34.50000
42.83334
38.83334
38.00000
39.00000
47.83334
71.08334
87.41667
109.83334
119.00000
138.08334
162.83334
150.16667
173.00000
188.75000
200.91667
209.83334
210.66667
219.00000
221.41667
222.25000
223.75000
223.33334
223.33334
225.83334
224.58334
222.33334
218.00000
215.66667
216.75000
215.66667
215.25000
212.00000
203.91667
194.41667
187.16667
179.00000
165.83334
143.58334
103.08334
77.91667
58.66667
64.08334
57.00000
47.16667
31.33333
29.58333
43.91667
47.83334
54.50000
36.33334
40.66667
39.25000
36.33334
37.83334
54.08334
70.00000
96.33334
125.66667
135.58334
154.50000
166.91667
162.75000
185.41667
194.66667
205.00000
211.58334
216.75000
225.91667
229.58334
230.58334
233.00000
235.91667
233.58334
231.91667
231.33334
226.75000
221.00000
220.25000
219.41667
219.41667
217.33334
210.83334
201.83334
194.50000
190.33334
185.41667
178.75000
162.66667
130.58334
103.41667
64.91667
63.58334
57.75000
50.75000
31.75000
28.50000
37.66667
43.25000
53.08334
34.16667
42.75000
38.33334
35.75000
42.25000
51.58334
70.33334
98.58334
127.50000
148.00000
169.83334
161.58334
182.75000
188.91667
192.08334
198.00000
208.66667
221.58334
225.33334
226.83334
225.83334
226.00000
228.91667
232.41667
232.16667
229.16667
224.75000
222.75000
223.91667
222.00000
219.33334
216.58334
210.50000
201.75000
196.91667
193.16667
188.08334
182.83334
173.16667
149.50000
128.08334
77.08334
65.66667
57.25000
49.16667
32.00000
30.00000
31.83333
37.75000
54.08334
31.83333
42.41667
38.91667
37.08334
41.08334
54.25000
70.50000
109.33334
136.25000
152.41667
170.91667
167.33334
188.25000
171.66667
189.08334
194.75000
210.16667
218.83334
225.08334
226.75000
226.50000
224.58334
222.91667
227.25000
226.91667
224.83334
221.16667
217.16667
216.25000
218.25000
215.66667
214.33334
208.25000
201.91667
197.75000
195.75000
190.33334
187.16667
178.00000
156.58334
136.50000
91.25000
60.50000
50.83334
49.33334
33.83334
34.08334
35.83334
38.08334
53.16667
29.33333
41.83334
38.16667
39.83334
43.50000
51.41667
68.58334
111.66667
152.91667
155.50000
168.83334
185.33334
186.25000
188.00000
186.83334
196.91667
210.25000
216.83334
219.50000
223.58334
223.58334
225.50000
225.16667
224.66667
222.66667
222.08334
220.00000
216.75000
214.66667
213.91667
214.25000
211.00000
204.00000
200.41667
199.16667
196.00000
191.08334
190.25000
183.66667
159.50000
140.75000
99.58334
65.16667
58.91667
46.91667
39.00000
33.33334
32.08334
31.00000
47.16667
39.25000
44.66667
41.16667
39.08334
46.00000
55.75000
76.91667
119.08334
155.16667
151.50000
163.58334
175.91667
186.58334
186.25000
193.50000
201.83334
209.33334
216.83334
222.00000
223.50000
223.25000
222.91667
221.83334
223.25000
223.16667
221.25000
219.75000
216.08334
215.50000
215.41667
213.25000
210.33334
205.16667
201.16667
199.75000
196.00000
193.16667
190.58334
185.41667
160.25000
138.50000
104.91667
72.58334
54.25000
49.75000
39.50000
34.16667
37.33334
41.16667
48.16667
38.33334
50.08334
49.75000
40.25000
45.75000
56.66667
79.66667
129.75000
157.66667
174.08334
178.66667
170.75000
194.41667
191.16667
196.00000
198.66667
207.66667
214.00000
220.50000
223.66667
224.08334
222.91667
220.83334
222.66667
220.66667
220.75000
221.83334
218.00000
217.41667
215.00000
212.33334
210.25000
206.25000
203.16667
199.41667
197.25000
195.41667
192.50000
187.00000
160.66667
139.00000
103.50000
70.75000
55.08334
47.33334
42.75000
34.66667
32.16667
33.91667
51.08334
36.75000
46.91667
51.25000
45.41667
46.25000
60.41667
89.66667
138.08334
168.75000
175.91667
181.91667
190.58334
190.75000
199.91667
200.75000
205.16667
209.00000
215.33334
219.16667
223.33334
223.25000
223.83334
222.41667
221.83334
220.08334
219.25000
219.91667
217.50000
216.08334
214.50000
212.33334
209.08334
205.16667
202.50000
199.75000
199.66667
196.66667
192.83334
185.41667
158.50000
140.83334
107.33334
70.58334
49.08334
47.50000
44.33334
34.33334
31.00000
33.25000
45.91667
37.25000
49.16667
51.00000
42.16667
52.58334
63.08334
100.58334
146.16667
170.91667
177.83334
184.50000
191.91667
195.41667
200.91667
202.50000
204.83334
209.50000
215.83334
224.75000
230.66667
232.41667
232.50000
226.33334
224.75000
222.08334
220.33334
221.25000
218.33334
218.00000
215.83334
213.91667
211.00000
206.50000
202.41667
202.00000
201.50000
197.91667
191.75000
182.83334
154.91667
140.91667
111.08334
70.08334
49.41667
45.16667
42.25000
35.58334
31.00000
36.33334
48.83334
38.41667
53.08334
54.91667
49.75000
56.58334
69.08334
125.83334
150.91667
168.66667
176.58334
181.83334
190.00000
194.41667
197.33334
198.33334
200.16667
203.91667
212.75000
219.50000
224.00000
225.16667
226.75000
224.41667
224.25000
222.16667
224.66667
222.91667
221.08334
220.25000
219.66667
216.25000
212.33334
206.00000
201.16667
200.91667
198.08334
196.75000
191.75000
182.33334
151.00000
140.91667
118.16667
81.66667
55.33334
44.16667
40.41667
34.91667
35.58334
38.75000
51.08334
42.58334
53.83334
71.83334
61.91667
56.33334
81.91667
140.83334
165.16667
163.00000
170.58334
178.75000
190.33334
190.83334
190.50000
195.00000
194.08334
194.75000
198.91667
197.25000
199.75000
203.41667
207.25000
213.16667
215.58334
217.50000
218.33334
217.00000
215.75000
215.91667
211.91667
212.08334
207.58334
201.00000
195.75000
188.25000
181.91667
172.83334
174.50000
171.00000
150.25000
141.58334
123.83334
92.41667
57.33334
42.00000
41.25000
38.25000
38.33334
53.50000
62.83334
40.25000
54.58334
70.83334
69.58334
61.16667
93.25000
151.41667
168.16667
164.75000
176.58334
181.50000
172.75000
165.41667
158.58334
149.66667
153.08334
160.08334
163.91667
174.33334
176.58334
177.91667
186.83334
197.50000
203.75000
202.91667
205.75000
203.91667
203.83334
199.66667
194.33334
187.66667
176.58334
160.16667
149.58334
134.16667
131.33334
125.33334
130.50000
141.50000
141.50000
139.75000
133.08334
105.75000
64.41667
38.08334
37.83334
44.00000
49.66667
51.33334
64.50000
32.75000
54.83334
71.08334
64.00000
67.66667
96.83334
159.25000
171.00000
167.83334
153.91667
146.08334
130.16667
110.16667
114.66667
106.66667
101.50000
96.41667
107.91667
128.66667
143.83334
165.16667
176.00000
185.08334
194.75000
197.25000
200.58334
199.00000
194.50000
182.75000
169.25000
146.08334
126.08334
109.75000
94.75000
100.91667
107.25000
113.75000
123.25000
128.33334
126.25000
136.16667
141.41667
115.91667
69.91667
38.08334
40.00000
45.66667
56.58334
48.25000
66.08334
32.16667
54.91667
78.08334
64.91667
72.08334
102.33334
157.58334
171.00000
163.33334
133.16667
138.50000
146.91667
140.16667
134.41667
137.41667
127.50000
111.66667
114.83334
117.50000
140.00000
149.33334
168.25000
184.25000
195.83334
202.50000
204.16667
198.16667
186.50000
166.33334
159.58334
144.91667
135.66667
132.58334
127.91667
137.33334
150.66667
158.66667
146.41667
137.50000
129.25000
120.16667
139.83334
123.16667
79.66667
40.58334
35.50000
50.25000
60.00000
52.91667
69.33334
37.16667
64.08334
89.25000
74.75000
79.00000
114.33334
157.58334
166.41667
162.83334
153.58334
159.41667
161.41667
158.66667
151.91667
152.41667
155.83334
130.83334
132.83334
128.75000
145.66667
142.00000
155.00000
177.08334
197.58334
209.50000
210.00000
200.00000
175.08334
151.50000
152.00000
155.25000
148.16667
147.25000
148.50000
159.75000
158.25000
166.33334
160.91667
156.91667
132.08334
128.91667
136.58334
132.91667
77.00000
47.66667
36.50000
56.00000
62.16667
66.83334
70.75000
41.41667
58.75000
94.58334
87.16667
76.25000
114.58334
142.25000
160.83334
155.50000
164.50000
156.58334
153.75000
136.83334
115.41667
126.91667
126.50000
98.91667
112.08334
124.58334
136.66667
149.33334
153.75000
160.25000
181.50000
200.50000
205.00000
190.41667
161.00000
148.08334
139.41667
143.83334
143.91667
120.58334
120.83334
117.25000
132.08334
130.08334
145.58334
154.33334
143.08334
145.66667
143.58334
143.00000
91.00000
54.41667
41.50000
56.75000
64.33334
86.66667
71.08334
53.83334
66.83334
91.50000
96.66667
84.50000
108.25000
157.75000
153.41667
154.08334
153.16667
149.50000
139.58334
99.75000
108.33334
114.58334
82.25000
120.58334
106.08334
171.58334
156.25000
160.33334
158.83334
163.91667
170.08334
190.75000
196.08334
175.83334
148.75000
152.58334
164.08334
164.66667
183.00000
96.83334
106.33334
89.41667
130.66667
96.58334
120.25000
146.25000
142.50000
142.58334
130.08334
136.58334
90.75000
56.75000
40.50000
52.91667
78.83334
101.00000
73.16667
52.91667
83.66667
93.66667
107.75000
92.33334
125.33334
167.66667
173.50000
162.00000
161.16667
153.66667
142.16667
125.16667
153.41667
164.08334
86.33334
77.50000
156.50000
186.08334
157.91667
157.00000
165.08334
145.83334
171.58334
202.50000
208.91667
186.25000
140.66667
147.25000
154.16667
161.83334
180.25000
108.08334
106.33334
116.25000
156.66667
111.50000
115.25000
145.25000
147.50000
151.91667
145.16667
142.16667
102.83334
60.50000
46.08334
65.08334
98.33334
108.50000
80.58334
62.16667
89.16667
93.16667
118.25000
101.08334
131.00000
175.66667
182.00000
179.75000
169.66667
168.16667
162.83334
161.08334
152.16667
165.08334
165.50000
178.25000
176.83334
163.83334
164.91667
169.00000
156.33334
158.25000
176.50000
197.75000
203.58334
192.16667
155.91667
152.08334
177.16667
171.91667
171.91667
167.00000
133.25000
148.83334
157.25000
143.16667
144.83334
161.66667
153.33334
151.83334
150.08334
142.50000
113.25000
65.91667
46.66667
72.91667
99.50000
106.25000
89.41667
63.33334
100.25000
108.33334
115.16667
106.50000
136.66667
177.83334
184.50000
188.91667
189.58334
184.00000
180.83334
174.16667
167.08334
162.33334
167.83334
172.50000
163.91667
160.41667
164.58334
167.08334
160.33334
161.00000
179.08334
194.25000
200.33334
191.50000
168.83334
161.33334
174.00000
175.25000
181.50000
174.25000
170.16667
166.58334
166.33334
174.00000
178.25000
178.41667
165.58334
156.00000
153.83334
148.25000
124.66667
72.08334
58.25000
87.08334
106.83334
113.91667
98.16667
63.41667
88.83334
119.75000
119.83334
116.58334
137.25000
177.58334
187.91667
193.00000
194.91667
193.08334
191.41667
192.16667
186.41667
179.00000
178.25000
182.00000
186.91667
185.25000
178.16667
169.50000
170.16667
168.16667
182.41667
194.08334
198.33334
189.08334
172.91667
155.41667
176.50000
187.75000
194.16667
184.75000
179.33334
180.25000
180.25000
182.00000
188.83334
186.41667
174.91667
162.00000
162.08334
152.66667
135.83334
76.66667
72.91667
112.66667
118.75000
115.75000
92.91667
70.83334
78.08334
117.66667
132.00000
129.75000
139.33334
173.58334
187.33334
195.25000
197.41667
196.25000
199.50000
197.50000
196.41667
196.66667
200.83334
197.33334
195.50000
190.25000
182.33334
181.33334
174.41667
181.91667
182.41667
197.66667
198.83334
187.16667
174.91667
170.00000
178.16667
189.08334
202.16667
200.50000
197.91667
199.25000
195.25000
187.25000
188.00000
187.66667
176.83334
166.25000
163.00000
153.83334
142.33334
80.91667
96.00000
113.08334
118.08334
116.58334
97.66667
71.25000
73.00000
118.08334
139.16667
139.91667
146.58334
170.25000
185.16667
192.91667
199.50000
202.33334
205.66667
203.33334
198.66667
201.08334
202.00000
202.58334
195.75000
188.33334
186.58334
188.08334
181.33334
183.16667
185.25000
199.66667
201.58334
187.41667
175.66667
173.08334
174.41667
190.00000
194.91667
201.83334
203.50000
199.00000
195.16667
189.83334
189.16667
189.58334
180.25000
171.33334
164.66667
156.50000
131.91667
82.66667
105.00000
115.66667
124.00000
121.91667
105.50000
74.50000
86.41667
120.91667
143.08334
148.25000
140.83334
160.50000
182.58334
192.25000
196.66667
204.75000
206.41667
208.58334
207.91667
207.58334
202.75000
203.00000
200.33334
198.33334
193.66667
187.91667
185.33334
182.91667
187.08334
200.58334
201.33334
188.50000
177.83334
174.00000
179.08334
190.91667
197.08334
200.33334
203.58334
203.91667
199.75000
196.00000
194.08334
194.08334
187.08334
174.91667
160.41667
153.33334
122.91667
109.16667
116.00000
108.41667
141.58334
123.16667
114.25000
82.66667
75.41667
108.41667
147.25000
157.83334
136.83334
151.58334
181.00000
190.16667
194.75000
200.75000
207.08334
212.66667
211.75000
211.91667
208.33334
206.91667
206.33334
204.41667
196.75000
190.50000
181.83334
183.66667
189.83334
202.83334
204.00000
189.91667
178.75000
172.25000
177.58334
189.16667
195.58334
194.83334
200.50000
202.66667
202.00000
200.08334
198.66667
195.08334
188.91667
176.91667
160.00000
152.91667
119.75000
107.91667
120.50000
114.41667
130.91667
113.33334
103.91667
80.33334
84.50000
113.00000
151.00000
148.16667
135.58334
151.58334
177.16667
187.41667
193.50000
199.91667
206.83334
209.75000
213.91667
215.08334
208.75000
208.33334
209.41667
205.58334
199.25000
183.08334
180.08334
184.66667
192.16667
204.58334
206.66667
193.66667
181.41667
173.75000
178.50000
185.66667
199.66667
193.33334
193.58334
201.08334
203.66667
201.41667
199.41667
192.33334
188.33334
170.58334
158.33334
152.66667
112.41667
109.75000
131.16667
126.50000
116.16667
117.50000
107.58334
94.00000
88.08334
90.58334
136.16667
148.91667
140.66667
149.08334
171.16667
185.58334
191.41667
197.83334
203.16667
208.50000
214.00000
212.58334
211.83334
211.41667
209.75000
199.75000
184.91667
171.66667
181.41667
186.58334
198.33334
209.83334
210.33334
195.50000
181.58334
177.50000
175.25000
191.25000
199.50000
193.75000
193.00000
196.83334
202.33334
199.58334
195.58334
190.41667
184.25000
165.58334
158.91667
149.91667
115.41667
105.91667
128.58334
131.08334
111.41667
109.00000
109.50000
87.00000
96.08334
89.00000
126.33334
151.66667
135.41667
142.16667
163.91667
182.41667
187.33334
194.75000
201.41667
205.16667
208.16667
210.50000
209.58334
207.08334
201.25000
191.16667
180.75000
172.33334
177.00000
180.33334
197.66667
211.66667
206.91667
191.83334
176.08334
176.16667
174.00000
183.25000
198.75000
195.00000
194.58334
196.83334
196.33334
196.16667
191.16667
185.25000
179.50000
162.16667
160.58334
152.83334
111.50000
102.25000
121.66667
123.50000
108.41667
109.00000
103.66667
87.16667
99.16667
106.75000
131.41667
149.66667
132.66667
125.91667
153.66667
179.41667
185.08334
190.00000
195.50000
200.58334
203.16667
201.50000
201.25000
198.41667
194.50000
191.75000
179.16667
166.58334
162.66667
158.83334
180.50000
196.08334
192.66667
170.25000
156.75000
153.66667
160.75000
181.50000
199.00000
201.08334
196.41667
193.58334
193.58334
190.25000
187.00000
178.75000
171.41667
157.75000
150.66667
146.83334
99.33334
105.91667
121.83334
123.00000
108.00000
106.75000
104.83334
90.91667
91.50000
106.41667
131.83334
145.83334
140.83334
123.50000
153.25000
173.25000
182.58334
189.66667
191.41667
194.16667
196.25000
195.83334
197.08334
195.75000
195.00000
194.08334
185.16667
178.16667
164.41667
162.33334
164.66667
162.58334
161.66667
154.83334
142.50000
143.16667
169.33334
188.25000
195.75000
198.00000
201.75000
191.66667
186.41667
185.16667
180.41667
171.08334
164.83334
153.41667
142.16667
136.33334
93.41667
113.50000
114.50000
125.41667
107.91667
107.33334
104.58334
98.83334
96.16667
101.91667
132.16667
145.16667
141.00000
113.00000
148.66667
172.08334
177.16667
182.33334
186.16667
189.66667
190.83334
192.50000
192.50000
193.00000
190.91667
190.41667
188.41667
182.50000
174.83334
170.25000
173.00000
169.50000
155.50000
146.91667
145.91667
150.58334
173.16667
181.66667
186.75000
195.50000
200.83334
194.58334
183.16667
181.66667
178.25000
166.66667
159.08334
150.50000
133.08334
125.66667
88.41667
107.66667
96.75000
126.25000
108.83334
113.83334
109.75000
113.25000
104.33334
98.66667
135.41667
152.50000
147.00000
109.91667
142.83334
157.58334
171.83334
176.66667
183.83334
185.25000
186.83334
186.33334
188.25000
183.83334
182.75000
184.91667
181.66667
177.83334
174.41667
170.25000
172.66667
170.25000
168.00000
162.75000
162.75000
162.58334
171.58334
180.25000
183.33334
184.75000
185.83334
182.00000
177.08334
177.50000
173.83334
163.66667
152.75000
131.83334
133.25000
104.83334
79.66667
80.75000
94.33334
113.16667
119.25000
116.58334
109.91667
107.41667
101.00000
90.41667
101.58334
132.75000
139.33334
120.66667
132.66667
149.50000
162.00000
169.91667
180.08334
182.83334
182.58334
180.50000
177.75000
171.75000
171.66667
174.25000
173.00000
164.16667
166.25000
166.50000
169.91667
173.91667
166.91667
168.50000
165.50000
159.33334
165.00000
173.33334
171.08334
160.91667
159.58334
172.91667
179.16667
169.91667
169.83334
165.16667
146.66667
127.66667
129.58334
98.91667
76.08334
87.50000
94.50000
101.00000
107.66667
102.41667
104.00000
112.66667
126.16667
105.08334
110.83334
123.75000
127.08334
126.66667
126.16667
136.50000
148.16667
164.00000
178.50000
180.83334
182.16667
175.50000
166.16667
159.91667
150.58334
155.50000
162.75000
150.58334
152.58334
162.58334
163.83334
175.58334
165.91667
168.25000
166.58334
158.25000
164.66667
165.58334
148.41667
140.00000
143.33334
164.08334
175.08334
172.66667
168.33334
161.58334
130.83334
125.25000
120.58334
90.00000
71.00000
83.25000
98.83334
101.75000
100.25000
93.08334
97.50000
111.16667
129.00000
125.66667
116.83334
129.83334
133.16667
138.83334
120.08334
133.75000
143.83334
160.25000
172.83334
183.83334
181.33334
157.50000
151.25000
152.16667
146.58334
152.08334
151.16667
137.83334
150.66667
168.08334
172.33334
180.33334
186.83334
179.75000
173.50000
163.75000
152.33334
150.00000
139.91667
136.08334
143.16667
152.58334
168.00000
164.75000
165.08334
140.83334
123.16667
117.00000
106.75000
85.83334
79.91667
88.00000
108.75000
107.91667
108.50000
96.66667
94.33334
117.08334
122.91667
117.08334
114.33334
116.50000
137.58334
150.50000
129.25000
121.66667
125.16667
154.58334
163.58334
177.41667
183.75000
162.50000
147.50000
150.58334
148.41667
149.91667
150.25000
145.41667
152.08334
157.58334
156.66667
149.08334
153.91667
152.58334
137.16667
140.75000
139.00000
131.00000
135.16667
146.75000
141.33334
157.16667
162.58334
163.41667
157.66667
134.83334
117.25000
96.58334
112.33334
112.66667
80.50000
92.25000
113.91667
103.00000
105.83334
105.33334
100.58334
122.25000
127.83334
134.83334
119.08334
137.25000
158.08334
158.16667
131.66667
120.25000
115.16667
147.33334
152.00000
169.83334
179.08334
172.50000
164.91667
162.83334
161.25000
156.91667
137.91667
132.50000
133.25000
136.41667
140.16667
144.66667
142.33334
139.25000
138.25000
139.75000
137.16667
155.00000
164.25000
171.33334
168.16667
170.50000
162.33334
163.58334
144.66667
115.50000
111.33334
87.91667
94.75000
98.25000
88.16667
81.50000
87.58334
100.66667
103.50000
103.25000
102.58334
119.75000
133.83334
145.16667
132.50000
141.41667
145.91667
146.41667
124.58334
118.83334
114.25000
121.75000
151.83334
167.91667
179.33334
178.83334
177.50000
182.75000
180.41667
171.16667
165.91667
163.91667
160.16667
159.75000
159.25000
158.25000
164.66667
168.75000
164.75000
166.08334
162.66667
169.50000
180.25000
187.33334
178.08334
171.41667
165.50000
162.58334
129.25000
104.00000
90.50000
88.00000
90.83334
96.83334
99.91667
109.58334
102.08334
98.16667
103.41667
104.75000
100.91667
158.16667
167.91667
171.91667
157.83334
131.41667
129.58334
144.66667
124.00000
112.50000
115.33334
115.66667
130.75000
153.25000
171.08334
180.91667
182.25000
185.25000
193.41667
193.50000
192.25000
188.75000
184.91667
182.16667
181.75000
179.41667
179.16667
183.75000
179.58334
178.25000
177.08334
183.75000
187.33334
185.16667
180.33334
174.25000
172.25000
156.50000
120.00000
95.75000
90.16667
89.16667
99.83334
106.00000
104.58334
116.50000
120.83334
108.66667
109.50000
111.00000
105.75000
168.25000
168.33334
177.83334
153.83334
144.50000
139.33334
139.50000
112.00000
101.50000
116.41667
119.58334
127.83334
145.25000
165.00000
178.33334
179.66667
186.50000
191.33334
194.33334
193.41667
192.58334
187.25000
183.50000
179.83334
179.58334
179.08334
176.41667
172.00000
173.75000
179.41667
185.91667
178.91667
180.66667
182.33334
177.50000
166.91667
143.41667
110.08334
92.66667
97.50000
90.41667
91.91667
102.16667
115.50000
126.33334
129.75000
129.66667
130.00000
114.75000
113.25000
154.91667
161.66667
172.41667
156.33334
158.08334
151.25000
128.16667
107.25000
107.08334
102.16667
118.50000
146.83334
125.08334
153.91667
165.16667
170.33334
181.33334
188.50000
186.16667
189.33334
187.16667
184.41667
177.50000
173.41667
168.25000
161.50000
162.75000
171.00000
174.58334
180.75000
177.75000
176.66667
176.33334
172.41667
176.75000
158.33334
132.58334
117.16667
105.66667
102.41667
89.66667
87.08334
104.08334
125.08334
130.00000
140.16667
140.91667
142.75000
132.25000
121.83334
164.08334
172.75000
171.08334
173.83334
175.00000
166.25000
136.41667
115.50000
119.25000
107.25000
112.08334
144.75000
138.58334
133.91667
159.66667
166.08334
176.33334
180.50000
187.58334
191.41667
191.08334
188.33334
182.58334
178.33334
163.25000
169.00000
174.66667
181.08334
185.75000
182.66667
181.58334
175.83334
166.75000
168.91667
152.08334
133.16667
124.16667
119.08334
123.08334
109.16667
90.16667
95.25000
125.91667
138.50000
137.00000
141.33334
148.41667
146.66667
142.16667
138.91667
168.41667
172.66667
169.16667
170.75000
174.91667
163.66667
149.91667
120.00000
107.58334
109.08334
110.66667
134.83334
139.75000
130.83334
134.58334
149.91667
152.08334
177.00000
188.50000
195.16667
194.66667
196.25000
194.08334
187.75000
185.25000
191.41667
190.75000
192.83334
190.91667
188.91667
185.83334
172.91667
165.75000
158.41667
136.41667
115.58334
113.75000
135.33334
135.66667
119.00000
108.00000
93.33334
130.66667
153.58334
159.66667
152.83334
157.91667
164.16667
170.41667
151.91667
165.83334
166.08334
174.25000
154.16667
162.91667
163.33334
159.33334
127.83334
99.83334
96.83334
111.08334
109.75000
124.50000
132.00000
125.16667
125.00000
143.41667
165.41667
178.08334
192.41667
197.75000
204.00000
203.50000
201.91667
206.25000
202.66667
204.33334
198.08334
195.00000
190.08334
183.50000
169.25000
149.58334
145.16667
121.16667
101.16667
125.75000
136.58334
127.00000
126.41667
135.75000
96.75000
125.16667
143.66667
151.75000
164.50000
159.83334
162.75000
178.83334
165.91667
172.58334
183.41667
169.75000
163.41667
174.91667
164.00000
150.58334
133.66667
101.58334
95.08334
111.00000
115.83334
118.16667
116.08334
112.00000
115.41667
118.66667
144.91667
164.25000
173.91667
190.41667
195.75000
199.33334
202.58334
201.16667
202.16667
196.75000
191.58334
190.91667
182.08334
172.50000
157.83334
135.33334
130.75000
102.00000
102.08334
126.33334
137.08334
142.83334
136.08334
121.91667
111.83334
122.41667
138.66667
152.66667
163.50000
178.58334
167.08334
174.83334
170.75000
178.08334
184.16667
173.16667
175.00000
180.58334
172.66667
157.08334
154.41667
101.75000
103.16667
111.33334
123.58334
110.33334
105.50000
106.16667
100.83334
117.58334
116.08334
133.66667
155.33334
172.75000
184.00000
194.08334
189.08334
192.50000
195.16667
188.33334
181.16667
178.83334
165.58334
153.75000
135.91667
120.33334
120.25000
101.41667
114.83334
128.33334
138.16667
145.33334
143.41667
123.58334
127.91667
129.25000
157.91667
158.83334
160.83334
170.00000
184.66667
188.33334
181.66667
169.58334
171.83334
168.25000
177.33334
179.25000
187.75000
174.41667
155.41667
117.50000
108.58334
106.83334
131.58334
117.08334
104.75000
94.41667
98.91667
95.16667
106.25000
108.08334
131.08334
147.58334
158.66667
166.25000
168.00000
173.50000
166.08334
167.25000
165.08334
158.00000
142.33334
132.83334
110.91667
105.16667
98.58334
102.41667
127.83334
129.33334
139.91667
155.83334
142.41667
130.41667
136.00000
140.83334
151.33334
166.75000
176.91667
178.00000
202.58334
206.75000
188.75000
