54.16667
43.33334
32.58334
34.58334
28.75000
25.00000
15.41667
18.41667
14.25000
17.08333
25.75000
36.50000
42.08334
56.58334
86.83334
120.66667
166.00000
194.00000
205.75000
215.08334
221.25000
223.91667
228.33334
230.41667
232.33334
232.00000
233.25000
232.41667
226.41667
221.00000
211.66667
193.33334
164.25000
134.41667
103.16667
73.08334
55.75000
39.75000
22.25000
19.58333
18.91667
16.75000
24.08333
28.50000
34.16667
44.16667
56.00000
60.50000
62.33334
76.00000
50.83334
38.75000
33.08334
30.33333
27.50000
17.08333
17.00000
17.58333
15.41667
24.41667
35.50000
52.08334
67.41667
96.75000
138.75000
176.16667
206.91667
220.66667
225.33334
226.50000
230.66667
232.50000
233.41667
234.33334
235.91667
237.66667
236.66667
234.00000
234.33334
231.16667
228.33334
215.41667
202.33334
174.75000
151.41667
103.58334
77.58334
50.58334
23.58333
17.08333
20.58333
16.00000
20.91667
23.16667
31.33333
36.91667
53.58334
58.75000
56.75000
69.41667
46.00000
40.33334
34.16667
25.66667
21.83333
15.33333
15.25000
17.16667
19.50000
36.33334
51.08334
77.25000
113.50000
148.75000
170.75000
204.50000
218.66667
226.50000
227.08334
229.41667
232.08334
233.91667
234.58334
235.25000
235.58334
237.00000
234.91667
234.91667
234.00000
234.66667
231.58334
227.00000
216.83334
203.33334
182.00000
144.83334
96.58334
64.00000
37.33334
19.50000
20.83333
15.66667
18.50000
21.91667
25.66667
37.91667
47.33334
56.66667
57.83334
68.25000
42.25000
40.50000
33.08334
24.00000
18.41667
16.33333
14.25000
20.08333
32.58334
44.66667
74.50000
120.08334
150.33334
173.33334
188.83334
213.41667
221.33334
226.25000
226.91667
229.75000
232.33334
232.75000
233.75000
233.50000
234.75000
234.58334
233.33334
234.25000
232.91667
233.33334
232.00000
231.16667
227.08334
217.91667
206.50000
175.16667
124.50000
78.33334
49.41667
26.08333
19.16667
14.00000
16.83333
20.00000
24.75000
28.66667
40.58334
52.25000
56.83334
63.91667
44.50000
38.50000
29.50000
19.50000
16.33333
14.91667
16.83333
29.66667
40.33334
61.16667
104.66667
146.41667
167.66667
179.33334
191.00000
215.08334
223.41667
224.58334
228.41667
229.00000
230.16667
232.66667
233.25000
232.41667
234.00000
232.75000
233.00000
233.33334
232.91667
231.33334
229.66667
230.41667
227.25000
223.33334
216.91667
195.75000
159.00000
105.25000
63.00000
32.75000
21.41667
15.16667
15.00000
17.66667
23.83333
22.91667
38.58334
47.16667
52.66667
64.25000
42.41667
38.50000
21.83333
15.58333
15.00000
13.50000
20.58333
35.33334
50.16667
80.16667
124.50000
154.33334
168.83334
178.00000
197.08334
216.66667
221.83334
225.00000
225.08334
225.58334
227.50000
228.33334
230.50000
233.50000
231.66667
232.50000
233.58334
232.00000
228.83334
228.00000
229.66667
227.83334
226.83334
224.25000
218.91667
204.33334
178.41667
134.00000
78.08334
42.50000
26.50000
17.83333
16.91667
17.83333
22.33333
22.33333
31.91667
43.58334
50.75000
58.00000
40.66667
28.83333
19.58333
15.08333
14.83333
15.00000
23.83333
40.50000
58.83334
91.50000
133.00000
156.75000
166.91667
179.50000
199.41667
215.66667
219.25000
222.66667
225.16667
224.33334
225.33334
228.58334
228.91667
230.16667
232.25000
231.91667
231.75000
229.75000
227.75000
228.08334
226.66667
228.41667
225.66667
224.25000
219.25000
211.83334
195.91667
159.50000
112.75000
54.08334
35.75000
20.75000
15.50000
15.08333
20.50000
20.58333
32.08334
41.25000
47.00000
59.58334
41.41667
26.25000
17.16667
14.83333
13.16667
16.58333
27.50000
41.41667
70.91667
97.16667
140.16667
157.00000
171.00000
183.08334
200.58334
213.41667
217.33334
219.83334
221.58334
225.00000
225.25000
225.66667
227.50000
229.66667
229.16667
228.58334
225.33334
226.83334
225.66667
225.33334
225.91667
225.83334
228.16667
225.00000
221.41667
214.25000
205.91667
185.08334
143.83334
95.00000
45.00000
31.50000
21.16667
14.58333
18.00000
17.16667
28.41667
35.83334
47.66667
62.41667
36.91667
23.33333
14.50000
12.50000
12.66667
17.25000
25.00000
46.58334
72.58334
99.00000
145.41667
163.41667
176.58334
185.66667
200.50000
209.66667
219.50000
222.33334
224.58334
224.41667
225.08334
224.25000
227.58334
228.25000
231.00000
231.08334
228.75000
228.08334
228.75000
227.91667
226.58334
227.33334
229.25000
226.75000
223.16667
216.75000
210.41667
200.16667
170.25000
131.83334
80.50000
41.58334
30.33333
18.50000
15.91667
18.08333
24.58333
31.83333
48.41667
57.83334
33.08334
24.58333
10.16667
11.83333
12.50000
14.91667
20.91667
45.08334
72.66667
108.00000
155.50000
173.08334
178.75000
188.41667
206.41667
212.50000
219.33334
223.41667
224.33334
225.50000
227.66667
229.33334
231.33334
232.08334
231.91667
231.58334
232.00000
227.41667
230.41667
231.83334
232.41667
231.25000
229.58334
227.83334
223.83334
220.58334
213.91667
204.41667
185.50000
156.00000
118.58334
70.16667
39.58334
26.91667
18.83333
17.50000
20.58333
34.00000
43.33334
54.16667
30.83333
18.91667
9.08333
10.00000
10.75000
12.83333
16.75000
38.58334
70.75000
120.00000
168.25000
177.33334
181.00000
192.41667
212.66667
215.91667
223.50000
226.25000
226.16667
230.00000
229.16667
232.41667
231.91667
232.83334
230.41667
231.50000
229.58334
229.25000
233.83334
237.00000
235.16667
233.75000
233.41667
234.16667
231.08334
225.41667
218.75000
210.91667
193.41667
175.00000
137.25000
87.50000
53.50000
39.25000
25.33333
20.50000
16.66667
29.16667
39.16667
49.16667
28.91667
17.91667
7.75000
8.66667
10.16667
11.75000
13.66667
35.00000
79.08334
134.08334
171.75000
180.08334
183.00000
202.75000
217.41667
220.00000
223.83334
228.50000
230.41667
231.58334
231.91667
230.16667
231.83334
233.50000
227.91667
229.75000
228.41667
233.50000
235.83334
236.33334
233.83334
230.25000
232.58334
231.25000
227.83334
222.91667
217.91667
216.58334
201.50000
182.58334
154.08334
107.58334
71.16667
48.25000
36.16667
25.41667
20.41667
23.00000
34.00000
52.08334
25.08333
16.00000
6.08333
9.08333
10.41667
10.00000
13.91667
38.83334
90.83334
141.16667
176.25000
185.75000
182.66667
205.50000
214.41667
218.16667
221.41667
227.66667
229.83334
229.66667
231.08334
229.58334
228.50000
233.83334
229.41667
231.25000
228.83334
232.33334
231.66667
226.83334
223.33334
221.16667
214.08334
200.08334
197.08334
197.08334
200.16667
210.66667
211.16667
184.66667
165.75000
130.25000
79.08334
53.83334
44.58334
33.33334
22.58333
23.33333
29.83333
47.16667
24.75000
15.16667
6.08333
9.16667
9.50000
9.58333
17.00000
54.25000
101.75000
148.58334
182.08334
185.41667
194.16667
209.83334
208.66667
209.16667
211.75000
208.00000
211.66667
215.41667
222.25000
226.91667
224.91667
227.00000
228.58334
229.00000
222.41667
219.16667
207.25000
193.33334
172.75000
153.83334
140.00000
149.16667
162.41667
181.50000
196.50000
205.41667
210.66667
185.16667
172.08334
139.25000
95.08334
57.83334
44.83334
42.58334
34.41667
25.08333
25.16667
41.16667
23.75000
15.50000
7.00000
11.41667
9.75000
12.41667
26.00000
63.66667
109.66667
160.91667
179.83334
185.58334
192.25000
204.25000
200.00000
188.91667
175.50000
164.00000
161.58334
169.33334
186.08334
202.08334
217.75000
217.16667
225.91667
217.33334
203.41667
190.83334
157.66667
123.83334
106.41667
104.91667
115.75000
136.08334
157.25000
177.16667
188.33334
200.33334
205.50000
185.25000
176.08334
150.33334
110.08334
63.50000
45.91667
45.00000
35.58334
30.75000
20.75000
39.41667
23.41667
19.75000
13.91667
12.33333
11.16667
15.75000
39.83334
74.58334
123.50000
163.83334
184.33334
179.58334
174.33334
166.75000
157.91667
130.41667
109.41667
97.66667
91.25000
99.33334
129.41667
166.33334
189.83334
214.00000
216.50000
201.83334
196.25000
160.41667
120.08334
108.00000
107.16667
104.83334
122.50000
152.00000
172.66667
167.75000
174.83334
185.83334
194.50000
179.25000
178.41667
161.50000
123.66667
72.91667
45.58334
46.50000
39.91667
35.58334
23.75000
41.66667
23.50000
18.00000
19.66667
15.91667
15.58333
23.08333
56.25000
87.16667
131.91667
168.33334
175.58334
159.83334
155.16667
163.00000
156.16667
137.25000
126.00000
115.33334
110.08334
110.41667
113.41667
150.16667
182.08334
203.83334
213.50000
210.25000
189.66667
153.08334
119.08334
113.83334
104.75000
118.83334
140.91667
154.75000
167.16667
166.16667
160.16667
167.83334
181.50000
179.08334
170.91667
171.16667
138.25000
86.83334
50.16667
47.50000
43.00000
41.08334
27.91667
32.41667
27.58333
13.91667
18.33333
16.41667
21.00000
31.91667
66.00000
95.33334
140.50000
167.50000
152.75000
154.16667
169.33334
167.91667
152.66667
135.91667
122.91667
118.08334
106.50000
113.33334
123.08334
133.83334
176.66667
206.33334
222.58334
216.83334
193.83334
137.66667
119.75000
106.41667
108.66667
122.50000
130.00000
127.50000
126.50000
137.50000
143.91667
146.33334
163.41667
182.83334
169.00000
175.16667
154.75000
107.91667
52.83334
48.25000
46.00000
41.83334
32.75000
26.33333
22.83333
13.25000
17.50000
19.58333
25.75000
43.00000
72.50000
105.16667
146.75000
154.75000
147.08334
166.75000
153.91667
151.91667
139.00000
129.08334
116.25000
116.08334
101.41667
95.41667
107.08334
119.75000
171.33334
209.58334
228.00000
220.66667
188.08334
137.16667
114.25000
91.66667
102.08334
145.08334
132.75000
152.83334
115.58334
132.83334
145.08334
121.75000
139.41667
173.58334
176.33334
176.58334
165.83334
128.16667
67.58334
47.08334
43.16667
46.08334
37.91667
26.41667
20.33333
14.83333
17.58333
29.66667
27.58333
53.08334
80.33334
119.75000
152.25000
147.50000
159.91667
136.16667
122.08334
129.83334
105.91667
107.91667
104.25000
110.91667
107.41667
93.25000
105.33334
125.83334
172.08334
211.91667
228.50000
221.33334
192.50000
151.91667
129.91667
99.66667
115.83334
148.41667
143.41667
126.75000
110.58334
153.58334
166.75000
125.08334
140.66667
166.33334
175.66667
178.00000
169.41667
143.08334
85.41667
47.16667
42.25000
46.33334
43.83334
37.33334
18.08333
14.66667
17.33333
35.83334
37.08334
62.16667
92.00000
133.33334
148.83334
153.83334
138.58334
104.00000
97.08334
110.66667
125.16667
103.25000
92.66667
108.50000
129.00000
93.08334
109.25000
152.66667
174.00000
211.91667
227.41667
224.25000
199.50000
160.91667
149.00000
116.33334
97.41667
111.91667
120.50000
138.00000
163.08334
168.50000
143.58334
144.75000
149.08334
166.16667
174.66667
173.50000
171.08334
152.58334
101.50000
55.25000
45.50000
45.25000
44.66667
43.33334
17.83333
13.75000
16.33333
37.08334
38.41667
70.66667
97.83334
143.75000
155.58334
144.66667
120.16667
92.50000
111.75000
162.08334
159.50000
139.00000
112.58334
121.08334
121.91667
122.50000
132.00000
164.83334
188.00000
213.91667
230.25000
226.75000
205.50000
179.08334
161.16667
121.00000
116.08334
109.25000
111.91667
129.16667
134.41667
146.41667
147.16667
157.58334
179.50000
179.83334
175.91667
174.33334
173.50000
159.66667
113.58334
69.91667
44.08334
47.00000
46.08334
43.75000
16.58333
22.00000
28.66667
42.41667
41.08334
80.91667
106.58334
151.33334
153.91667
137.25000
118.58334
117.41667
121.58334
141.08334
146.75000
146.50000
147.83334
136.25000
133.66667
137.91667
151.58334
173.83334
197.83334
217.08334
232.00000
232.66667
215.25000
199.33334
181.50000
154.91667
141.08334
143.00000
150.16667
154.41667
161.50000
168.41667
181.16667
187.91667
195.75000
199.50000
194.00000
178.75000
176.83334
160.66667
124.58334
78.66667
53.00000
52.50000
49.91667
54.50000
20.00000
23.33333
51.83334
42.91667
49.16667
84.50000
113.33334
154.91667
150.41667
142.50000
145.83334
145.66667
153.00000
154.75000
160.00000
152.00000
151.50000
145.83334
152.50000
163.00000
176.33334
190.08334
209.08334
221.16667
233.58334
235.58334
220.58334
211.16667
199.33334
197.58334
177.58334
176.58334
174.58334
182.58334
194.25000
197.08334
192.66667
197.50000
205.66667
211.83334
209.00000
190.33334
176.66667
161.00000
129.25000
95.50000
69.08334
56.66667
59.66667
58.66667
15.16667
23.50000
38.33334
45.00000
53.75000
88.08334
117.66667
157.33334
157.08334
159.25000
169.00000
165.08334
172.66667
178.58334
176.08334
178.83334
172.75000
181.50000
183.50000
185.83334
194.33334
205.33334
212.91667
222.41667
234.33334
235.00000
225.91667
218.41667
212.41667
212.66667
207.33334
200.16667
198.75000
190.50000
192.58334
195.16667
202.25000
203.83334
211.91667
217.50000
220.08334
196.25000
177.16667
161.58334
131.25000
103.41667
82.91667
68.50000
72.08334
68.66667
17.08333
24.66667
37.91667
45.66667
57.50000
92.33334
122.16667
155.16667
162.58334
173.16667
179.41667
182.75000
192.16667
190.25000
189.66667
190.33334
192.33334
193.16667
195.25000
201.50000
206.58334
213.08334
214.83334
222.58334
231.08334
233.25000
231.83334
221.50000
219.66667
220.50000
218.33334
214.33334
212.00000
210.41667
207.00000
209.83334
214.58334
215.58334
220.33334
224.66667
219.75000
197.33334
178.33334
163.33334
132.58334
105.75000
100.16667
85.41667
79.41667
70.83334
18.91667
19.41667
37.33334
40.25000
63.75000
97.91667
124.91667
154.75000
166.83334
177.41667
182.83334
198.08334
201.16667
197.83334
199.08334
198.41667
196.66667
198.00000
208.25000
209.41667
211.08334
209.66667
216.16667
226.58334
230.66667
233.33334
233.25000
225.33334
221.16667
222.91667
222.00000
222.91667
221.50000
222.00000
217.75000
218.08334
224.58334
228.50000
230.08334
221.66667
219.75000
196.16667
175.91667
166.25000
132.08334
111.41667
111.66667
93.66667
84.16667
70.33334
22.41667
20.58333
35.08334
49.00000
77.00000
97.50000
122.58334
151.83334
164.50000
177.83334
186.58334
200.58334
204.16667
208.33334
199.58334
198.91667
203.08334
215.83334
217.66667
209.00000
199.58334
211.25000
221.08334
227.91667
228.75000
234.25000
236.00000
229.91667
222.75000
213.25000
219.83334
214.58334
223.75000
226.16667
229.08334
228.25000
230.16667
231.08334
231.16667
225.00000
222.25000
193.16667
174.83334
162.91667
136.66667
126.25000
114.50000
93.58334
90.91667
70.83334
29.83333
28.41667
33.33334
48.91667
77.50000
99.16667
127.41667
146.91667
165.83334
173.91667
183.75000
195.91667
210.66667
213.91667
209.33334
212.41667
213.58334
217.75000
215.08334
204.16667
206.83334
213.00000
212.33334
223.58334
229.66667
234.16667
226.41667
232.08334
222.58334
221.00000
203.66667
224.91667
214.00000
227.75000
230.25000
231.58334
232.66667
233.58334
232.75000
228.33334
222.58334
191.58334
175.33334
151.75000
135.91667
135.25000
117.33334
91.75000
96.25000
72.25000
35.25000
37.75000
40.41667
49.16667
79.50000
98.41667
127.50000
141.33334
165.33334
170.66667
176.83334
188.83334
208.58334
211.58334
218.50000
218.83334
214.33334
216.00000
213.33334
205.91667
209.75000
190.58334
207.16667
222.33334
227.75000
229.83334
229.41667
219.33334
223.00000
225.00000
214.66667
208.08334
216.66667
222.50000
228.16667
232.41667
234.41667
234.16667
232.00000
228.00000
219.25000
189.25000
179.16667
150.58334
148.58334
145.58334
102.75000
91.41667
98.08334
85.00000
41.91667
42.33334
47.75000
67.41667
84.08334
101.33334
126.16667
139.58334
164.83334
168.75000
171.50000
183.91667
207.75000
218.66667
219.75000
218.75000
216.58334
211.41667
198.58334
196.58334
181.83334
164.83334
194.08334
212.66667
217.75000
222.16667
219.25000
186.08334
195.25000
203.00000
219.66667
204.91667
206.91667
216.75000
227.41667
227.83334
231.50000
231.16667
231.16667
227.08334
214.41667
187.75000
171.16667
156.00000
154.33334
132.83334
92.58334
107.08334
99.00000
83.50000
56.66667
46.41667
59.50000
59.91667
80.58334
100.16667
118.00000
144.25000
159.91667
167.50000
168.58334
188.00000
206.41667
216.91667
219.50000
218.91667
212.00000
205.41667
195.25000
191.58334
169.41667
166.58334
178.66667
183.41667
200.50000
202.41667
192.83334
187.91667
180.25000
197.00000
201.83334
210.66667
201.16667
210.75000
221.83334
226.41667
227.66667
228.25000
226.83334
222.75000
210.33334
187.58334
180.08334
153.83334
148.66667
126.33334
106.50000
104.16667
93.91667
92.00000
52.25000
71.83334
68.33334
67.75000
80.83334
91.75000
113.91667
148.16667
152.50000
168.25000
173.25000
183.66667
198.50000
212.41667
214.83334
212.75000
203.58334
195.75000
194.75000
188.83334
178.83334
171.91667
161.75000
160.58334
167.83334
168.50000
176.83334
182.91667
174.16667
175.75000
194.75000
209.41667
216.41667
211.33334
217.58334
224.91667
226.25000
223.83334
220.25000
212.58334
211.08334
187.91667
188.91667
154.33334
147.33334
132.16667
121.91667
107.91667
87.16667
96.50000
56.08334
68.41667
69.50000
71.58334
96.83334
94.00000
102.66667
137.41667
149.33334
165.50000
167.25000
191.25000
187.00000
198.16667
206.66667
207.41667
195.58334
191.91667
193.25000
188.25000
182.08334
177.91667
164.08334
154.66667
145.08334
153.50000
174.58334
173.16667
166.25000
186.83334
206.66667
221.25000
219.91667
212.33334
209.66667
218.83334
222.91667
223.25000
217.08334
204.00000
209.16667
178.83334
166.41667
164.41667
155.08334
121.25000
113.83334
98.33334
86.58334
109.16667
58.16667
62.00000
63.66667
79.75000
100.91667
100.16667
106.75000
141.00000
153.91667
161.91667
164.75000
190.00000
194.16667
185.41667
203.25000
195.58334
187.41667
196.91667
196.58334
187.75000
185.58334
180.25000
177.08334
170.91667
172.25000
173.00000
176.41667
176.41667
184.16667
200.16667
215.83334
219.58334
222.25000
211.58334
203.83334
206.50000
214.66667
215.50000
210.08334
208.58334
198.16667
179.83334
164.08334
153.66667
135.08334
114.50000
110.25000
94.41667
101.25000
116.25000
62.00000
44.58334
60.91667
71.08334
94.00000
108.08334
131.41667
141.91667
150.75000
156.00000
166.75000
181.16667
194.16667
182.00000
196.41667
189.41667
183.66667
186.66667
191.75000
193.16667
192.75000
183.50000
186.58334
188.66667
192.83334
187.50000
194.08334
193.58334
199.16667
204.50000
210.83334
214.25000
212.50000
213.83334
202.41667
193.91667
200.91667
204.75000
205.41667
203.91667
206.83334
175.83334
157.91667
142.16667
100.41667
105.66667
108.91667
100.33334
116.33334
121.50000
69.16667
53.33334
55.66667
65.58334
92.25000
117.91667
119.41667
128.58334
149.25000
153.16667
166.58334
170.66667
189.00000
190.33334
172.25000
172.41667
180.16667
190.50000
182.83334
184.16667
187.58334
185.25000
189.75000
195.58334
201.16667
198.41667
198.66667
200.58334
201.66667
198.58334
204.08334
206.91667
202.91667
200.33334
198.91667
187.41667
183.00000
194.08334
203.25000
192.50000
189.91667
160.25000
150.91667
118.75000
98.00000
105.75000
112.58334
108.41667
128.75000
93.50000
91.58334
66.25000
52.41667
70.83334
102.41667
131.25000
117.50000
138.33334
145.83334
155.08334
169.83334
175.16667
176.66667
184.25000
182.41667
160.75000
171.58334
171.83334
173.50000
180.33334
180.75000
174.41667
177.00000
183.00000
186.08334
189.58334
185.66667
188.83334
193.58334
188.00000
186.66667
185.75000
183.41667
176.41667
174.83334
175.58334
186.58334
197.83334
194.08334
188.50000
174.83334
151.83334
146.83334
101.33334
103.33334
115.08334
110.33334
126.83334
130.00000
92.33334
115.83334
84.00000
50.00000
53.66667
85.91667
124.66667
141.66667
151.83334
161.25000
152.91667
172.58334
175.58334
176.50000
170.41667
170.50000
164.66667
159.83334
151.41667
157.50000
161.08334
161.75000
168.00000
172.66667
171.66667
158.25000
171.58334
170.75000
176.25000
178.58334
179.00000
168.66667
166.91667
167.33334
157.41667
151.41667
171.66667
198.25000
193.00000
191.25000
189.58334
166.33334
146.75000
135.66667
100.00000
102.58334
114.16667
123.91667
135.25000
99.33334
96.08334
117.33334
109.58334
62.50000
48.08334
66.50000
105.33334
126.91667
135.83334
151.66667
155.66667
169.25000
172.33334
172.58334
168.00000
163.91667
160.00000
148.58334
137.83334
139.50000
146.16667
144.75000
147.75000
154.50000
153.58334
149.33334
154.25000
160.58334
157.58334
156.00000
154.75000
156.08334
153.91667
161.41667
176.50000
167.25000
180.66667
190.75000
190.25000
187.50000
184.75000
163.33334
160.66667
138.25000
96.00000
104.41667
120.16667
124.83334
132.33334
101.00000
105.66667
130.50000
112.00000
85.58334
62.66667
51.25000
90.08334
102.50000
120.41667
141.08334
157.25000
163.08334
172.25000
170.83334
168.58334
165.58334
161.33334
145.50000
135.83334
136.41667
142.16667
146.91667
149.50000
143.75000
149.91667
149.33334
155.83334
152.41667
153.08334
157.91667
156.58334
173.25000
179.33334
186.75000
184.16667
187.25000
173.25000
180.08334
186.00000
179.66667
174.83334
164.33334
161.91667
129.50000
110.83334
118.58334
128.83334
130.08334
105.58334
101.08334
108.91667
140.33334
108.58334
92.08334
76.75000
62.58334
73.25000
109.25000
103.50000
122.16667
151.58334
164.75000
167.83334
170.41667
168.91667
163.00000
162.50000
149.08334
134.83334
147.16667
156.00000
163.16667
166.75000
164.58334
155.91667
162.16667
168.91667
167.58334
173.91667
180.08334
176.58334
180.25000
180.08334
187.16667
194.58334
189.91667
168.41667
173.91667
175.83334
176.50000
168.16667
165.08334
157.66667
122.16667
112.41667
113.83334
122.08334
119.50000
111.25000
114.16667
124.00000
138.25000
114.83334
84.25000
82.50000
66.33334
71.08334
100.83334
102.58334
104.91667
143.33334
157.91667
174.75000
168.83334
169.16667
163.83334
161.58334
151.00000
143.91667
154.33334
161.91667
169.50000
174.66667
167.66667
163.75000
160.08334
158.16667
165.91667
166.00000
173.33334
179.33334
180.41667
180.91667
183.50000
191.75000
190.00000
174.75000
173.00000
172.00000
169.50000
158.25000
156.33334
145.08334
123.33334
113.08334
109.00000
115.41667
113.33334
118.41667
122.25000
127.91667
149.41667
125.33334
92.25000
95.50000
79.25000
84.66667
75.75000
97.83334
100.75000
124.83334
153.50000
167.08334
185.25000
168.58334
163.33334
161.33334
156.00000
158.58334
156.83334
165.08334
166.16667
168.25000
171.83334
168.08334
161.08334
159.83334
166.91667
173.91667
175.16667
183.75000
185.75000
187.33334
189.66667
200.08334
190.66667
179.91667
170.25000
178.25000
160.50000
153.75000
141.08334
137.33334
117.91667
102.16667
95.75000
109.41667
118.33334
118.00000
129.25000
131.41667
181.66667
135.83334
102.50000
97.33334
90.75000
98.50000
90.25000
78.16667
85.83334
95.00000
149.75000
158.08334
171.16667
187.08334
164.00000
162.25000
157.75000
164.83334
165.75000
162.41667
165.33334
166.91667
173.33334
175.83334
168.08334
170.08334
169.33334
175.25000
182.25000
189.58334
197.50000
195.00000
201.41667
202.33334
190.50000
181.33334
175.25000
176.16667
149.50000
143.08334
134.66667
125.66667
106.16667
85.58334
91.83334
102.41667
113.25000
115.91667
127.00000
132.66667
191.50000
153.00000
106.50000
98.08334
97.00000
111.41667
93.33334
95.25000
83.08334
77.00000
139.50000
150.50000
156.00000
176.25000
177.41667
163.33334
161.75000
164.50000
173.66667
173.00000
166.16667
175.58334
177.08334
180.08334
175.50000
175.83334
179.75000
187.41667
193.08334
200.00000
202.33334
205.91667
208.41667
206.58334
202.91667
186.33334
177.83334
171.66667
140.66667
151.83334
126.66667
111.91667
95.00000
78.83334
88.08334
94.25000
105.75000
107.41667
122.75000
135.25000
193.83334
186.66667
161.08334
117.00000
113.16667
115.16667
115.50000
107.25000
95.16667
85.08334
127.00000
156.83334
154.00000
163.16667
179.41667
172.25000
165.50000
165.08334
172.16667
178.91667
178.16667
176.33334
182.75000
188.50000
186.66667
187.75000
196.66667
202.58334
202.25000
204.33334
209.75000
210.41667
208.16667
204.75000
199.91667
191.50000
184.33334
165.08334
178.25000
145.50000
121.33334
104.91667
86.33334
61.91667
67.66667
79.00000
94.50000
105.50000
113.08334
131.91667
200.91667
190.50000
183.00000
147.91667
126.25000
124.00000
123.33334
119.75000
114.91667
85.41667
114.50000
146.25000
154.08334
154.83334
176.66667
172.16667
171.16667
166.50000
175.58334
181.50000
181.08334
181.75000
180.66667
188.08334
191.91667
197.75000
201.66667
202.91667
205.66667
207.91667
208.91667
210.50000
205.08334
200.41667
192.50000
182.58334
187.25000
175.08334
179.50000
174.83334
110.58334
102.75000
76.50000
56.25000
62.25000
63.41667
79.91667
108.08334
123.25000
131.50000
195.91667
183.25000
177.83334
174.50000
133.00000
122.00000
123.83334
125.16667
121.16667
105.25000
120.58334
138.00000
153.41667
153.83334
173.83334
175.50000
173.16667
164.16667
165.25000
174.25000
181.50000
180.91667
194.16667
184.66667
195.08334
197.83334
198.16667
199.50000
204.16667
205.00000
203.91667
204.75000
199.91667
193.16667
184.08334
176.08334
187.41667
188.75000
166.58334
168.66667
142.25000
109.83334
89.33334
52.25000
70.00000
64.50000
82.08334
99.00000
101.91667
132.16667
182.75000
171.08334
161.25000
166.50000
163.83334
126.66667
131.33334
128.33334
117.50000
110.00000
120.00000
131.50000
142.50000
154.83334
174.58334
173.91667
169.50000
167.41667
157.83334
163.00000
173.33334
180.66667
185.91667
180.00000
186.66667
196.66667
191.58334
191.25000
195.16667
196.08334
198.16667
190.83334
188.25000
182.41667
181.83334
174.58334
185.25000
195.08334
167.75000
172.66667
167.91667
122.41667
96.33334
73.33334
62.25000
72.50000
84.00000
92.00000
98.08334
119.33334
