46.50000
33.58334
32.91667
31.08333
42.08334
55.58334
64.00000
76.50000
90.00000
92.41667
95.83334
99.75000
107.33334
109.25000
113.83334
119.50000
126.58334
133.08334
137.08334
140.83334
143.00000
142.33334
142.00000
145.58334
146.75000
145.66667
145.25000
151.08334
152.16667
150.16667
146.83334
145.50000
141.00000
137.50000
134.50000
130.25000
123.08334
113.66667
101.41667
81.91667
70.08334
62.91667
51.75000
50.83334
45.66667
47.41667
37.91667
42.83334
45.33334
56.91667
47.16667
35.16667
35.08334
37.08334
50.50000
63.00000
72.50000
86.41667
98.41667
106.25000
109.91667
118.91667
124.83334
128.75000
135.83334
140.83334
144.33334
148.66667
153.08334
153.91667
153.00000
153.33334
152.75000
152.16667
155.00000
156.33334
157.16667
159.66667
159.08334
160.16667
160.00000
160.41667
157.25000
152.33334
144.83334
137.33334
129.25000
119.58334
107.75000
91.33334
73.58334
66.25000
53.83334
53.16667
45.83334
48.91667
41.66667
42.41667
43.58334
58.16667
46.66667
35.75000
33.66667
42.91667
56.83334
63.75000
77.75000
91.66667
103.08334
113.25000
121.58334
130.33334
137.58334
143.41667
150.25000
154.00000
157.66667
161.25000
163.50000
162.91667
162.33334
160.91667
159.66667
160.50000
161.91667
163.41667
164.16667
165.83334
166.33334
165.50000
165.83334
164.58334
160.08334
154.58334
147.25000
140.83334
132.91667
124.08334
110.25000
97.83334
78.25000
68.16667
58.33334
51.16667
49.91667
49.58334
42.25000
41.83334
43.75000
57.41667
43.50000
35.58334
36.58334
48.75000
59.91667
66.41667
84.00000
95.41667
110.25000
120.33334
132.00000
138.58334
145.66667
150.41667
157.33334
162.41667
165.66667
169.25000
170.50000
168.83334
168.25000
168.50000
166.41667
166.91667
167.58334
168.41667
168.33334
169.66667
168.08334
169.50000
168.41667
165.66667
162.33334
157.08334
150.41667
144.58334
137.08334
127.50000
115.08334
105.16667
84.25000
70.08334
59.50000
51.91667
51.58334
47.25000
41.08334
40.75000
43.75000
51.83334
47.41667
35.66667
39.91667
55.50000
64.66667
72.50000
90.66667
102.33334
115.66667
126.33334
135.41667
142.50000
148.83334
156.00000
161.58334
164.75000
168.41667
173.16667
173.25000
172.33334
172.58334
169.75000
169.41667
169.75000
170.25000
169.83334
170.08334
170.08334
167.25000
168.75000
167.66667
165.00000
160.58334
155.41667
151.58334
147.08334
139.25000
131.66667
121.50000
107.41667
92.41667
73.33334
61.83334
53.50000
52.50000
48.41667
43.16667
39.83334
38.58334
47.08334
49.25000
39.08334
45.25000
59.66667
66.75000
78.00000
95.75000
106.66667
119.91667
130.00000
138.50000
145.83334
152.75000
158.33334
162.25000
165.83334
168.58334
171.83334
173.41667
172.58334
171.58334
171.83334
170.75000
171.25000
172.33334
171.25000
171.08334
169.66667
167.41667
167.66667
166.50000
162.41667
157.75000
154.25000
151.75000
147.41667
141.08334
135.83334
126.25000
109.25000
97.08334
79.58334
65.83334
57.50000
51.66667
50.08334
42.50000
38.91667
37.75000
46.08334
46.33334
41.16667
45.08334
59.50000
67.66667
82.16667
97.08334
105.50000
122.58334
132.66667
140.08334
149.16667
154.75000
158.83334
162.00000
164.16667
166.91667
168.66667
170.41667
170.91667
169.75000
170.50000
170.75000
170.83334
172.00000
172.50000
170.33334
169.08334
167.00000
166.58334
164.41667
159.75000
156.08334
152.50000
150.91667
146.41667
141.58334
136.75000
128.66667
114.41667
101.16667
82.50000
68.08334
59.83334
56.91667
50.16667
42.83334
39.16667
38.16667
47.75000
47.08334
44.66667
45.16667
59.33334
67.16667
82.08334
95.41667
104.41667
123.75000
132.91667
141.58334
149.08334
153.66667
157.16667
158.33334
160.58334
163.25000
165.58334
167.58334
168.50000
168.50000
168.50000
168.91667
169.66667
171.50000
170.75000
170.50000
167.83334
166.50000
165.83334
163.41667
158.91667
155.50000
150.91667
150.25000
148.50000
143.41667
137.16667
128.75000
116.50000
103.41667
84.83334
71.16667
62.91667
57.83334
54.75000
40.83334
37.83334
35.58334
46.25000
49.16667
49.66667
45.83334
57.91667
65.50000
83.16667
95.91667
104.83334
123.00000
133.33334
141.50000
148.75000
152.58334
155.58334
157.08334
158.58334
161.08334
164.08334
166.83334
167.16667
166.75000
166.91667
167.91667
168.91667
169.41667
171.16667
169.00000
167.91667
167.33334
166.75000
164.41667
160.25000
156.50000
153.00000
150.83334
149.00000
145.00000
136.58334
127.66667
117.66667
104.75000
85.91667
72.83334
67.08334
61.41667
56.83334
43.16667
35.41667
33.83334
50.66667
47.66667
51.00000
45.83334
54.66667
64.00000
84.58334
94.91667
104.83334
121.41667
132.00000
141.25000
147.83334
152.33334
154.75000
155.75000
158.08334
162.25000
165.08334
167.83334
169.08334
168.00000
168.50000
167.50000
166.58334
168.83334
170.83334
170.91667
168.41667
170.16667
171.83334
169.33334
166.33334
162.75000
157.41667
155.00000
151.16667
143.16667
133.75000
126.00000
115.41667
105.41667
88.33334
74.66667
73.25000
65.50000
60.16667
46.33334
36.25000
39.58334
49.91667
46.58334
46.25000
46.33334
51.33334
61.58334
83.58334
92.25000
102.25000
122.00000
131.16667
139.83334
145.50000
151.66667
156.75000
159.75000
164.08334
167.25000
169.83334
172.00000
174.25000
173.83334
171.50000
170.83334
168.83334
170.41667
172.58334
174.16667
174.00000
175.66667
175.50000
174.83334
171.91667
167.50000
163.58334
158.50000
154.00000
145.75000
133.50000
122.50000
113.25000
103.08334
90.33334
78.66667
77.25000
70.75000
64.58334
48.50000
37.91667
42.33334
48.00000
42.75000
42.75000
45.25000
53.75000
62.00000
86.66667
97.75000
103.91667
120.75000
130.16667
138.08334
144.50000
152.16667
159.33334
164.16667
168.66667
171.75000
175.16667
177.33334
178.00000
178.66667
176.08334
174.25000
174.66667
175.50000
176.75000
178.33334
180.16667
180.41667
178.50000
176.00000
173.91667
168.58334
163.08334
156.58334
151.16667
142.08334
133.50000
122.25000
112.33334
102.75000
92.75000
80.08334
81.41667
77.25000
65.25000
50.16667
41.08334
40.16667
50.58334
43.00000
46.25000
49.66667
58.58334
67.41667
87.83334
100.75000
104.16667
118.08334
129.41667
136.25000
144.41667
151.91667
159.83334
166.25000
170.08334
174.58334
177.25000
180.50000
181.08334
183.00000
182.08334
183.16667
180.25000
180.66667
181.08334
180.66667
182.66667
182.58334
178.66667
172.33334
163.75000
157.91667
152.66667
145.83334
139.83334
131.00000
123.08334
117.16667
110.66667
102.00000
94.33334
81.00000
83.00000
82.83334
67.33334
55.75000
45.16667
50.00000
56.00000
40.25000
49.16667
57.00000
63.33334
71.66667
89.25000
101.58334
104.58334
115.50000
127.75000
132.83334
136.58334
144.25000
152.08334
154.33334
161.25000
166.83334
171.91667
175.00000
178.50000
179.08334
179.83334
182.00000
181.58334
182.58334
179.08334
177.00000
175.58334
168.16667
158.00000
147.41667
134.83334
126.91667
119.83334
111.00000
102.66667
96.83334
91.16667
92.83334
97.08334
96.33334
93.08334
82.33334
83.00000
85.91667
71.91667
58.83334
49.66667
54.41667
54.16667
36.75000
53.33334
64.08334
68.75000
74.08334
89.25000
100.50000
102.75000
107.91667
121.25000
112.50000
105.25000
104.58334
104.83334
103.83334
106.25000
112.75000
122.00000
132.66667
142.50000
153.83334
161.16667
168.50000
169.91667
176.00000
171.50000
160.66667
143.33334
127.41667
101.91667
78.50000
68.75000
61.41667
60.16667
57.16667
61.16667
72.58334
72.83334
71.00000
77.50000
90.00000
86.83334
79.25000
86.16667
87.91667
77.16667
62.00000
51.16667
49.83334
51.33334
36.25000
53.50000
70.75000
71.50000
74.58334
87.91667
99.00000
102.50000
100.41667
102.50000
88.41667
86.08334
86.25000
81.75000
74.83334
67.66667
64.50000
63.66667
69.08334
85.66667
112.41667
134.83334
152.08334
161.66667
168.25000
162.00000
145.91667
124.75000
102.33334
68.16667
53.91667
51.58334
55.00000
62.66667
74.50000
79.41667
83.16667
86.00000
87.91667
85.08334
85.58334
92.91667
82.50000
88.83334
90.16667
78.00000
65.83334
54.00000
53.58334
55.58334
32.16667
52.08334
77.66667
73.33334
74.83334
88.66667
97.33334
102.16667
88.75000
91.58334
101.91667
107.58334
108.41667
110.33334
107.41667
100.41667
91.25000
80.33334
78.75000
84.50000
102.41667
122.08334
142.83334
159.16667
167.41667
163.08334
147.75000
126.91667
99.33334
77.50000
72.33334
79.25000
92.41667
103.16667
104.83334
98.00000
92.00000
91.66667
96.66667
100.00000
97.25000
95.83334
88.16667
92.16667
94.83334
83.25000
70.66667
60.50000
54.25000
63.16667
33.16667
51.08334
78.08334
77.00000
76.66667
92.91667
96.75000
99.25000
92.58334
109.25000
113.58334
105.91667
97.58334
86.83334
88.50000
92.50000
86.16667
78.33334
80.25000
87.08334
104.75000
119.83334
141.33334
161.83334
173.41667
169.66667
149.83334
119.08334
89.33334
73.58334
83.58334
90.41667
75.41667
66.75000
66.91667
75.50000
70.41667
70.16667
84.91667
96.91667
102.58334
106.08334
93.00000
95.83334
100.16667
86.08334
76.00000
62.16667
57.58334
67.50000
32.50000
54.25000
75.25000
83.83334
79.91667
96.00000
100.83334
104.58334
107.66667
114.50000
101.00000
87.33334
71.91667
69.50000
68.08334
63.41667
66.00000
57.08334
71.33334
74.25000
88.00000
110.41667
134.58334
161.75000
177.58334
174.75000
148.33334
103.91667
75.58334
84.75000
88.75000
114.50000
51.08334
75.16667
44.00000
74.33334
61.25000
65.75000
75.58334
94.75000
107.75000
112.75000
98.83334
98.25000
112.25000
101.83334
90.50000
77.00000
68.41667
75.50000
35.66667
53.75000
70.41667
82.83334
78.58334
98.66667
102.83334
108.75000
113.41667
110.83334
96.83334
81.50000
75.58334
79.16667
78.58334
61.16667
78.66667
73.75000
137.16667
102.16667
90.58334
105.58334
125.75000
158.41667
177.25000
176.41667
148.83334
101.33334
91.08334
106.75000
140.75000
163.91667
87.75000
53.00000
56.08334
109.91667
93.08334
75.16667
83.58334
103.33334
117.00000
118.33334
104.58334
106.08334
121.58334
109.83334
98.00000
88.08334
84.33334
88.00000
41.83334
52.91667
69.25000
78.50000
81.41667
102.00000
106.91667
109.91667
115.25000
109.66667
101.75000
84.25000
71.08334
101.75000
125.66667
88.91667
81.00000
121.41667
156.25000
130.66667
119.08334
117.25000
124.41667
156.83334
172.58334
173.91667
151.75000
111.58334
108.58334
120.91667
119.50000
129.91667
140.08334
124.25000
131.00000
125.33334
107.66667
91.50000
106.41667
124.33334
130.58334
126.41667
106.75000
108.33334
120.91667
108.75000
96.25000
92.00000
100.41667
95.33334
44.83334
54.66667
70.66667
83.08334
84.75000
98.66667
111.33334
114.83334
121.00000
119.41667
116.08334
101.91667
94.00000
94.83334
107.41667
116.41667
125.91667
131.33334
116.75000
111.83334
132.08334
128.50000
125.50000
153.41667
166.00000
169.66667
152.50000
127.83334
114.75000
130.00000
113.66667
104.75000
98.91667
99.58334
98.41667
87.41667
91.91667
108.16667
129.00000
140.91667
140.00000
131.75000
111.25000
110.16667
122.83334
110.66667
97.83334
92.58334
98.08334
99.25000
50.91667
55.66667
72.25000
85.50000
86.41667
96.75000
113.75000
117.25000
126.08334
133.25000
134.33334
128.16667
107.75000
95.66667
96.33334
95.16667
94.83334
99.58334
101.50000
118.58334
136.91667
123.00000
132.75000
153.16667
165.00000
168.33334
155.08334
140.00000
119.50000
123.25000
133.41667
124.41667
115.33334
112.83334
111.16667
109.00000
117.08334
134.75000
145.58334
148.91667
145.08334
133.16667
112.58334
115.33334
124.33334
111.00000
94.33334
94.00000
95.33334
101.83334
42.75000
54.83334
71.83334
88.00000
87.33334
98.91667
112.50000
120.25000
126.91667
139.25000
143.16667
139.75000
127.16667
119.75000
116.08334
114.83334
116.33334
119.91667
125.16667
136.58334
132.08334
129.58334
141.50000
155.91667
167.25000
170.91667
159.83334
148.33334
128.50000
126.75000
140.16667
144.33334
144.25000
143.33334
142.66667
144.16667
149.33334
153.91667
156.50000
154.75000
147.25000
134.50000
113.58334
118.00000
123.33334
110.75000
97.66667
101.58334
98.91667
99.41667
48.83334
55.50000
69.75000
86.91667
87.16667
98.58334
106.83334
120.66667
125.08334
143.08334
148.41667
150.33334
145.91667
138.83334
134.50000
132.33334
131.41667
136.33334
140.66667
146.83334
143.83334
137.25000
148.25000
161.08334
171.50000
173.00000
161.75000
149.91667
133.33334
130.25000
144.41667
155.16667
156.41667
155.16667
156.25000
159.33334
162.41667
163.33334
162.00000
157.66667
147.41667
133.58334
115.00000
118.08334
117.75000
109.33334
102.58334
99.91667
104.25000
98.66667
52.50000
53.33334
67.58334
81.75000
89.50000
93.58334
103.50000
122.50000
125.91667
144.00000
150.00000
158.33334
157.25000
154.75000
150.58334
152.08334
154.00000
156.75000
156.83334
157.50000
145.33334
139.50000
152.33334
163.91667
172.33334
171.50000
162.50000
150.16667
134.00000
131.08334
143.91667
160.16667
166.25000
169.41667
169.08334
169.25000
167.66667
165.91667
162.66667
156.00000
146.16667
130.75000
114.33334
118.91667
116.91667
109.66667
98.08334
96.91667
105.58334
98.91667
54.41667
46.58334
62.25000
78.75000
89.50000
93.33334
99.58334
116.16667
126.25000
139.58334
149.25000
160.66667
161.91667
160.91667
162.08334
165.41667
165.41667
163.16667
165.16667
159.41667
143.75000
142.08334
153.08334
162.08334
170.58334
168.58334
159.66667
150.66667
136.91667
130.50000
139.16667
156.00000
164.41667
169.50000
169.25000
169.33334
166.41667
163.41667
159.66667
153.75000
143.00000
130.00000
119.33334
123.66667
119.50000
106.91667
99.00000
105.16667
103.08334
100.16667
57.00000
52.16667
60.41667
75.58334
87.66667
94.50000
102.66667
108.33334
126.50000
132.08334
147.50000
159.25000
160.75000
163.83334
166.83334
167.50000
168.25000
166.75000
167.91667
158.41667
142.58334
144.08334
151.75000
161.08334
169.66667
169.58334
159.58334
150.75000
139.16667
131.00000
138.00000
149.83334
159.50000
165.66667
168.00000
167.16667
163.33334
158.91667
156.08334
149.25000
139.58334
127.66667
122.08334
124.58334
117.83334
111.33334
110.00000
108.66667
100.50000
96.00000
63.33334
55.00000
56.33334
73.25000
86.75000
92.16667
104.08334
104.91667
123.25000
126.33334
143.58334
154.25000
159.58334
162.08334
163.66667
165.00000
167.25000
168.00000
167.16667
158.75000
142.83334
144.16667
149.41667
161.50000
171.25000
168.83334
161.50000
151.91667
137.25000
130.66667
135.58334
147.58334
155.58334
160.16667
162.83334
161.91667
159.25000
154.66667
151.83334
144.16667
138.58334
120.33334
125.66667
122.08334
117.25000
112.33334
113.91667
110.91667
101.83334
89.25000
73.25000
63.33334
61.75000
70.08334
84.75000
89.66667
99.50000
106.25000
115.91667
128.66667
136.00000
144.66667
154.58334
157.58334
159.25000
161.58334
165.58334
164.75000
165.83334
158.83334
143.50000
139.58334
149.66667
164.16667
168.75000
168.16667
163.16667
155.41667
136.83334
126.25000
134.00000
146.08334
154.75000
156.91667
158.16667
158.25000
156.25000
150.33334
147.00000
139.50000
133.08334
120.08334
128.16667
121.00000
122.08334
122.91667
113.25000
112.00000
106.83334
98.91667
83.08334
75.08334
70.91667
71.66667
79.16667
88.33334
92.33334
99.08334
116.25000
124.08334
130.00000
138.91667
148.75000
153.66667
157.00000
161.16667
164.33334
166.08334
165.58334
157.33334
144.66667
140.33334
151.91667
166.50000
169.58334
169.58334
167.91667
161.25000
143.83334
122.66667
131.08334
145.66667
156.25000
158.50000
158.75000
157.91667
153.16667
148.00000
142.00000
135.25000
131.00000
124.41667
123.58334
119.83334
125.58334
117.33334
113.00000
108.50000
107.16667
102.08334
83.83334
81.33334
76.50000
75.00000
75.16667
86.00000
88.08334
94.33334
108.83334
121.00000
128.91667
134.16667
144.25000
151.50000
155.08334
160.75000
164.00000
166.08334
166.00000
157.91667
146.50000
141.50000
155.16667
166.16667
167.58334
168.41667
166.16667
157.16667
140.00000
118.91667
124.66667
145.91667
156.00000
159.50000
159.50000
156.75000
151.91667
144.66667
139.08334
131.75000
124.50000
129.50000
124.58334
118.58334
127.58334
115.75000
111.91667
108.16667
98.58334
100.00000
77.25000
84.50000
77.33334
76.16667
74.66667
81.91667
86.25000
92.41667
101.75000
118.91667
125.50000
129.25000
138.58334
147.66667
152.91667
159.66667
164.41667
167.16667
166.83334
160.91667
150.16667
137.16667
141.50000
147.16667
149.66667
146.75000
142.83334
134.25000
111.66667
106.16667
128.83334
150.16667
158.08334
159.91667
156.83334
155.50000
151.41667
142.16667
136.83334
129.25000
117.50000
128.66667
125.00000
121.33334
118.25000
113.58334
115.08334
113.83334
96.33334
98.25000
71.58334
79.25000
73.83334
66.66667
74.41667
77.75000
82.91667
89.25000
97.75000
116.25000
121.66667
126.91667
134.08334
145.58334
153.83334
160.08334
163.16667
167.66667
169.75000
162.91667
155.83334
141.25000
128.41667
129.66667
132.16667
121.83334
111.66667
102.83334
102.75000
116.25000
141.00000
154.25000
161.00000
162.66667
157.66667
154.00000
150.41667
141.50000
136.08334
130.08334
118.16667
127.33334
123.08334
125.50000
121.75000
116.33334
115.33334
121.83334
115.41667
106.33334
58.33334
56.16667
61.66667
59.75000
70.08334
75.41667
81.83334
86.08334
95.16667
106.83334
120.83334
124.75000
132.33334
140.91667
153.50000
158.16667
162.00000
166.83334
169.16667
165.83334
156.91667
151.50000
140.33334
129.08334
123.41667
123.08334
123.66667
119.83334
122.83334
139.08334
148.25000
155.08334
159.58334
162.00000
155.83334
150.50000
147.75000
142.33334
135.75000
129.75000
121.91667
125.33334
120.66667
128.16667
117.33334
119.58334
112.33334
115.91667
115.00000
102.83334
46.00000
51.50000
52.50000
57.25000
62.00000
75.75000
80.91667
86.33334
92.75000
104.00000
117.66667
123.66667
130.41667
137.25000
150.41667
155.08334
158.25000
162.58334
165.58334
164.08334
159.08334
152.41667
152.33334
151.50000
148.08334
139.41667
136.16667
139.08334
146.58334
148.58334
151.25000
153.08334
154.00000
156.00000
149.75000
145.41667
144.75000
141.58334
134.08334
126.66667
131.16667
124.75000
121.83334
122.83334
119.00000
119.08334
113.50000
112.25000
111.58334
109.66667
43.33334
45.33334
50.75000
56.50000
62.66667
72.66667
80.00000
86.75000
91.75000
104.08334
111.08334
121.25000
128.83334
133.66667
143.41667
150.66667
153.25000
156.25000
158.33334
157.25000
155.33334
155.75000
156.00000
159.25000
158.25000
151.25000
151.83334
159.16667
160.91667
154.33334
151.00000
149.83334
147.75000
141.58334
136.00000
140.91667
145.33334
140.66667
130.83334
122.58334
131.08334
125.25000
128.58334
125.91667
117.83334
120.50000
119.41667
117.41667
113.66667
113.08334
43.83334
46.00000
51.25000
55.00000
62.16667
66.25000
78.66667
86.50000
92.25000
103.83334
107.33334
118.83334
125.75000
133.00000
138.50000
147.08334
148.41667
147.75000
151.75000
153.33334
153.50000
157.16667
161.08334
166.75000
167.91667
164.33334
164.00000
165.58334
162.66667
152.50000
145.75000
138.16667
131.25000
130.83334
137.00000
144.83334
143.91667
135.58334
129.66667
118.33334
129.00000
119.75000
128.16667
125.83334
120.16667
114.91667
124.16667
120.83334
111.50000
115.33334
43.08334
45.25000
50.25000
55.08334
60.41667
63.33334
77.00000
84.41667
90.83334
100.91667
106.66667
113.91667
123.33334
130.91667
135.91667
141.16667
146.00000
144.25000
146.00000
142.00000
143.75000
143.25000
142.91667
143.91667
142.75000
143.75000
139.25000
132.58334
122.16667
115.50000
112.50000
113.75000
126.66667
135.16667
137.58334
146.00000
138.25000
129.75000
125.00000
121.75000
122.91667
125.83334
125.41667
121.08334
118.25000
106.16667
115.75000
120.16667
115.50000
116.00000
43.33334
45.00000
50.50000
53.83334
57.66667
62.33334
73.83334
82.00000
90.50000
97.08334
104.41667
109.25000
120.66667
127.66667
132.58334
135.33334
143.33334
143.33334
140.41667
130.16667
121.41667
118.66667
111.50000
106.00000
103.58334
106.83334
104.50000
99.75000
96.00000
95.33334
95.50000
109.91667
125.16667
128.33334
135.16667
143.83334
132.58334
124.91667
118.25000
126.50000
121.16667
131.50000
121.16667
114.08334
109.75000
116.66667
117.75000
117.33334
120.25000
86.75000
44.41667
44.91667
48.75000
52.50000
55.00000
59.75000
73.66667
78.33334
87.66667
94.08334
100.50000
107.83334
117.58334
122.91667
128.58334
132.58334
134.66667
141.16667
139.33334
125.08334
111.75000
106.58334
110.75000
113.00000
106.66667
107.25000
109.25000
111.25000
112.83334
102.00000
97.66667
117.91667
134.50000
135.41667
141.58334
140.00000
126.00000
118.25000
107.41667
123.83334
121.66667
121.16667
124.50000
110.41667
114.00000
123.66667
123.50000
115.75000
120.41667
90.58334
44.66667
43.91667
47.66667
51.66667
54.66667
61.66667
72.00000
75.58334
83.66667
90.08334
93.66667
104.08334
113.00000
117.58334
123.16667
130.50000
134.08334
139.25000
147.08334
147.91667
129.75000
120.00000
119.83334
120.91667
125.75000
121.41667
118.50000
116.91667
118.66667
114.75000
116.66667
129.83334
135.00000
139.50000
140.83334
134.91667
122.16667
112.58334
107.91667
118.33334
118.58334
121.41667
118.16667
99.41667
108.33334
115.66667
120.83334
118.25000
120.91667
110.50000
46.33334
44.83334
47.08334
52.58334
56.08334
62.66667
66.91667
76.08334
78.66667
85.91667
87.75000
110.00000
110.83334
116.00000
117.16667
126.50000
131.33334
133.33334
141.66667
147.08334
141.25000
131.33334
124.08334
123.16667
123.50000
120.58334
114.50000
115.16667
114.66667
116.75000
124.08334
135.25000
139.33334
139.75000
138.33334
129.25000
116.16667
112.25000
116.83334
117.33334
119.91667
118.58334
113.50000
104.33334
108.66667
115.41667
116.50000
118.66667
107.33334
99.91667
48.58334
45.08334
46.58334
52.50000
56.41667
63.33334
64.08334
76.91667
77.33334
81.58334
98.08334
108.33334
110.75000
111.91667
112.83334
121.91667
128.08334
131.08334
134.75000
140.75000
141.83334
137.25000
133.58334
125.50000
117.33334
111.00000
113.08334
118.66667
123.41667
130.41667
136.41667
140.58334
140.91667
136.91667
131.91667
119.83334
109.75000
107.08334
119.75000
119.00000
119.75000
120.08334
107.00000
109.83334
115.83334
124.33334
107.58334
128.00000
93.25000
82.83334
49.08334
45.16667
45.83334
51.75000
56.75000
62.33334
66.00000
75.50000
77.66667
82.58334
101.50000
104.58334
96.58334
107.58334
114.00000
125.16667
122.50000
128.33334
130.33334
139.33334
142.66667
143.75000
140.83334
138.83334
134.33334
128.75000
128.00000
137.50000
141.75000
145.08334
147.08334
146.66667
143.33334
136.00000
126.83334
112.83334
109.25000
103.50000
122.08334
119.16667
116.75000
115.58334
102.50000
114.25000
118.16667
131.66667
108.75000
134.91667
103.25000
105.08334
50.91667
46.00000
45.08334
52.08334
56.91667
61.75000
67.25000
75.91667
81.58334
90.66667
96.16667
101.16667
98.75000
103.16667
116.33334
123.83334
117.41667
124.41667
129.00000
136.75000
145.58334
149.41667
150.75000
151.50000
153.58334
151.25000
150.16667
156.08334
158.41667
156.08334
155.66667
149.91667
142.75000
133.41667
119.66667
105.08334
110.91667
109.16667
121.66667
114.50000
106.08334
112.58334
108.66667
103.16667
105.66667
119.16667
116.25000
127.41667
103.91667
123.00000
53.08334
47.16667
45.91667
50.25000
62.75000
62.25000
76.91667
89.91667
100.91667
100.16667
97.91667
96.91667
98.41667
98.83334
114.08334
119.41667
116.41667
120.00000
127.75000
138.33334
146.00000
150.08334
153.41667
155.50000
159.66667
157.83334
157.91667
160.33334
159.91667
156.41667
151.83334
147.08334
138.41667
125.91667
108.66667
109.50000
116.91667
114.33334
121.33334
110.91667
102.16667
117.00000
110.91667
112.16667
109.16667
108.83334
128.75000
116.75000
91.75000
114.75000
50.33334
45.25000
49.08334
63.83334
75.91667
76.75000
80.41667
93.83334
107.08334
104.00000
97.91667
95.16667
93.16667
99.00000
111.83334
114.25000
113.41667
113.75000
130.08334
135.08334
140.00000
148.58334
151.91667
154.83334
155.08334
155.41667
153.16667
155.75000
154.83334
149.25000
143.08334
138.58334
128.50000
111.58334
99.16667
111.50000
117.25000
120.58334
120.25000
105.91667
107.33334
105.91667
113.83334
109.75000
114.91667
107.16667
143.58334
116.00000
111.50000
120.66667
64.58334
64.75000
67.83334
73.08334
78.41667
73.75000
86.91667
103.83334
110.83334
110.41667
104.75000
96.33334
96.41667
105.83334
108.08334
112.66667
110.50000
118.16667
124.08334
130.41667
132.50000
137.50000
144.25000
145.75000
146.25000
144.16667
143.75000
144.00000
141.66667
139.58334
132.08334
125.83334
114.83334
99.33334
107.58334
111.41667
107.50000
117.25000
117.25000
111.08334
101.66667
100.33334
118.08334
115.16667
113.75000
111.08334
140.25000
117.75000
131.33334
134.00000
62.41667
67.83334
73.25000
83.83334
85.50000
92.33334
95.00000
103.25000
121.50000
116.83334
107.08334
101.50000
107.83334
116.33334
126.58334
114.16667
114.16667
119.50000
121.50000
123.83334
123.66667
127.41667
134.75000
138.00000
136.00000
128.91667
129.33334
129.75000
130.58334
127.25000
120.16667
110.83334
100.00000
96.50000
100.33334
111.50000
107.00000
118.33334
119.58334
110.00000
104.08334
105.41667
128.33334
127.33334
110.91667
117.75000
122.25000
105.50000
128.66667
130.16667
