70.58334
57.00000
55.58334
57.16667
56.83334
56.33334
63.08334
73.83334
83.50000
102.50000
125.41667
144.25000
159.00000
167.16667
177.66667
188.58334
196.83334
201.58334
203.66667
205.41667
205.50000
209.25000
210.91667
213.16667
210.83334
207.33334
206.58334
206.50000
207.16667
202.16667
199.00000
194.16667
190.58334
183.08334
170.91667
153.58334
135.75000
121.91667
111.66667
86.66667
58.25000
50.50000
53.66667
51.41667
49.00000
42.91667
40.00000
46.75000
50.83334
71.41667
58.16667
48.08334
53.83334
55.83334
52.00000
55.00000
66.75000
77.08334
89.33334
118.25000
141.91667
153.75000
163.66667
176.00000
186.91667
196.83334
204.33334
208.00000
210.08334
209.91667
211.58334
214.33334
216.58334
218.25000
216.75000
213.00000
214.00000
211.75000
212.25000
209.16667
205.75000
201.16667
196.66667
189.66667
182.08334
167.83334
153.58334
140.83334
127.33334
104.91667
77.41667
59.91667
55.66667
56.41667
50.58334
44.41667
39.75000
43.91667
50.66667
73.00000
48.41667
46.00000
46.50000
52.25000
50.16667
58.58334
72.50000
81.75000
100.33334
131.91667
151.75000
162.33334
172.91667
184.75000
192.58334
202.00000
210.41667
213.08334
213.66667
215.75000
216.16667
218.25000
221.00000
221.58334
219.50000
218.25000
217.08334
217.00000
216.00000
214.00000
212.25000
206.41667
199.08334
192.75000
186.58334
177.08334
167.16667
154.33334
140.08334
119.25000
89.25000
69.33334
62.00000
57.66667
51.00000
43.25000
39.16667
41.75000
48.41667
83.75000
47.66667
46.25000
46.58334
51.75000
54.25000
61.66667
74.75000
88.91667
111.91667
139.33334
155.75000
169.91667
181.50000
190.08334
197.83334
204.83334
211.91667
216.75000
218.91667
222.33334
222.00000
222.41667
224.33334
224.16667
222.16667
219.58334
220.41667
220.08334
217.75000
216.75000
214.66667
209.00000
201.66667
194.33334
187.58334
181.08334
175.41667
165.41667
148.25000
127.66667
99.83334
79.66667
71.00000
56.58334
50.33334
42.75000
38.58334
37.75000
48.58334
78.33334
40.08334
43.50000
47.50000
49.33334
52.50000
60.50000
70.83334
92.58334
118.41667
141.83334
160.58334
176.25000
186.58334
193.00000
201.33334
207.25000
213.83334
219.00000
220.58334
221.16667
221.41667
223.16667
224.41667
224.50000
222.25000
220.16667
221.58334
220.58334
219.33334
217.25000
215.83334
208.50000
202.75000
196.16667
190.00000
184.91667
178.66667
170.91667
155.75000
134.66667
114.83334
90.08334
68.33334
56.25000
49.25000
40.66667
37.41667
36.50000
51.75000
78.66667
37.25000
42.08334
46.58334
56.33334
60.41667
61.41667
77.41667
103.66667
122.83334
142.66667
164.75000
180.66667
189.91667
195.50000
201.25000
207.33334
213.00000
218.91667
221.83334
222.41667
223.33334
224.00000
224.08334
223.66667
223.00000
221.58334
223.08334
222.33334
220.58334
218.75000
216.00000
210.58334
203.75000
197.16667
190.33334
187.83334
181.41667
175.08334
163.00000
140.16667
126.08334
101.16667
75.83334
52.66667
44.66667
41.66667
38.33334
38.41667
49.08334
77.83334
40.91667
43.66667
47.66667
52.83334
61.41667
63.16667
81.83334
106.16667
129.58334
147.33334
167.50000
182.41667
191.41667
198.25000
204.50000
210.00000
213.41667
218.83334
220.16667
221.91667
221.66667
222.00000
223.66667
221.08334
218.41667
219.16667
222.00000
221.50000
221.00000
218.33334
216.25000
211.75000
204.75000
198.58334
192.75000
188.33334
184.75000
177.91667
165.58334
145.83334
131.83334
109.58334
83.50000
53.00000
42.91667
41.00000
41.91667
43.58334
55.50000
82.33334
44.00000
40.75000
50.33334
47.91667
59.08334
61.83334
82.00000
111.25000
134.25000
156.08334
169.75000
183.25000
192.83334
198.41667
202.66667
207.00000
211.00000
216.33334
217.33334
219.41667
220.00000
220.16667
221.75000
220.25000
220.75000
221.58334
222.66667
222.58334
220.66667
219.08334
216.41667
210.75000
204.00000
197.83334
192.33334
186.83334
183.08334
178.91667
168.16667
150.66667
137.25000
115.66667
87.91667
56.08334
41.08334
42.41667
39.25000
38.00000
58.16667
102.00000
41.41667
37.50000
49.66667
50.33334
63.25000
61.33334
85.16667
107.91667
138.91667
162.41667
172.50000
183.00000
192.50000
197.50000
202.75000
207.25000
213.66667
215.91667
217.66667
217.75000
219.41667
219.91667
221.00000
221.33334
220.50000
222.08334
221.50000
220.50000
220.41667
218.83334
214.50000
211.58334
205.50000
200.91667
194.58334
187.50000
182.75000
178.50000
169.00000
156.75000
142.25000
125.25000
91.08334
58.25000
43.50000
42.50000
40.25000
38.58334
65.58334
111.91667
39.58334
41.16667
47.50000
52.75000
61.25000
65.66667
82.41667
109.50000
144.75000
167.25000
173.41667
183.00000
192.66667
197.08334
201.75000
207.58334
213.75000
217.66667
219.41667
219.83334
221.83334
222.75000
220.33334
221.25000
221.75000
223.25000
222.75000
222.25000
222.41667
220.66667
219.66667
215.33334
209.91667
202.83334
195.83334
189.50000
183.00000
177.00000
170.50000
162.25000
144.75000
129.75000
99.00000
63.08334
43.08334
40.41667
40.25000
44.25000
63.00000
108.58334
43.91667
46.75000
48.75000
52.00000
60.66667
70.75000
80.08334
111.08334
152.25000
168.25000
172.83334
180.33334
189.58334
197.66667
203.00000
209.75000
214.08334
218.16667
221.41667
221.33334
222.91667
225.50000
223.08334
224.25000
223.83334
223.66667
223.91667
224.83334
223.83334
223.91667
221.66667
218.75000
214.00000
207.58334
199.25000
191.83334
186.25000
179.25000
172.16667
162.16667
146.33334
137.16667
105.58334
71.41667
44.00000
39.50000
38.25000
50.16667
66.50000
106.50000
49.50000
40.41667
47.75000
48.50000
56.75000
66.41667
79.75000
114.33334
155.33334
168.83334
173.00000
180.83334
189.58334
197.41667
205.08334
214.58334
217.16667
221.58334
224.66667
225.83334
226.25000
225.83334
224.08334
226.00000
225.50000
226.83334
226.25000
224.41667
222.83334
221.33334
220.25000
217.50000
216.50000
211.00000
205.58334
199.41667
188.50000
181.41667
173.41667
163.25000
150.33334
139.58334
117.08334
78.16667
49.41667
51.66667
51.50000
57.00000
66.33334
121.25000
48.91667
40.91667
54.75000
49.66667
57.00000
68.91667
78.33334
126.16667
157.58334
167.16667
173.08334
181.16667
188.08334
196.58334
206.33334
214.91667
217.83334
219.91667
219.75000
220.75000
223.75000
224.25000
225.41667
226.41667
225.41667
224.08334
222.00000
219.75000
220.33334
218.75000
213.66667
213.00000
212.25000
208.58334
203.08334
196.83334
189.16667
180.58334
174.33334
163.16667
150.41667
140.66667
128.33334
86.83334
57.50000
54.08334
57.41667
67.16667
89.58334
128.25000
46.75000
48.25000
58.75000
59.83334
56.91667
66.25000
81.00000
134.25000
155.41667
164.41667
171.91667
179.00000
186.66667
195.33334
202.08334
206.41667
211.33334
211.25000
213.00000
216.08334
220.58334
221.41667
222.83334
222.58334
223.08334
221.00000
221.58334
219.00000
215.75000
215.83334
213.33334
210.58334
203.75000
201.33334
201.83334
196.08334
189.16667
182.00000
174.83334
164.83334
148.91667
141.83334
130.83334
90.16667
63.33334
59.08334
61.41667
69.16667
112.41667
138.83334
54.16667
69.00000
62.50000
59.25000
63.08334
62.00000
85.75000
136.08334
155.41667
164.50000
176.25000
185.08334
193.33334
202.50000
208.66667
210.75000
207.91667
208.41667
209.33334
212.66667
217.50000
216.66667
216.25000
222.25000
218.91667
214.66667
214.41667
214.75000
209.83334
204.50000
196.00000
193.91667
193.41667
192.41667
193.66667
190.58334
186.83334
181.41667
174.08334
166.25000
151.25000
143.75000
134.41667
95.25000
67.00000
61.25000
67.16667
79.25000
124.33334
135.66667
65.41667
82.33334
72.16667
56.08334
57.08334
67.00000
85.08334
140.33334
156.25000
166.83334
176.25000
182.33334
187.25000
191.00000
200.08334
193.08334
188.25000
183.66667
178.75000
185.91667
197.66667
206.66667
205.50000
215.08334
216.58334
210.25000
208.16667
203.08334
190.66667
175.50000
161.08334
151.75000
155.41667
162.50000
169.08334
178.50000
178.41667
170.66667
166.66667
165.75000
150.41667
144.25000
137.75000
104.91667
74.16667
71.41667
72.50000
94.50000
116.58334
123.33334
82.41667
84.58334
82.75000
64.08334
57.83334
70.25000
88.33334
146.16667
158.41667
163.91667
170.25000
173.00000
180.16667
184.33334
178.83334
167.83334
162.75000
148.41667
152.91667
163.25000
179.16667
187.91667
195.00000
209.08334
212.33334
206.41667
200.33334
189.41667
168.83334
150.58334
142.08334
132.83334
132.91667
143.91667
146.25000
154.83334
167.33334
164.33334
165.25000
163.25000
150.41667
144.08334
142.75000
121.41667
84.33334
76.25000
78.41667
114.83334
124.91667
131.08334
84.58334
90.33334
99.91667
85.75000
67.50000
69.66667
95.91667
151.41667
159.83334
160.75000
169.25000
167.00000
166.16667
170.16667
166.08334
157.83334
151.16667
151.41667
151.58334
149.58334
156.66667
172.50000
191.91667
208.33334
214.08334
207.08334
194.50000
175.16667
148.33334
135.83334
147.66667
153.16667
145.83334
142.25000
142.58334
144.75000
159.41667
158.66667
160.91667
163.66667
153.50000
147.50000
144.91667
134.16667
90.16667
79.66667
101.25000
124.41667
137.25000
146.25000
89.58334
96.41667
120.50000
109.16667
84.50000
75.00000
104.91667
153.25000
161.41667
167.25000
169.58334
165.08334
159.41667
157.83334
141.25000
127.25000
117.66667
151.50000
166.83334
156.41667
154.50000
155.08334
184.41667
205.66667
214.41667
209.00000
191.91667
165.33334
129.41667
133.75000
152.58334
174.41667
156.25000
138.58334
149.41667
129.16667
152.33334
138.16667
145.58334
164.00000
160.33334
155.08334
152.25000
142.25000
97.33334
93.83334
125.66667
126.50000
146.08334
147.33334
83.66667
109.08334
140.25000
118.41667
100.75000
94.00000
112.33334
155.75000
166.75000
171.91667
166.00000
151.41667
143.83334
156.33334
106.25000
140.75000
145.00000
156.16667
181.16667
148.00000
174.33334
157.41667
177.00000
203.50000
214.00000
211.58334
190.66667
159.08334
129.33334
133.83334
136.66667
182.41667
162.58334
133.66667
140.83334
125.16667
167.41667
141.58334
136.75000
159.58334
163.66667
160.00000
168.83334
149.66667
116.25000
117.50000
119.66667
143.75000
154.41667
142.25000
76.91667
125.66667
147.33334
140.08334
115.75000
109.25000
123.00000
155.83334
168.91667
175.08334
162.91667
144.66667
152.58334
166.08334
148.75000
127.75000
139.50000
167.58334
164.25000
155.08334
173.33334
164.91667
174.83334
202.58334
214.58334
210.25000
187.41667
157.83334
141.25000
147.08334
148.75000
159.50000
162.33334
147.50000
148.66667
159.66667
169.33334
155.66667
153.41667
161.91667
166.91667
165.08334
173.75000
155.58334
128.25000
121.83334
135.66667
152.58334
150.33334
144.75000
76.16667
115.25000
145.75000
144.91667
125.50000
116.58334
128.16667
154.66667
173.00000
181.00000
172.50000
162.33334
160.66667
170.25000
181.16667
171.00000
170.83334
178.08334
166.83334
167.58334
171.66667
159.75000
179.33334
201.50000
211.66667
206.50000
186.75000
164.66667
150.41667
151.75000
165.83334
167.50000
154.16667
157.00000
160.58334
174.91667
163.58334
158.41667
172.33334
173.91667
171.41667
182.16667
177.16667
159.25000
134.75000
141.00000
154.91667
148.33334
148.25000
152.66667
71.16667
114.00000
127.58334
144.50000
148.25000
128.50000
130.91667
155.58334
176.41667
185.75000
181.91667
177.66667
179.41667
171.25000
159.50000
161.66667
169.08334
185.58334
175.33334
177.00000
171.50000
171.08334
180.83334
198.41667
209.00000
203.75000
189.83334
169.58334
161.33334
157.75000
169.33334
176.25000
167.75000
172.25000
164.00000
176.75000
174.41667
172.50000
181.00000
182.83334
174.58334
187.58334
177.66667
163.00000
145.41667
155.41667
161.08334
140.91667
144.25000
151.83334
73.58334
120.25000
116.91667
140.33334
160.50000
140.41667
137.08334
159.75000
182.08334
189.75000
188.25000
186.75000
186.08334
184.75000
179.00000
182.25000
183.16667
187.83334
186.00000
183.50000
176.25000
178.58334
183.16667
199.50000
209.41667
203.66667
192.08334
170.58334
167.08334
168.33334
174.50000
184.58334
189.50000
184.00000
188.66667
192.41667
185.50000
184.00000
189.16667
191.33334
181.00000
189.08334
178.50000
165.41667
152.83334
163.25000
162.58334
137.00000
151.08334
149.00000
75.41667
118.83334
119.33334
122.75000
144.50000
148.91667
143.16667
159.08334
178.75000
190.91667
192.66667
189.75000
192.25000
200.08334
193.33334
195.75000
201.00000
197.25000
192.50000
190.25000
180.83334
183.16667
184.83334
196.08334
209.91667
204.83334
192.50000
170.41667
171.16667
171.75000
181.58334
189.00000
194.75000
198.58334
198.66667
195.75000
191.08334
190.83334
192.50000
190.58334
192.91667
187.08334
178.25000
164.66667
159.41667
174.08334
149.75000
129.75000
167.08334
162.00000
73.33334
118.08334
120.50000
114.75000
130.58334
151.16667
146.33334
159.00000
174.58334
191.33334
198.58334
195.33334
199.16667
204.00000
203.66667
203.75000
203.91667
200.91667
197.75000
192.83334
181.75000
181.83334
184.16667
197.08334
210.08334
201.25000
191.16667
169.83334
170.33334
174.08334
185.08334
195.58334
200.91667
198.75000
199.25000
200.83334
203.00000
200.25000
198.16667
186.08334
195.33334
188.16667
174.91667
165.08334
159.91667
167.58334
146.50000
147.16667
164.91667
162.25000
62.91667
115.41667
127.50000
114.08334
137.25000
146.41667
146.91667
162.50000
168.33334
194.33334
199.75000
200.58334
205.58334
209.83334
209.41667
211.33334
209.91667
203.75000
204.16667
191.58334
184.41667
178.08334
179.33334
190.75000
205.83334
197.50000
184.50000
170.25000
168.08334
173.91667
186.83334
202.08334
205.16667
206.66667
207.66667
207.66667
208.25000
204.91667
201.41667
197.50000
194.41667
186.08334
174.08334
163.58334
172.91667
162.25000
162.58334
161.16667
171.16667
164.66667
69.66667
103.16667
131.08334
125.83334
149.50000
150.08334
150.50000
154.91667
168.16667
190.58334
201.08334
203.25000
207.33334
212.66667
217.66667
216.33334
213.00000
208.66667
204.08334
193.25000
183.58334
163.66667
175.58334
187.66667
206.33334
189.08334
171.58334
168.75000
167.83334
171.08334
185.58334
204.00000
210.58334
210.66667
214.00000
215.58334
212.75000
206.83334
200.83334
190.25000
191.91667
182.66667
173.16667
162.25000
173.50000
182.25000
169.66667
167.08334
162.50000
176.75000
73.33334
90.91667
135.16667
130.75000
162.41667
161.58334
149.83334
151.00000
167.75000
187.50000
199.83334
206.08334
211.50000
216.91667
220.41667
219.41667
213.83334
210.33334
201.91667
192.75000
176.50000
163.91667
174.08334
188.83334
204.91667
197.00000
180.25000
171.75000
171.41667
166.08334
176.00000
200.50000
210.58334
213.58334
216.50000
216.50000
215.33334
207.58334
200.00000
180.58334
188.25000
179.58334
173.16667
161.16667
180.16667
173.00000
176.16667
180.41667
160.16667
229.66667
78.83334
74.83334
128.41667
130.83334
161.50000
163.00000
151.25000
157.08334
166.33334
183.33334
196.41667
205.08334
211.58334
215.91667
220.25000
217.41667
212.33334
206.33334
198.66667
183.16667
169.83334
170.83334
184.58334
199.83334
204.00000
201.75000
192.25000
179.08334
172.50000
165.08334
171.66667
187.91667
201.91667
211.91667
215.08334
215.08334
212.33334
205.08334
196.83334
181.00000
184.83334
174.91667
171.58334
162.00000
179.75000
177.33334
178.33334
167.08334
175.00000
231.50000
83.16667
74.08334
126.75000
122.33334
150.75000
163.16667
155.16667
157.83334
172.41667
180.58334
192.58334
201.83334
209.50000
213.91667
216.91667
216.41667
209.66667
204.83334
192.50000
178.83334
169.41667
178.16667
191.50000
192.58334
201.66667
200.25000
184.91667
167.91667
169.41667
166.00000
168.00000
179.08334
193.00000
206.16667
212.08334
210.50000
205.75000
199.41667
191.75000
176.41667
181.33334
175.41667
170.00000
158.83334
186.66667
175.66667
175.33334
175.58334
195.58334
220.58334
84.33334
73.08334
121.75000
97.50000
133.50000
152.41667
156.91667
156.25000
170.08334
178.16667
188.50000
197.66667
205.00000
210.33334
212.66667
211.33334
208.83334
206.33334
188.91667
177.75000
173.00000
176.08334
184.00000
193.08334
202.16667
200.50000
187.41667
168.91667
165.25000
162.08334
169.75000
174.66667
188.00000
202.66667
205.41667
204.66667
201.41667
195.08334
186.66667
167.91667
177.58334
175.91667
166.75000
166.00000
178.58334
180.16667
187.75000
183.83334
206.50000
201.41667
80.33334
75.91667
109.16667
88.66667
107.50000
137.41667
146.00000
149.33334
172.91667
176.25000
185.16667
192.50000
200.16667
203.66667
207.83334
208.50000
209.16667
204.08334
189.25000
182.25000
175.00000
160.83334
172.91667
199.58334
199.08334
201.66667
181.25000
161.91667
150.00000
157.41667
171.08334
177.16667
188.33334
198.91667
199.83334
202.00000
197.33334
190.66667
182.91667
173.50000
177.41667
170.41667
159.41667
174.00000
203.16667
209.66667
197.50000
189.91667
215.91667
184.50000
77.66667
76.41667
102.41667
86.33334
92.75000
108.25000
127.83334
137.16667
172.83334
169.08334
182.08334
190.16667
196.16667
199.75000
202.33334
206.91667
205.91667
202.58334
194.91667
186.91667
176.75000
161.41667
170.91667
189.08334
188.08334
184.75000
174.00000
157.58334
153.75000
169.66667
176.25000
183.00000
190.58334
197.00000
197.58334
198.25000
193.16667
187.33334
176.16667
180.00000
169.83334
177.16667
163.58334
190.41667
219.33334
198.50000
191.00000
217.75000
207.25000
184.50000
77.50000
77.16667
94.25000
94.66667
83.75000
108.58334
125.00000
136.41667
175.66667
164.83334
177.75000
186.41667
189.75000
194.50000
198.83334
203.66667
203.83334
199.50000
197.08334
190.83334
180.58334
172.08334
165.75000
173.75000
172.66667
180.25000
180.25000
175.16667
171.08334
178.75000
181.00000
182.66667
191.83334
193.00000
195.91667
193.08334
190.08334
184.58334
170.75000
177.83334
174.50000
174.58334
169.50000
193.25000
221.50000
203.25000
201.25000
221.66667
181.41667
204.58334
82.66667
89.83334
83.75000
94.83334
79.66667
108.91667
121.50000
133.83334
170.75000
163.83334
174.00000
185.33334
185.66667
190.41667
194.83334
199.83334
201.08334
198.16667
194.08334
188.00000
178.08334
177.16667
178.33334
177.91667
181.83334
186.66667
186.91667
190.00000
182.75000
181.41667
182.66667
186.75000
191.00000
190.58334
191.58334
191.08334
186.75000
180.16667
168.08334
173.08334
179.66667
175.16667
169.83334
183.25000
196.16667
200.50000
211.91667
211.33334
161.33334
185.58334
90.66667
98.33334
75.83334
96.66667
74.00000
101.91667
113.50000
130.83334
157.41667
162.16667
170.08334
182.75000
182.16667
183.75000
192.08334
198.16667
199.08334
194.08334
190.08334
187.25000
185.75000
187.91667
192.75000
194.50000
189.25000
193.58334
197.33334
191.50000
186.08334
185.58334
185.33334
189.58334
189.66667
188.83334
187.00000
186.66667
181.00000
177.08334
170.50000
170.75000
183.91667
174.25000
168.00000
185.25000
185.66667
196.08334
213.33334
182.00000
186.33334
178.58334
94.75000
96.33334
77.25000
95.08334
67.91667
75.00000
99.50000
122.75000
148.58334
165.00000
167.66667
179.75000
181.75000
175.83334
190.75000
192.33334
182.50000
184.75000
186.00000
185.41667
190.25000
193.50000
199.41667
199.33334
203.75000
202.66667
202.58334
198.75000
191.25000
183.16667
176.58334
173.83334
176.83334
181.75000
181.00000
177.91667
175.58334
175.08334
171.16667
158.91667
181.08334
173.33334
170.00000
190.58334
193.91667
202.66667
198.08334
161.83334
197.08334
203.08334
93.41667
96.00000
77.41667
94.41667
71.66667
68.00000
91.83334
116.66667
140.66667
160.66667
167.91667
176.50000
186.41667
182.75000
187.58334
180.91667
175.91667
184.25000
191.58334
188.16667
195.33334
192.41667
192.08334
198.83334
196.83334
195.83334
197.08334
192.58334
188.83334
181.58334
166.58334
167.91667
165.83334
161.91667
177.25000
176.50000
171.41667
166.50000
174.33334
163.25000
158.75000
171.25000
172.33334
198.91667
199.41667
200.83334
179.33334
165.83334
190.58334
199.66667
89.08334
90.50000
77.25000
88.91667
69.58334
59.08334
85.08334
105.75000
132.58334
161.00000
162.58334
166.08334
186.58334
185.25000
186.16667
180.25000
182.91667
170.33334
172.33334
170.58334
180.41667
184.50000
183.91667
186.25000
190.08334
187.16667
189.41667
184.91667
188.83334
178.16667
170.58334
171.16667
162.75000
177.08334
180.83334
175.50000
173.41667
165.25000
171.41667
166.66667
154.33334
161.50000
159.00000
172.25000
175.16667
199.50000
152.16667
187.16667
193.91667
195.83334
77.25000
87.83334
82.50000
83.66667
71.75000
58.25000
77.91667
94.91667
114.83334
156.75000
155.66667
163.16667
180.50000
186.50000
187.25000
189.00000
187.66667
177.33334
165.08334
147.66667
162.83334
164.16667
165.41667
175.50000
175.75000
179.33334
181.33334
171.83334
169.25000
165.00000
157.33334
162.41667
167.83334
176.33334
177.75000
180.91667
174.58334
166.33334
163.66667
162.58334
155.75000
149.83334
144.83334
141.16667
155.08334
167.91667
150.33334
184.25000
192.75000
193.83334
68.41667
83.83334
81.83334
79.58334
71.33334
56.83334
75.75000
89.91667
91.16667
148.16667
144.83334
164.58334
168.25000
185.16667
186.75000
188.33334
189.33334
193.66667
187.91667
187.91667
182.50000
168.66667
158.66667
176.58334
182.41667
184.00000
183.33334
167.66667
159.50000
167.75000
171.25000
172.58334
172.66667
179.66667
181.16667
180.16667
171.16667
163.66667
157.50000
156.00000
151.58334
150.00000
131.41667
109.83334
120.83334
139.66667
150.91667
177.08334
181.00000
182.75000
69.50000
83.41667
88.25000
71.58334
73.08334
61.91667
77.08334
78.75000
78.75000
121.00000
135.33334
161.58334
163.75000
176.66667
184.41667
186.08334
185.66667
187.75000
188.91667
194.25000
193.00000
183.91667
181.08334
181.16667
176.58334
174.33334
177.25000
180.91667
182.50000
173.16667
173.33334
176.83334
176.58334
176.58334
177.33334
177.75000
164.16667
160.83334
156.08334
152.50000
151.00000
145.16667
121.25000
120.91667
115.41667
106.75000
130.16667
159.16667
191.50000
187.00000
67.00000
81.75000
79.58334
67.33334
68.25000
57.91667
67.16667
69.41667
75.33334
99.08334
127.75000
153.33334
164.16667
161.41667
179.08334
185.00000
183.41667
181.16667
185.66667
190.75000
190.83334
188.91667
189.75000
193.00000
193.41667
187.83334
185.66667
186.25000
184.58334
179.25000
174.08334
173.08334
172.25000
172.16667
175.83334
173.08334
155.25000
155.66667
153.83334
148.83334
154.00000
140.08334
118.41667
97.41667
103.91667
129.50000
115.00000
143.25000
170.66667
188.75000
66.83334
79.50000
72.50000
59.00000
66.00000
53.91667
54.25000
63.50000
74.75000
79.33334
124.75000
143.16667
165.33334
159.83334
166.41667
179.83334
182.33334
180.75000
181.08334
183.16667
187.16667
184.25000
183.58334
184.50000
178.91667
175.83334
175.58334
178.16667
179.25000
174.33334
170.75000
171.66667
169.91667
171.33334
175.66667
164.08334
163.75000
156.41667
149.25000
154.66667
152.33334
135.16667
105.83334
98.33334
86.33334
104.16667
115.08334
133.66667
147.33334
186.58334
78.58334
74.33334
67.50000
55.25000
59.91667
57.41667
48.25000
58.00000
75.83334
74.41667
120.41667
137.66667
156.66667
161.50000
163.66667
177.58334
182.33334
183.16667
184.91667
186.58334
185.83334
184.91667
183.33334
182.16667
180.16667
180.50000
183.00000
179.33334
175.50000
170.75000
169.58334
171.50000
174.41667
174.75000
169.66667
157.08334
167.41667
152.16667
156.08334
155.75000
153.16667
128.66667
89.83334
80.66667
87.91667
86.33334
103.58334
101.33334
124.91667
172.91667
81.66667
71.91667
60.50000
58.41667
57.75000
53.75000
45.58334
55.25000
70.41667
68.83334
112.83334
134.08334
149.00000
155.33334
158.41667
175.00000
182.66667
185.75000
186.75000
189.91667
193.25000
194.58334
193.66667
192.83334
192.41667
191.75000
188.58334
184.25000
179.16667
172.25000
172.08334
177.58334
175.91667
172.83334
166.25000
160.50000
163.66667
157.66667
156.41667
157.33334
146.50000
126.58334
88.75000
74.41667
88.83334
88.75000
103.25000
86.91667
113.16667
152.50000
85.66667
62.75000
62.33334
61.58334
57.91667
44.41667
42.58334
59.25000
61.91667
62.66667
101.25000
126.75000
147.16667
151.33334
149.08334
164.58334
181.00000
184.41667
187.41667
190.66667
193.00000
195.33334
197.16667
196.16667
195.75000
196.75000
190.83334
184.75000
181.16667
183.66667
185.75000
182.91667
177.16667
170.83334
159.58334
163.75000
158.08334
155.25000
157.00000
154.83334
137.25000
118.25000
91.83334
61.66667
73.91667
82.66667
82.41667
98.75000
114.66667
137.33334
94.33334
60.91667
66.75000
47.66667
57.25000
38.16667
38.83334
59.50000
54.25000
56.16667
88.33334
116.91667
141.33334
151.00000
145.91667
146.33334
168.83334
177.50000
181.58334
186.66667
186.66667
188.66667
194.08334
196.91667
194.00000
191.91667
187.58334
183.75000
184.58334
187.58334
184.75000
178.66667
170.16667
158.91667
156.00000
164.50000
155.83334
153.75000
156.91667
147.08334
134.00000
116.25000
90.75000
64.25000
72.16667
66.00000
59.83334
84.91667
107.33334
120.00000
86.91667
68.75000
59.00000
46.75000
55.75000
38.58334
36.91667
54.75000
49.25000
55.83334
76.33334
114.58334
130.50000
145.75000
149.66667
145.33334
151.83334
167.16667
174.16667
179.83334
181.16667
183.08334
191.00000
194.75000
191.83334
188.41667
183.66667
182.75000
183.08334
184.75000
182.83334
171.08334
159.16667
148.66667
158.50000
155.75000
150.08334
154.41667
152.41667
134.91667
133.91667
123.83334
86.58334
64.08334
73.91667
61.00000
70.16667
69.25000
84.75000
119.25000
