55.41667
56.33334
52.25000
43.66667
39.16667
33.91667
33.00000
33.83334
36.50000
36.66667
53.58334
80.33334
91.91667
109.33334
118.66667
125.91667
132.41667
140.50000
146.25000
150.33334
151.00000
154.83334
156.66667
157.50000
155.41667
153.33334
152.66667
143.50000
140.25000
140.08334
131.16667
123.75000
119.16667
107.58334
97.66667
85.33334
68.50000
54.75000
46.83334
37.25000
27.25000
26.91667
25.25000
31.50000
40.83334
42.33334
41.66667
42.33334
49.33334
52.41667
53.08334
54.33334
50.58334
42.83334
37.08334
34.58334
32.41667
34.08334
36.16667
42.41667
61.91667
82.91667
109.58334
121.25000
131.08334
138.00000
142.25000
154.41667
157.91667
164.41667
167.25000
169.33334
169.00000
171.16667
170.58334
165.75000
166.08334
154.33334
151.91667
149.83334
138.66667
133.25000
128.25000
123.83334
112.58334
101.83334
86.25000
71.41667
58.33334
46.25000
36.50000
30.50000
28.08333
30.16667
39.58334
40.66667
42.58334
44.75000
49.00000
52.08334
51.08334
55.25000
48.91667
41.83334
35.00000
35.50000
37.83334
37.33334
38.66667
47.00000
72.91667
90.75000
112.83334
130.33334
140.33334
150.66667
161.58334
167.91667
169.08334
172.75000
173.91667
175.16667
177.50000
177.50000
176.66667
174.83334
170.33334
162.91667
159.25000
154.16667
143.50000
138.08334
133.00000
127.08334
120.33334
108.75000
98.25000
82.58334
71.75000
58.58334
42.33334
34.91667
29.00000
31.50000
39.08334
41.66667
42.75000
46.75000
51.66667
50.75000
52.25000
54.41667
46.91667
40.58334
33.91667
35.00000
40.91667
42.08334
55.16667
57.08334
78.50000
98.66667
124.41667
141.91667
154.08334
162.00000
169.41667
170.33334
173.25000
175.58334
176.16667
177.83334
179.33334
179.08334
177.83334
176.75000
172.50000
169.00000
160.66667
160.16667
150.58334
145.83334
136.16667
131.16667
125.50000
115.83334
102.33334
90.91667
79.25000
67.50000
54.91667
41.16667
34.33334
29.25000
38.75000
42.00000
41.50000
47.58334
52.75000
55.25000
52.58334
53.33334
48.58334
43.41667
34.83334
34.91667
40.50000
52.08334
71.00000
78.66667
93.33334
110.25000
134.41667
152.83334
162.08334
168.50000
173.66667
176.00000
178.08334
178.91667
179.58334
180.25000
181.41667
183.08334
179.66667
180.00000
175.41667
172.00000
169.91667
160.75000
158.41667
150.16667
143.58334
135.25000
128.58334
119.66667
105.16667
94.50000
83.41667
72.66667
61.08334
47.33334
41.91667
36.25000
41.83334
42.75000
39.16667
46.83334
54.08334
55.50000
52.58334
54.25000
48.16667
45.50000
37.83334
34.25000
42.83334
63.83334
89.16667
101.83334
112.66667
129.75000
148.58334
158.66667
165.50000
170.58334
175.25000
179.41667
177.91667
181.00000
180.50000
180.91667
181.50000
182.33334
179.00000
180.16667
178.00000
175.83334
171.75000
169.75000
163.25000
156.66667
147.91667
133.50000
125.50000
122.00000
109.50000
93.66667
87.00000
77.66667
66.25000
53.16667
47.33334
41.75000
43.58334
41.66667
40.08334
44.91667
53.08334
54.58334
50.16667
54.16667
48.58334
47.75000
42.75000
36.08334
45.33334
68.25000
98.00000
106.91667
117.83334
139.75000
152.25000
159.16667
166.16667
172.00000
177.08334
180.50000
181.33334
181.16667
179.66667
179.00000
179.41667
180.25000
180.25000
179.66667
176.08334
174.16667
174.50000
169.50000
166.33334
160.91667
150.91667
137.50000
124.08334
116.33334
107.83334
98.00000
93.58334
84.33334
68.16667
54.75000
49.75000
46.00000
43.16667
41.33334
40.58334
42.83334
49.58334
55.58334
53.08334
48.83334
52.83334
48.41667
49.41667
43.33334
46.75000
69.08334
96.83334
109.00000
120.75000
144.66667
152.83334
160.00000
165.50000
172.33334
176.41667
177.83334
179.83334
179.58334
179.50000
179.75000
180.00000
181.00000
181.25000
180.75000
179.50000
175.00000
174.00000
171.08334
168.50000
164.66667
159.83334
153.83334
145.66667
137.00000
128.16667
112.16667
100.08334
84.08334
66.75000
58.83334
56.58334
47.91667
47.16667
39.91667
39.00000
41.33334
49.08334
56.08334
54.66667
48.66667
48.75000
48.75000
49.83334
49.41667
60.66667
76.58334
99.50000
110.00000
124.41667
146.75000
153.66667
160.50000
164.91667
171.75000
174.83334
178.75000
180.00000
178.50000
179.08334
180.33334
180.66667
181.75000
181.16667
180.50000
180.91667
177.91667
177.08334
173.58334
172.25000
166.75000
162.08334
158.33334
153.50000
149.91667
144.50000
129.41667
106.33334
89.91667
75.75000
63.58334
58.41667
48.08334
43.75000
38.33334
40.50000
40.33334
48.25000
58.00000
52.08334
48.66667
48.16667
47.50000
45.91667
51.08334
64.91667
81.66667
101.83334
115.16667
132.58334
147.33334
154.58334
162.08334
167.00000
173.16667
176.66667
178.41667
178.83334
180.00000
180.16667
181.25000
180.91667
182.00000
182.50000
181.00000
179.50000
178.33334
177.75000
174.41667
172.91667
170.33334
163.58334
160.33334
155.00000
150.83334
147.16667
135.58334
119.08334
97.75000
79.08334
67.16667
60.91667
47.66667
43.50000
42.25000
45.33334
48.58334
46.41667
57.75000
56.41667
52.41667
49.00000
43.83334
45.83334
50.25000
67.00000
84.25000
105.33334
123.66667
135.25000
148.75000
155.25000
162.50000
170.50000
174.91667
179.66667
181.08334
181.25000
180.41667
180.58334
182.25000
181.16667
180.00000
180.16667
181.00000
180.41667
181.33334
179.66667
177.16667
174.25000
172.16667
168.25000
162.16667
158.08334
154.00000
148.66667
140.66667
127.33334
104.58334
84.41667
67.33334
59.25000
49.00000
40.00000
50.16667
52.66667
49.16667
49.08334
58.33334
59.50000
54.75000
54.33334
46.50000
45.91667
51.08334
68.00000
84.08334
107.58334
128.50000
139.08334
151.08334
157.58334
165.75000
173.66667
178.91667
181.00000
181.83334
183.41667
183.50000
184.58334
183.08334
182.75000
181.91667
182.33334
182.66667
181.66667
183.41667
183.00000
181.75000
179.83334
176.25000
172.91667
166.91667
161.16667
157.58334
152.00000
142.83334
131.16667
117.50000
93.33334
73.83334
65.41667
51.83334
50.08334
55.00000
54.16667
53.16667
51.91667
61.16667
59.41667
55.91667
54.25000
56.58334
50.58334
51.91667
65.25000
84.75000
112.00000
130.91667
138.66667
149.83334
154.16667
161.25000
167.58334
173.83334
177.58334
180.50000
181.58334
183.08334
184.91667
186.83334
187.16667
186.50000
185.66667
185.41667
186.00000
187.66667
182.08334
178.33334
173.08334
171.83334
168.75000
165.25000
162.08334
157.00000
149.66667
142.83334
133.66667
120.66667
106.75000
85.50000
76.75000
66.16667
64.75000
61.83334
55.08334
54.16667
58.91667
62.08334
60.41667
58.25000
52.66667
59.41667
55.41667
52.91667
66.58334
88.25000
111.50000
130.50000
134.00000
137.33334
138.50000
140.25000
139.91667
140.83334
144.50000
154.91667
167.25000
174.25000
178.41667
182.91667
184.75000
183.58334
182.75000
180.41667
176.91667
174.83334
166.33334
159.08334
151.16667
144.08334
141.00000
143.08334
145.83334
145.75000
140.66667
134.41667
132.25000
120.83334
108.50000
94.25000
84.25000
79.83334
70.41667
70.75000
61.25000
60.58334
63.75000
68.75000
60.00000
57.00000
61.41667
69.00000
64.08334
52.08334
65.91667
88.00000
108.50000
122.58334
122.91667
119.00000
112.83334
101.33334
96.41667
95.41667
95.25000
108.25000
123.75000
144.91667
162.08334
169.83334
175.66667
175.00000
172.75000
165.91667
160.50000
151.25000
139.58334
125.58334
98.41667
83.33334
81.58334
87.16667
91.50000
104.58334
110.66667
106.00000
110.66667
110.16667
105.00000
97.91667
91.25000
85.16667
79.91667
74.25000
66.41667
72.25000
83.08334
73.25000
62.50000
59.08334
66.75000
76.41667
69.50000
60.25000
65.66667
87.66667
98.58334
104.66667
103.66667
96.75000
92.66667
90.00000
82.41667
79.00000
77.25000
74.16667
82.58334
105.58334
132.75000
152.58334
163.83334
166.75000
163.25000
152.16667
137.16667
118.58334
102.83334
88.16667
64.75000
56.16667
52.41667
56.91667
62.83334
71.00000
75.00000
73.00000
86.83334
91.25000
93.08334
99.08334
93.75000
87.25000
78.75000
75.08334
78.83334
83.16667
84.91667
80.91667
65.83334
59.66667
67.83334
82.00000
76.33334
67.33334
72.08334
86.50000
91.41667
89.58334
91.83334
97.83334
93.08334
86.08334
80.83334
77.33334
74.58334
87.25000
91.91667
95.83334
111.25000
134.50000
150.16667
155.66667
154.41667
142.66667
126.00000
98.50000
86.83334
82.41667
69.58334
70.33334
68.91667
73.91667
72.25000
79.66667
84.50000
81.83334
83.08334
82.25000
84.33334
92.33334
99.08334
85.50000
74.08334
77.08334
88.33334
93.33334
86.83334
83.50000
70.66667
69.41667
77.83334
83.08334
76.50000
71.33334
74.58334
83.58334
83.41667
90.25000
88.33334
97.50000
91.50000
84.00000
82.00000
84.25000
86.00000
94.91667
92.25000
108.58334
109.83334
121.83334
138.50000
144.75000
140.16667
136.91667
125.00000
102.25000
85.16667
104.66667
115.00000
109.41667
113.33334
122.33334
112.58334
100.00000
97.83334
92.00000
90.58334
83.91667
91.50000
93.41667
91.08334
91.66667
83.25000
81.08334
90.75000
101.58334
83.16667
85.08334
72.41667
80.91667
86.91667
91.16667
81.00000
77.08334
76.91667
96.50000
86.16667
90.33334
97.66667
99.50000
88.08334
76.50000
72.16667
69.08334
80.41667
84.08334
104.50000
102.16667
111.08334
120.33334
140.50000
158.75000
155.83334
157.25000
122.58334
102.08334
107.75000
107.33334
96.66667
86.00000
82.25000
94.91667
88.16667
84.83334
97.08334
94.33334
103.00000
94.16667
100.50000
95.91667
102.66667
98.08334
93.33334
80.00000
85.75000
103.41667
90.16667
88.91667
73.16667
82.50000
84.75000
96.50000
85.08334
73.66667
70.25000
96.83334
76.00000
90.08334
101.66667
87.00000
73.75000
91.91667
81.33334
76.66667
81.33334
99.91667
86.83334
97.75000
107.00000
112.91667
144.91667
151.41667
170.50000
138.75000
103.75000
108.33334
109.16667
93.41667
87.33334
88.25000
66.16667
60.25000
61.33334
84.66667
67.33334
85.41667
109.08334
110.08334
109.33334
117.08334
117.66667
98.33334
90.16667
80.75000
100.25000
94.75000
94.33334
89.75000
76.00000
73.25000
88.25000
103.75000
100.83334
81.00000
61.58334
111.75000
108.91667
96.66667
98.33334
90.25000
99.08334
95.83334
73.75000
66.75000
80.33334
98.91667
102.25000
97.50000
113.91667
122.25000
133.16667
157.16667
165.08334
143.41667
121.41667
116.41667
119.08334
107.58334
97.25000
114.75000
96.00000
71.66667
81.91667
113.16667
95.91667
75.50000
98.58334
113.58334
126.66667
122.66667
108.00000
105.00000
95.66667
82.41667
96.08334
87.75000
97.50000
94.16667
84.50000
69.41667
105.91667
106.50000
105.16667
88.83334
74.58334
106.91667
119.08334
106.08334
110.33334
102.75000
100.00000
110.08334
102.25000
92.33334
87.83334
104.50000
111.75000
112.25000
120.00000
107.58334
123.50000
144.66667
145.83334
129.16667
115.25000
120.91667
128.33334
125.91667
118.25000
109.91667
108.25000
100.08334
109.41667
119.91667
117.33334
100.00000
108.83334
135.33334
134.66667
138.50000
119.16667
113.16667
99.50000
85.25000
98.50000
92.16667
94.58334
96.91667
93.58334
72.00000
102.83334
106.41667
108.00000
81.91667
82.00000
113.50000
131.50000
116.83334
119.91667
114.41667
113.66667
121.58334
115.25000
113.33334
110.91667
122.33334
127.00000
128.33334
126.83334
113.25000
130.16667
143.41667
148.91667
134.00000
115.50000
110.66667
130.50000
136.41667
136.00000
125.00000
117.83334
118.75000
122.08334
125.41667
130.50000
127.16667
123.16667
129.75000
142.00000
137.58334
125.33334
128.41667
115.66667
107.83334
104.50000
93.50000
95.33334
94.83334
100.00000
75.33334
102.66667
99.58334
110.08334
83.50000
92.41667
110.33334
138.66667
119.58334
127.91667
129.25000
126.16667
132.08334
133.75000
132.41667
136.25000
139.25000
138.75000
134.91667
131.91667
107.50000
129.41667
144.50000
149.33334
141.66667
123.08334
113.91667
143.25000
137.91667
147.91667
148.83334
147.41667
147.58334
147.83334
147.50000
144.66667
142.41667
136.00000
131.66667
137.58334
136.25000
136.41667
135.25000
111.66667
112.00000
109.41667
107.66667
115.33334
121.08334
100.75000
88.75000
99.91667
97.33334
105.33334
91.50000
94.16667
110.00000
146.75000
132.91667
142.08334
145.75000
142.66667
146.75000
149.75000
150.83334
151.08334
152.08334
152.16667
142.58334
131.25000
115.08334
132.16667
147.08334
151.58334
144.41667
129.50000
122.83334
121.25000
140.00000
150.91667
157.83334
160.33334
163.00000
164.08334
161.75000
155.91667
149.00000
142.33334
134.83334
141.41667
139.00000
134.75000
132.75000
120.83334
111.41667
113.00000
118.58334
115.41667
114.25000
104.75000
86.66667
94.75000
95.83334
93.16667
102.58334
92.58334
112.08334
130.58334
149.41667
146.66667
152.00000
153.25000
157.83334
159.00000
163.75000
165.58334
165.08334
161.41667
150.00000
129.91667
118.00000
139.25000
149.83334
153.75000
148.75000
132.33334
122.66667
115.25000
139.66667
153.41667
159.00000
162.75000
166.75000
167.00000
163.91667
158.00000
152.91667
147.25000
149.75000
146.33334
138.08334
136.33334
129.91667
123.33334
114.33334
121.25000
113.83334
122.91667
97.66667
111.66667
82.58334
86.75000
91.33334
92.00000
116.50000
95.33334
117.41667
124.75000
152.16667
148.00000
151.50000
154.58334
164.33334
167.08334
170.83334
173.08334
171.33334
162.66667
142.83334
139.08334
125.33334
139.66667
152.66667
157.41667
153.25000
138.91667
138.75000
123.75000
127.50000
147.91667
162.91667
167.08334
168.00000
169.41667
167.25000
158.66667
153.75000
152.25000
155.08334
151.66667
145.00000
139.41667
126.58334
123.16667
112.00000
111.91667
117.41667
116.25000
104.16667
110.25000
98.33334
81.08334
95.83334
90.25000
116.16667
94.91667
117.25000
123.33334
142.91667
148.75000
152.83334
165.08334
164.41667
170.08334
173.00000
172.25000
166.83334
150.41667
152.50000
140.00000
143.58334
142.66667
156.58334
159.25000
156.33334
146.50000
130.58334
138.58334
133.25000
138.83334
146.16667
165.25000
168.75000
167.00000
164.25000
160.66667
165.58334
156.83334
151.66667
151.66667
144.00000
139.25000
119.16667
116.50000
102.16667
105.58334
113.75000
119.50000
116.91667
110.83334
104.75000
80.66667
91.41667
87.58334
114.91667
90.16667
124.00000
125.25000
144.16667
149.83334
152.16667
155.08334
150.41667
152.50000
153.91667
153.08334
164.41667
164.33334
155.41667
145.91667
136.41667
146.75000
158.66667
158.83334
158.33334
149.33334
139.08334
128.16667
134.75000
142.66667
153.00000
148.00000
150.08334
154.16667
156.66667
156.08334
149.41667
159.75000
147.25000
151.25000
136.00000
134.91667
117.25000
109.83334
104.75000
103.00000
109.33334
118.16667
134.41667
108.91667
107.00000
79.91667
102.33334
80.75000
111.75000
84.00000
122.33334
125.08334
138.91667
153.75000
156.08334
158.41667
167.75000
171.00000
169.83334
169.50000
168.00000
168.08334
155.91667
138.83334
137.00000
150.00000
159.33334
160.25000
160.75000
152.50000
145.25000
135.16667
131.41667
131.33334
145.33334
161.83334
168.58334
164.33334
162.16667
165.83334
164.00000
152.33334
145.66667
145.66667
134.00000
133.16667
116.25000
106.00000
113.66667
105.33334
103.66667
119.58334
134.33334
101.25000
106.00000
82.16667
103.16667
88.58334
100.25000
96.33334
117.00000
120.75000
135.25000
143.75000
163.50000
162.66667
163.50000
164.41667
168.08334
166.83334
161.16667
157.00000
140.75000
136.33334
142.75000
148.91667
159.41667
154.91667
148.16667
147.83334
144.41667
135.50000
133.41667
131.33334
136.41667
148.16667
148.91667
153.75000
152.66667
159.00000
158.58334
150.66667
141.75000
141.83334
140.00000
130.66667
123.41667
109.58334
117.66667
103.41667
102.16667
129.75000
142.91667
91.00000
106.83334
81.58334
102.66667
91.58334
95.25000
98.41667
110.50000
113.33334
131.50000
139.91667
150.25000
162.75000
167.91667
168.91667
171.16667
169.16667
158.41667
146.75000
138.08334
136.08334
129.66667
144.08334
160.00000
155.75000
159.41667
152.25000
140.66667
127.08334
126.00000
129.41667
135.50000
139.16667
147.58334
153.41667
154.91667
151.33334
151.00000
145.58334
139.16667
135.50000
136.75000
128.75000
122.16667
110.25000
113.41667
92.75000
101.16667
131.91667
152.00000
79.58334
97.50000
76.58334
99.83334
91.16667
90.83334
91.75000
103.75000
93.08334
130.41667
133.33334
144.75000
150.33334
154.33334
155.00000
153.00000
149.91667
151.25000
148.00000
138.66667
134.50000
129.91667
135.75000
142.66667
147.08334
153.00000
146.00000
131.58334
120.50000
124.25000
125.66667
135.75000
134.75000
141.16667
143.75000
144.83334
145.41667
137.33334
136.58334
139.25000
128.41667
134.08334
123.25000
116.16667
111.75000
108.16667
102.41667
116.50000
129.41667
150.00000
74.75000
95.33334
79.91667
91.75000
93.00000
80.66667
82.83334
86.25000
83.91667
131.58334
129.83334
136.16667
145.75000
150.58334
153.83334
153.50000
151.08334
148.08334
145.58334
141.75000
137.41667
130.25000
125.16667
121.75000
122.91667
126.66667
120.83334
119.66667
121.58334
116.16667
127.66667
128.75000
129.00000
131.16667
136.41667
130.41667
131.91667
130.75000
126.83334
135.58334
131.50000
132.33334
121.83334
107.91667
117.08334
112.16667
121.66667
120.75000
126.58334
149.41667
74.50000
95.83334
76.50000
83.16667
92.50000
76.83334
89.50000
72.91667
78.08334
121.25000
125.50000
131.91667
140.58334
146.83334
147.91667
145.25000
143.66667
144.41667
143.33334
136.50000
129.25000
126.00000
114.66667
111.25000
109.00000
110.75000
111.50000
103.83334
105.33334
105.16667
114.41667
119.00000
119.41667
122.50000
120.75000
120.50000
121.08334
121.58334
119.25000
129.75000
135.25000
129.75000
125.91667
109.25000
117.50000
105.91667
118.00000
129.75000
130.41667
148.25000
78.16667
98.91667
78.41667
79.41667
92.50000
79.00000
88.25000
71.25000
78.33334
114.91667
119.25000
130.75000
138.75000
145.08334
138.75000
135.66667
135.25000
131.16667
130.25000
116.16667
109.83334
100.08334
93.00000
98.25000
91.25000
95.66667
89.58334
81.25000
79.16667
75.08334
90.08334
98.16667
103.91667
109.58334
101.33334
103.00000
115.75000
118.08334
118.91667
125.83334
132.16667
126.50000
126.58334
105.91667
118.16667
112.66667
118.41667
129.08334
145.58334
159.41667
80.33334
97.25000
73.41667
72.25000
94.08334
76.83334
88.75000
72.25000
78.50000
106.16667
113.58334
128.08334
138.41667
139.58334
131.41667
123.16667
113.41667
108.41667
109.50000
98.16667
92.66667
85.25000
78.66667
82.50000
75.91667
84.16667
70.08334
72.08334
74.00000
63.50000
73.91667
87.66667
87.41667
85.58334
79.58334
87.25000
112.75000
119.50000
115.16667
124.83334
130.08334
123.50000
119.00000
109.33334
119.83334
124.50000
119.00000
131.33334
152.08334
156.66667
72.08334
89.83334
74.00000
65.25000
89.75000
80.75000
91.41667
75.50000
77.91667
98.25000
111.91667
121.25000
131.75000
132.33334
117.66667
104.91667
95.66667
96.00000
93.83334
93.66667
87.58334
80.33334
81.00000
79.08334
83.16667
91.75000
77.83334
85.16667
83.16667
84.58334
80.00000
89.08334
78.41667
70.75000
69.66667
77.00000
107.50000
123.66667
120.66667
125.75000
129.66667
119.33334
114.66667
116.08334
113.41667
130.16667
120.83334
131.41667
158.83334
169.50000
77.00000
74.58334
72.08334
66.50000
87.66667
82.91667
89.08334
76.16667
79.66667
86.25000
106.16667
113.58334
123.41667
121.08334
106.41667
97.91667
95.25000
92.08334
87.66667
85.08334
92.50000
90.16667
90.08334
97.83334
96.25000
102.08334
104.83334
102.16667
98.41667
96.58334
99.41667
102.41667
81.25000
81.25000
75.50000
80.91667
101.58334
122.75000
125.25000
127.91667
124.33334
117.00000
109.08334
117.25000
108.50000
127.41667
130.16667
143.00000
162.16667
170.50000
79.16667
67.25000
75.16667
68.91667
85.25000
79.00000
75.00000
78.33334
78.16667
80.75000
103.25000
98.41667
120.25000
108.00000
98.41667
94.91667
91.50000
87.83334
84.25000
92.25000
98.83334
99.75000
103.08334
105.91667
113.33334
114.41667
120.08334
124.33334
99.91667
100.75000
102.16667
93.16667
92.33334
84.91667
85.16667
88.75000
105.83334
118.08334
120.00000
128.83334
119.25000
116.83334
106.33334
115.58334
112.33334
121.00000
136.66667
144.25000
157.75000
174.00000
83.66667
60.66667
76.91667
71.66667
78.00000
74.83334
71.75000
80.16667
71.25000
74.83334
98.91667
90.25000
104.50000
107.75000
97.58334
94.08334
99.08334
102.08334
96.91667
96.66667
102.91667
112.16667
116.41667
114.08334
116.16667
121.00000
122.00000
122.08334
108.83334
103.83334
99.50000
95.08334
95.91667
104.08334
105.16667
102.25000
109.75000
124.75000
106.41667
120.66667
114.16667
114.41667
106.33334
120.91667
128.66667
117.75000
138.33334
144.83334
158.83334
171.08334
86.33334
61.08334
86.58334
73.41667
64.41667
76.83334
70.75000
72.41667
66.75000
72.33334
95.08334
85.58334
93.50000
108.16667
98.16667
105.41667
116.66667
120.91667
120.25000
116.66667
114.91667
116.16667
120.00000
116.33334
118.83334
120.16667
119.83334
122.33334
126.25000
118.91667
107.75000
107.50000
116.91667
126.58334
117.75000
104.91667
108.00000
119.58334
112.83334
112.25000
115.58334
113.08334
108.91667
117.00000
136.00000
130.00000
136.16667
151.16667
156.00000
163.66667
90.83334
61.41667
90.16667
71.00000
53.16667
78.41667
61.91667
65.08334
73.08334
70.83334
89.75000
78.83334
88.83334
96.66667
91.25000
104.91667
123.08334
126.33334
133.08334
131.50000
126.66667
127.25000
130.08334
134.33334
135.41667
134.41667
133.75000
129.00000
121.83334
117.66667
116.58334
124.33334
131.00000
131.58334
123.16667
95.83334
107.58334
109.91667
110.91667
104.75000
106.00000
108.75000
105.83334
110.08334
127.41667
133.83334
133.08334
154.83334
161.91667
161.75000
85.83334
63.50000
89.16667
70.41667
55.08334
79.25000
64.16667
73.91667
68.66667
73.50000
84.50000
79.50000
74.50000
79.75000
81.91667
97.25000
110.75000
124.16667
130.50000
129.83334
132.50000
130.58334
126.83334
121.33334
118.66667
122.58334
120.41667
118.50000
118.08334
121.00000
125.66667
128.58334
129.16667
126.75000
110.91667
86.75000
103.16667
92.08334
101.66667
100.58334
109.58334
107.58334
111.08334
116.33334
118.08334
118.58334
122.50000
134.16667
150.58334
160.08334
78.75000
67.41667
86.91667
65.91667
55.83334
77.75000
67.08334
75.75000
61.91667
79.16667
80.75000
76.75000
58.66667
74.66667
73.66667
83.33334
94.41667
108.91667
121.75000
124.00000
127.08334
126.58334
121.08334
115.83334
110.50000
106.83334
109.25000
112.91667
118.16667
118.33334
120.75000
123.16667
120.83334
111.25000
98.16667
85.66667
87.66667
90.75000
99.16667
94.58334
110.25000
104.41667
120.91667
124.58334
119.00000
115.66667
126.50000
132.66667
151.33334
164.83334
75.00000
73.91667
80.66667
64.00000
67.66667
80.41667
72.00000
77.25000
59.33334
80.16667
78.33334
75.08334
60.83334
61.66667
66.50000
75.50000
79.50000
92.33334
105.58334
114.00000
114.00000
112.25000
113.08334
102.75000
95.41667
89.16667
93.83334
99.58334
108.50000
109.66667
115.75000
121.25000
115.58334
106.50000
85.25000
69.83334
75.25000
91.91667
96.50000
94.75000
109.75000
105.50000
118.33334
128.50000
135.58334
127.91667
147.91667
149.00000
148.16667
162.83334
74.08334
87.58334
79.91667
68.91667
75.58334
83.41667
77.83334
73.41667
61.91667
81.50000
74.58334
74.41667
52.75000
54.66667
65.33334
67.58334
66.50000
84.00000
88.83334
98.91667
104.75000
104.91667
100.83334
95.66667
90.41667
88.33334
94.50000
98.41667
104.33334
114.33334
116.41667
113.41667
102.58334
88.58334
65.33334
53.75000
65.66667
91.75000
99.33334
102.50000
108.91667
114.25000
119.16667
124.58334
135.16667
129.25000
141.41667
159.41667
161.25000
151.75000
79.25000
94.41667
74.08334
75.33334
80.25000
84.50000
74.33334
68.75000
63.08334
69.75000
67.41667
74.66667
53.25000
50.66667
67.16667
67.66667
62.75000
75.66667
78.00000
87.16667
94.16667
97.58334
88.66667
79.58334
88.16667
89.08334
90.33334
87.58334
95.66667
102.58334
107.91667
100.08334
83.33334
65.41667
43.66667
49.83334
64.83334
77.08334
99.16667
102.91667
115.58334
121.08334
124.91667
124.75000
144.08334
148.83334
133.66667
159.16667
156.25000
143.25000
81.50000
94.08334
64.83334
87.75000
81.33334
70.58334
78.33334
62.58334
63.41667
66.66667
64.33334
76.33334
58.83334
63.83334
76.33334
69.75000
59.83334
66.25000
70.33334
70.50000
82.41667
85.00000
74.08334
75.83334
79.08334
79.25000
83.91667
86.83334
84.58334
86.75000
84.91667
74.25000
56.91667
46.50000
42.75000
49.83334
70.25000
81.41667
95.83334
102.00000
117.83334
119.41667
133.16667
117.58334
135.66667
145.83334
151.58334
166.00000
148.25000
150.91667
84.66667
92.83334
68.00000
96.91667
83.25000
74.08334
87.75000
69.41667
77.16667
58.41667
70.41667
84.50000
79.58334
77.83334
77.91667
69.16667
67.83334
57.16667
67.75000
61.16667
60.33334
65.16667
59.41667
61.58334
54.41667
63.08334
66.33334
67.83334
67.91667
66.00000
61.75000
54.00000
44.16667
38.25000
43.58334
51.25000
79.08334
92.33334
100.66667
112.91667
123.50000
121.33334
134.08334
135.91667
131.41667
138.25000
165.08334
170.50000
159.41667
148.58334
