58.50000
57.66667
42.25000
51.75000
62.50000
49.50000
52.91667
51.58334
57.33334
61.66667
61.33334
70.50000
76.41667
79.75000
71.08334
78.41667
98.50000
97.50000
100.83334
99.75000
96.91667
103.58334
106.25000
111.66667
111.75000
108.00000
91.75000
86.41667
106.66667
120.00000
119.41667
113.50000
106.08334
94.08334
98.41667
104.16667
117.33334
107.08334
98.33334
99.75000
82.91667
85.16667
82.41667
67.50000
65.58334
66.83334
65.08334
60.25000
63.08334
56.00000
57.83334
47.58334
43.91667
60.75000
57.50000
50.66667
54.50000
53.41667
57.50000
68.16667
71.91667
81.08334
89.25000
99.58334
104.41667
104.41667
112.33334
112.00000
115.41667
115.83334
117.75000
123.33334
122.41667
113.91667
108.83334
128.33334
108.33334
108.41667
101.50000
111.08334
123.83334
116.50000
112.91667
107.16667
101.16667
109.25000
106.33334
113.00000
97.41667
90.41667
86.41667
76.16667
77.50000
67.25000
61.75000
60.25000
58.41667
51.25000
53.33334
54.41667
53.83334
42.58334
45.25000
60.16667
55.25000
54.91667
54.16667
62.16667
61.41667
75.83334
91.16667
100.00000
102.00000
117.83334
130.08334
122.58334
130.75000
130.41667
129.83334
130.83334
128.16667
122.58334
128.41667
123.25000
121.33334
114.66667
120.41667
122.00000
116.66667
107.25000
114.16667
117.75000
121.16667
112.16667
107.00000
99.91667
105.33334
113.41667
105.41667
94.41667
86.08334
81.33334
68.00000
70.75000
68.33334
57.50000
53.00000
55.16667
49.66667
48.00000
48.16667
51.50000
51.91667
66.41667
58.58334
58.50000
64.83334
81.75000
77.91667
81.75000
100.00000
114.08334
118.58334
139.33334
141.50000
142.00000
146.08334
141.41667
140.58334
143.00000
141.83334
130.25000
134.50000
130.83334
125.75000
130.58334
120.91667
127.58334
124.00000
116.83334
114.08334
123.25000
124.50000
117.16667
117.41667
107.33334
106.08334
104.00000
101.66667
96.25000
89.16667
79.25000
74.08334
65.58334
66.50000
60.00000
52.16667
46.25000
51.25000
49.66667
47.58334
59.33334
58.83334
72.41667
64.16667
67.16667
80.41667
87.83334
94.58334
94.16667
110.00000
124.91667
135.41667
150.33334
151.41667
155.16667
149.41667
146.58334
144.41667
148.33334
146.16667
132.50000
133.00000
127.91667
129.25000
127.16667
124.08334
122.41667
123.66667
122.66667
117.75000
124.66667
120.00000
119.91667
121.75000
111.66667
101.08334
101.41667
95.33334
88.66667
84.66667
77.41667
71.00000
63.91667
55.16667
57.25000
52.16667
45.16667
43.50000
48.91667
53.25000
61.83334
65.00000
67.33334
73.50000
76.50000
87.25000
87.91667
103.58334
103.25000
123.16667
139.00000
153.33334
155.25000
159.33334
157.16667
152.25000
147.00000
141.41667
148.16667
139.00000
135.33334
129.75000
117.50000
131.16667
120.50000
120.50000
111.16667
114.83334
111.41667
119.33334
109.33334
115.75000
121.41667
119.91667
116.16667
106.25000
90.91667
91.25000
83.50000
75.16667
68.91667
63.66667
57.33334
52.25000
49.50000
48.16667
41.83334
43.50000
43.66667
61.83334
62.33334
72.50000
71.08334
73.25000
94.50000
86.83334
95.75000
104.41667
118.16667
137.25000
148.33334
164.75000
161.58334
164.25000
162.91667
153.25000
149.41667
142.08334
144.33334
139.66667
121.25000
127.50000
113.83334
115.83334
112.75000
107.08334
101.00000
100.41667
95.58334
103.83334
102.75000
109.58334
101.00000
107.50000
111.50000
108.41667
85.08334
79.91667
75.66667
71.50000
73.50000
66.25000
56.41667
52.58334
43.66667
42.50000
41.08334
43.00000
41.16667
65.41667
63.50000
69.66667
75.83334
67.25000
92.75000
95.16667
102.83334
107.50000
127.25000
147.58334
156.58334
170.41667
171.33334
161.25000
172.41667
153.66667
159.08334
142.66667
143.58334
144.41667
129.33334
116.08334
116.25000
106.16667
105.66667
103.83334
88.16667
90.75000
81.16667
92.83334
86.66667
89.08334
91.66667
89.83334
100.41667
101.08334
86.00000
79.33334
79.50000
74.16667
65.33334
67.00000
62.83334
58.91667
45.00000
40.00000
40.41667
46.16667
41.75000
65.91667
65.66667
74.25000
79.08334
82.91667
91.83334
101.58334
101.66667
113.83334
134.25000
157.58334
168.91667
172.00000
174.58334
166.58334
162.41667
161.75000
149.41667
155.75000
135.66667
147.25000
127.58334
114.83334
109.41667
101.41667
86.66667
90.83334
83.75000
83.16667
77.58334
74.50000
68.08334
74.33334
82.83334
82.91667
84.08334
90.58334
87.16667
73.33334
70.83334
70.25000
62.58334
62.00000
60.33334
58.50000
55.00000
39.08334
37.25000
42.16667
41.91667
61.25000
70.25000
82.91667
78.41667
96.16667
96.08334
101.33334
103.33334
122.08334
142.75000
162.33334
176.41667
175.16667
175.66667
175.83334
156.25000
164.75000
148.33334
158.58334
143.08334
151.25000
137.58334
125.08334
109.91667
96.58334
85.41667
78.58334
76.50000
71.50000
76.33334
63.33334
59.41667
61.00000
68.83334
74.41667
79.16667
79.83334
82.66667
73.83334
63.00000
62.50000
63.50000
61.33334
59.33334
61.83334
57.41667
51.08334
41.08334
41.00000
42.58334
60.91667
66.91667
70.75000
84.00000
90.50000
96.58334
100.16667
96.66667
115.75000
146.75000
163.33334
167.33334
173.25000
181.75000
181.91667
181.33334
167.50000
167.16667
162.75000
152.08334
149.41667
152.58334
139.75000
121.16667
110.91667
96.58334
85.91667
76.33334
77.75000
73.58334
72.58334
62.75000
61.41667
58.91667
61.33334
66.83334
72.00000
72.33334
72.00000
56.25000
59.25000
64.75000
66.83334
64.66667
60.33334
61.58334
56.75000
48.91667
43.66667
40.25000
54.66667
68.25000
70.83334
92.08334
86.08334
91.50000
98.25000
98.41667
120.25000
154.41667
160.83334
170.33334
179.75000
187.25000
187.08334
191.41667
187.58334
186.75000
177.75000
170.83334
167.08334
163.58334
160.08334
147.75000
133.33334
126.00000
119.75000
104.00000
93.25000
84.58334
79.41667
69.33334
83.33334
66.75000
63.91667
61.91667
59.91667
61.00000
67.08334
64.66667
64.58334
67.00000
73.25000
70.91667
67.58334
66.25000
63.00000
55.75000
48.41667
39.16667
53.66667
76.58334
76.41667
101.16667
93.66667
97.08334
106.41667
102.75000
127.66667
158.75000
166.75000
172.83334
176.08334
184.66667
184.66667
191.00000
187.33334
188.91667
190.25000
194.58334
194.25000
191.91667
193.25000
182.83334
175.75000
164.25000
159.83334
156.91667
134.91667
122.91667
117.50000
102.41667
105.41667
99.08334
81.83334
69.25000
63.33334
67.58334
83.50000
80.00000
79.58334
87.50000
85.41667
82.16667
79.25000
77.08334
68.75000
60.08334
55.33334
48.75000
56.25000
83.00000
67.75000
103.25000
97.25000
105.41667
103.66667
101.41667
134.00000
156.33334
158.25000
159.66667
166.33334
174.33334
173.08334
178.33334
179.41667
187.58334
190.66667
195.00000
200.58334
201.25000
202.00000
202.58334
202.75000
195.75000
189.08334
189.16667
181.50000
168.83334
159.58334
148.66667
138.66667
142.41667
116.58334
93.75000
82.91667
72.25000
85.33334
98.00000
100.16667
100.08334
100.66667
91.75000
91.75000
84.50000
72.41667
63.41667
60.83334
58.91667
66.41667
79.25000
86.75000
109.00000
107.08334
104.91667
107.41667
116.33334
141.41667
143.41667
138.66667
141.16667
142.41667
151.08334
155.83334
155.25000
158.16667
168.66667
177.16667
179.00000
189.00000
190.75000
204.33334
218.41667
202.25000
209.33334
210.00000
207.08334
206.08334
195.83334
182.58334
180.75000
167.58334
168.16667
156.91667
133.50000
114.33334
94.33334
105.33334
113.58334
117.00000
115.33334
112.91667
107.50000
102.16667
103.91667
87.75000
70.83334
65.00000
65.66667
82.41667
88.33334
105.00000
104.66667
105.75000
106.25000
104.41667
117.16667
149.33334
149.66667
147.83334
157.66667
158.50000
152.33334
142.83334
128.58334
119.50000
123.08334
136.25000
146.16667
161.00000
187.25000
201.25000
197.16667
205.75000
206.00000
208.75000
208.50000
210.91667
198.25000
184.75000
176.08334
173.08334
165.83334
168.00000
152.58334
139.83334
120.41667
128.75000
122.66667
115.91667
115.50000
111.75000
114.08334
108.16667
113.16667
89.25000
73.75000
66.75000
72.83334
100.16667
93.75000
111.58334
108.50000
107.75000
104.16667
116.08334
122.33334
150.66667
156.33334
157.41667
149.75000
141.50000
139.50000
126.50000
119.00000
109.91667
95.41667
103.25000
129.66667
151.33334
166.41667
177.75000
189.16667
198.50000
200.58334
198.66667
197.33334
194.33334
190.33334
185.83334
173.16667
157.16667
148.41667
149.91667
152.83334
150.75000
156.91667
152.25000
143.91667
126.50000
111.58334
115.16667
113.58334
116.50000
116.08334
90.00000
78.25000
66.25000
74.83334
102.25000
88.66667
98.50000
112.08334
112.91667
123.83334
125.00000
146.41667
141.50000
150.66667
155.50000
145.25000
126.00000
127.08334
124.33334
104.25000
120.16667
91.25000
93.25000
95.00000
128.58334
145.16667
160.08334
184.41667
201.58334
201.08334
193.08334
186.33334
177.16667
171.75000
159.41667
149.00000
127.16667
109.25000
113.91667
125.41667
131.25000
134.50000
130.08334
124.33334
134.50000
131.33334
122.91667
116.25000
123.25000
117.33334
92.41667
81.41667
72.08334
79.75000
91.66667
91.25000
104.66667
120.75000
124.91667
137.16667
129.00000
153.75000
149.08334
146.41667
151.00000
150.50000
140.83334
138.41667
136.75000
123.91667
97.33334
112.75000
123.00000
139.08334
144.50000
154.08334
168.75000
164.66667
179.08334
189.33334
189.41667
169.75000
159.08334
155.33334
145.75000
125.66667
119.83334
107.16667
79.16667
87.66667
104.33334
130.50000
134.66667
143.08334
139.75000
136.50000
133.00000
131.08334
127.75000
124.50000
96.83334
87.25000
86.33334
81.66667
90.08334
100.50000
110.41667
118.08334
121.75000
118.58334
128.33334
153.25000
162.75000
162.91667
166.41667
166.50000
164.25000
173.16667
169.33334
154.33334
139.66667
149.91667
153.08334
160.83334
164.16667
158.75000
152.50000
155.50000
170.08334
174.25000
167.58334
147.33334
145.33334
135.83334
146.25000
134.25000
125.83334
111.33334
97.25000
100.16667
108.91667
105.91667
126.00000
141.58334
144.41667
151.08334
149.83334
141.25000
148.41667
129.16667
94.75000
93.66667
91.41667
82.91667
89.08334
102.08334
113.66667
92.91667
108.00000
129.00000
131.50000
159.16667
168.16667
174.00000
174.50000
177.25000
170.66667
167.91667
168.33334
176.75000
172.16667
179.58334
173.16667
174.25000
174.75000
158.66667
148.75000
165.16667
171.00000
173.58334
169.16667
151.16667
143.08334
129.16667
138.16667
139.91667
151.75000
143.66667
118.83334
109.91667
112.33334
116.50000
131.33334
121.00000
131.75000
143.08334
139.91667
129.66667
134.58334
141.58334
104.00000
95.66667
95.33334
91.25000
100.66667
106.58334
112.25000
89.33334
107.00000
136.00000
134.25000
161.25000
173.41667
179.25000
177.75000
177.00000
184.66667
186.41667
176.91667
177.75000
183.75000
184.08334
187.25000
182.25000
172.50000
156.33334
161.16667
172.50000
173.83334
178.83334
175.00000
157.33334
151.83334
143.25000
154.08334
154.50000
159.41667
159.25000
141.50000
142.66667
137.00000
141.25000
152.08334
145.25000
151.16667
143.83334
142.75000
139.75000
130.66667
135.00000
112.25000
96.41667
100.41667
98.83334
99.83334
101.58334
109.75000
104.41667
121.50000
136.41667
138.58334
160.08334
173.58334
179.83334
185.08334
186.91667
192.58334
194.66667
196.91667
197.08334
197.00000
195.66667
193.16667
186.33334
176.25000
163.50000
168.16667
171.00000
177.25000
181.25000
176.50000
160.75000
153.41667
148.58334
148.41667
155.00000
164.75000
169.58334
159.58334
161.83334
163.75000
157.83334
152.08334
153.33334
154.66667
154.41667
151.83334
146.58334
139.33334
140.91667
115.75000
94.33334
109.00000
108.33334
76.66667
92.83334
116.50000
113.16667
125.50000
137.50000
144.58334
164.41667
172.33334
181.50000
188.33334
190.83334
193.41667
196.00000
196.91667
197.91667
197.08334
197.16667
193.91667
186.25000
174.50000
161.83334
168.91667
174.50000
182.50000
183.41667
178.00000
162.66667
151.75000
155.16667
158.00000
163.00000
171.75000
174.58334
172.41667
172.33334
169.41667
170.00000
169.91667
167.08334
161.33334
158.75000
156.00000
152.41667
146.25000
141.83334
124.58334
95.41667
118.08334
114.08334
80.58334
104.08334
123.58334
115.91667
127.91667
132.50000
146.58334
168.91667
177.50000
181.75000
189.50000
193.16667
196.08334
198.41667
201.58334
205.33334
205.50000
201.58334
194.75000
186.33334
173.16667
166.91667
172.75000
179.33334
187.50000
188.08334
182.16667
165.58334
154.83334
155.00000
161.16667
168.83334
175.75000
178.75000
187.00000
183.50000
182.75000
183.83334
173.33334
173.83334
170.41667
165.83334
162.91667
150.66667
146.58334
147.08334
125.08334
98.41667
127.08334
119.58334
84.08334
109.08334
121.91667
124.83334
128.25000
134.83334
154.16667
169.16667
181.50000
187.16667
194.00000
195.25000
198.16667
202.08334
205.50000
206.50000
203.91667
199.83334
196.91667
185.75000
170.75000
170.50000
176.50000
184.33334
193.50000
195.25000
186.33334
170.83334
158.00000
155.58334
162.25000
171.75000
178.91667
185.33334
186.75000
190.83334
190.41667
186.91667
184.00000
177.83334
174.58334
173.33334
167.41667
149.91667
150.66667
146.16667
120.66667
99.91667
134.75000
122.41667
87.33334
91.58334
117.91667
124.41667
121.08334
136.50000
155.50000
169.08334
182.25000
190.08334
197.58334
201.91667
201.83334
206.08334
206.83334
208.08334
205.58334
204.08334
198.08334
182.08334
172.66667
170.58334
178.08334
189.00000
197.41667
199.41667
190.66667
174.41667
160.16667
155.25000
158.91667
172.33334
180.33334
187.33334
193.75000
193.25000
193.16667
192.16667
187.33334
181.75000
175.75000
175.50000
168.58334
151.00000
155.66667
136.50000
121.58334
102.75000
135.08334
121.50000
85.83334
82.33334
105.66667
114.41667
121.41667
142.25000
155.75000
171.75000
183.66667
193.91667
201.50000
204.41667
207.00000
207.66667
209.25000
209.58334
210.33334
206.83334
197.33334
176.83334
169.75000
162.91667
169.41667
189.75000
198.50000
197.00000
186.75000
170.33334
156.16667
155.08334
163.83334
172.58334
179.66667
187.83334
194.33334
196.83334
196.16667
193.00000
189.91667
184.66667
180.66667
175.91667
171.58334
162.66667
147.25000
128.33334
113.16667
111.16667
132.00000
114.00000
70.16667
76.16667
96.33334
103.83334
119.50000
145.41667
156.00000
170.83334
183.91667
193.41667
201.16667
206.50000
208.16667
210.41667
211.58334
212.41667
209.83334
203.58334
187.25000
168.16667
169.08334
164.91667
173.25000
191.83334
201.33334
197.91667
177.16667
149.75000
145.58334
155.25000
162.08334
175.66667
180.83334
190.50000
196.91667
199.25000
198.50000
195.58334
193.00000
187.66667
180.91667
175.33334
170.66667
160.08334
148.16667
130.41667
113.33334
119.08334
128.00000
113.75000
58.58334
69.83334
82.66667
93.41667
117.00000
145.25000
158.08334
170.41667
182.00000
191.83334
199.08334
204.16667
207.66667
208.83334
209.66667
208.75000
204.58334
197.58334
186.91667
161.16667
160.08334
168.83334
176.83334
184.08334
184.33334
180.25000
167.41667
144.50000
136.58334
145.33334
154.00000
175.83334
180.16667
187.41667
199.08334
201.41667
202.00000
198.08334
194.66667
186.83334
181.25000
175.08334
167.16667
159.25000
149.50000
128.83334
118.66667
125.16667
126.91667
124.33334
58.25000
65.66667
71.58334
92.41667
105.50000
134.91667
159.08334
170.25000
181.41667
190.75000
198.66667
204.50000
205.58334
206.58334
206.58334
205.00000
203.41667
198.58334
180.75000
158.25000
148.83334
148.75000
153.08334
169.58334
172.66667
164.00000
145.91667
128.66667
131.58334
140.50000
155.50000
177.83334
183.00000
189.41667
200.75000
201.33334
200.58334
197.25000
193.75000
185.50000
180.66667
172.83334
163.83334
157.08334
147.00000
127.16667
127.75000
145.66667
131.08334
132.58334
52.41667
60.41667
71.41667
84.83334
99.66667
128.66667
160.00000
170.25000
179.33334
187.50000
194.16667
201.91667
203.75000
205.50000
206.33334
205.75000
201.00000
194.58334
181.50000
170.41667
158.08334
160.25000
160.41667
156.08334
148.83334
142.33334
139.83334
139.83334
133.50000
143.66667
163.66667
179.66667
186.08334
195.58334
201.08334
203.00000
200.91667
200.33334
195.83334
186.00000
178.58334
169.50000
160.66667
154.33334
144.91667
134.58334
140.75000
141.83334
129.83334
132.16667
43.00000
49.25000
69.83334
83.00000
104.50000
125.66667
158.08334
169.91667
176.91667
185.16667
192.91667
197.75000
201.58334
203.33334
203.66667
202.08334
198.25000
193.50000
184.58334
174.33334
169.16667
167.16667
171.00000
170.75000
173.41667
173.16667
160.50000
148.41667
145.91667
157.83334
174.91667
186.16667
194.75000
197.91667
199.83334
202.41667
198.16667
195.08334
191.50000
182.08334
174.41667
168.16667
156.41667
148.25000
144.66667
136.91667
137.91667
130.16667
129.83334
131.08334
42.16667
45.00000
69.75000
79.41667
103.00000
131.16667
155.50000
169.33334
177.41667
183.75000
191.00000
195.66667
197.75000
200.00000
198.25000
198.16667
195.16667
189.58334
186.33334
184.25000
182.50000
180.91667
180.75000
183.33334
180.83334
177.33334
176.41667
176.50000
175.00000
177.00000
183.50000
189.50000
193.00000
197.66667
196.58334
200.08334
199.08334
192.50000
187.00000
179.66667
172.75000
165.16667
153.50000
146.66667
140.58334
132.75000
135.66667
144.16667
150.50000
137.33334
44.00000
43.25000
68.16667
78.75000
93.66667
121.08334
148.25000
166.50000
174.83334
181.83334
190.16667
195.00000
196.50000
195.25000
189.00000
189.83334
188.58334
188.08334
187.50000
187.08334
189.41667
189.50000
191.25000
192.41667
194.58334
193.08334
189.83334
184.33334
181.50000
180.25000
180.83334
184.41667
190.50000
194.50000
188.00000
194.41667
194.50000
187.91667
181.33334
174.08334
167.91667
161.41667
155.50000
147.41667
135.50000
132.00000
139.83334
149.75000
151.50000
146.25000
40.91667
44.33334
61.16667
76.25000
90.91667
111.00000
143.50000
165.33334
172.16667
179.08334
188.00000
190.75000
193.41667
189.75000
183.91667
177.66667
178.66667
177.33334
183.08334
185.58334
189.83334
193.41667
196.41667
198.58334
198.08334
199.58334
195.16667
189.33334
183.50000
181.33334
181.75000
181.58334
183.66667
189.00000
185.91667
189.66667
189.08334
182.66667
177.00000
172.33334
165.58334
155.66667
155.25000
155.91667
143.58334
146.66667
156.08334
160.25000
164.91667
161.83334
40.66667
43.16667
60.00000
72.00000
84.83334
104.00000
138.50000
163.83334
171.33334
177.33334
185.58334
189.75000
193.50000
189.16667
183.75000
172.58334
170.41667
172.41667
176.83334
179.08334
183.16667
188.58334
189.50000
191.16667
195.50000
194.25000
191.25000
186.58334
179.83334
180.16667
180.33334
180.66667
173.00000
173.75000
179.50000
184.41667
181.75000
175.16667
172.41667
169.91667
163.41667
156.83334
160.16667
161.83334
147.33334
151.33334
151.16667
155.41667
156.25000
151.83334
39.33334
42.75000
60.00000
62.75000
80.08334
101.33334
131.00000
162.16667
169.58334
173.75000
182.16667
189.75000
191.91667
187.66667
178.50000
170.58334
162.58334
161.66667
159.25000
164.91667
173.91667
182.00000
189.08334
192.08334
191.33334
191.08334
191.50000
187.91667
184.16667
174.66667
168.50000
162.00000
158.41667
154.83334
162.41667
174.91667
175.83334
173.33334
170.41667
167.58334
162.50000
161.75000
154.25000
150.75000
144.08334
150.08334
157.75000
153.66667
161.66667
146.33334
37.16667
41.33334
58.66667
60.25000
72.83334
93.66667
115.66667
155.33334
167.91667
172.25000
178.58334
190.33334
194.08334
193.41667
182.75000
177.50000
172.58334
164.66667
162.75000
161.41667
162.50000
163.66667
170.66667
174.33334
176.58334
174.08334
171.66667
166.83334
159.41667
155.66667
150.41667
151.66667
158.00000
160.33334
164.75000
174.75000
180.50000
177.66667
170.75000
166.75000
157.83334
160.16667
156.25000
152.16667
152.41667
154.25000
166.58334
168.83334
171.16667
173.33334
35.66667
38.83334
56.75000
59.91667
69.00000
84.66667
98.41667
141.91667
165.50000
170.33334
175.66667
185.33334
195.08334
195.33334
191.91667
189.08334
179.00000
169.66667
164.16667
164.50000
169.08334
172.41667
172.91667
168.75000
161.83334
154.58334
149.25000
143.58334
143.08334
147.58334
147.66667
148.75000
159.00000
164.08334
164.75000
179.91667
183.41667
178.75000
171.41667
164.16667
155.58334
161.33334
163.08334
160.58334
143.08334
159.25000
172.25000
158.25000
162.25000
157.91667
35.91667
38.75000
54.16667
60.66667
66.91667
82.75000
96.58334
123.66667
161.08334
170.00000
172.08334
182.00000
191.16667
193.41667
197.16667
195.33334
189.41667
179.58334
174.75000
172.16667
168.66667
167.91667
169.66667
169.00000
168.50000
164.50000
158.75000
151.25000
140.41667
140.16667
145.16667
152.33334
163.08334
175.66667
184.41667
187.00000
184.33334
177.91667
168.75000
160.25000
160.41667
152.75000
163.50000
155.00000
131.83334
164.50000
166.66667
157.91667
153.25000
158.91667
36.08334
39.66667
53.16667
61.16667
65.50000
80.08334
97.33334
110.91667
152.16667
165.16667
169.58334
176.33334
185.16667
190.16667
195.16667
197.16667
193.25000
183.83334
181.16667
179.16667
178.25000
181.91667
184.83334
183.75000
182.50000
181.33334
180.25000
175.58334
168.33334
165.66667
167.58334
174.08334
181.00000
189.91667
191.50000
189.25000
184.00000
176.16667
165.58334
153.58334
157.41667
160.66667
170.08334
151.91667
141.00000
160.58334
180.91667
185.00000
178.16667
153.33334
36.58334
39.33334
53.66667
59.33334
68.41667
79.66667
99.58334
104.41667
134.50000
159.50000
168.08334
174.41667
180.00000
184.66667
191.41667
194.25000
196.50000
191.41667
184.00000
183.58334
182.25000
183.00000
184.41667
182.08334
182.33334
181.41667
179.83334
177.83334
176.58334
175.91667
179.66667
184.58334
188.16667
192.08334
190.50000
185.08334
178.91667
171.33334
160.25000
160.50000
155.25000
164.66667
161.50000
155.16667
155.00000
156.91667
172.50000
168.58334
191.58334
178.91667
35.91667
38.91667
53.08334
59.00000
70.91667
81.33334
96.83334
104.91667
123.50000
152.16667
163.41667
169.50000
176.91667
182.00000
185.75000
190.66667
195.16667
189.91667
191.33334
189.33334
183.91667
182.00000
182.91667
181.83334
180.91667
180.66667
180.91667
179.50000
179.41667
181.41667
182.83334
187.16667
191.41667
191.08334
185.25000
178.83334
172.58334
167.25000
151.25000
155.58334
162.91667
163.33334
150.16667
145.83334
170.08334
166.83334
173.83334
168.41667
175.41667
163.25000
35.16667
43.91667
53.41667
60.91667
70.33334
81.91667
98.58334
104.08334
121.75000
135.25000
156.50000
165.33334
174.08334
179.66667
183.66667
187.66667
190.50000
192.16667
192.41667
194.16667
190.33334
186.58334
182.58334
180.75000
182.50000
182.66667
182.00000
182.66667
182.41667
183.58334
185.91667
189.41667
187.91667
186.08334
179.66667
174.00000
169.75000
157.33334
149.75000
159.33334
161.50000
166.50000
166.91667
130.83334
167.75000
189.16667
165.25000
187.08334
153.50000
151.66667
35.00000
46.08334
53.08334
60.83334
70.75000
79.75000
100.00000
102.25000
120.66667
123.58334
151.16667
158.91667
168.41667
175.08334
180.41667
186.16667
189.33334
191.08334
194.33334
195.83334
194.75000
195.50000
192.58334
193.00000
191.41667
190.75000
190.25000
189.16667
186.66667
186.66667
187.58334
188.66667
183.50000
176.83334
173.66667
171.00000
163.41667
159.75000
154.83334
160.50000
172.83334
163.41667
154.91667
153.25000
155.41667
158.75000
153.66667
193.00000
154.66667
154.83334
35.66667
46.00000
53.58334
62.08334
73.66667
81.00000
101.25000
103.58334
118.91667
121.08334
144.66667
152.50000
160.33334
172.25000
178.08334
183.41667
187.58334
190.00000
194.91667
197.83334
199.66667
200.08334
198.91667
198.08334
196.91667
196.25000
196.33334
194.58334
194.25000
191.91667
190.08334
185.16667
177.66667
170.75000
170.33334
164.91667
154.83334
155.91667
153.91667
163.00000
167.58334
150.75000
140.50000
165.00000
160.50000
155.50000
156.66667
174.66667
157.75000
170.91667
35.83334
48.66667
53.25000
61.75000
75.50000
85.41667
101.83334
103.50000
119.58334
121.25000
138.00000
149.91667
154.41667
163.50000
171.91667
178.58334
181.66667
186.91667
193.00000
197.08334
200.00000
201.83334
201.50000
202.08334
201.75000
199.91667
200.41667
198.16667
194.16667
191.00000
186.00000
177.91667
171.50000
168.16667
165.08334
157.16667
151.50000
147.83334
145.83334
163.08334
177.33334
133.83334
124.16667
167.75000
171.91667
163.83334
157.83334
155.58334
159.25000
171.91667
36.16667
48.83334
53.66667
65.50000
75.58334
87.50000
104.41667
105.58334
120.75000
121.16667
138.33334
144.25000
150.66667
154.16667
162.41667
173.50000
177.83334
182.91667
188.25000
193.91667
196.58334
202.33334
201.66667
201.08334
200.25000
198.33334
197.08334
192.50000
190.91667
185.66667
179.75000
172.08334
166.08334
164.16667
157.25000
153.75000
151.75000
151.75000
147.33334
171.50000
167.41667
116.58334
129.33334
156.91667
151.08334
148.33334
180.33334
155.75000
165.00000
178.91667
35.50000
49.50000
55.41667
71.91667
76.66667
89.41667
105.91667
108.66667
121.83334
123.83334
137.50000
147.16667
150.41667
149.91667
152.91667
161.16667
170.58334
176.83334
184.75000
188.83334
192.33334
197.00000
197.58334
197.75000
195.33334
194.33334
191.41667
188.16667
185.66667
179.58334
174.00000
168.00000
161.25000
155.00000
153.08334
153.66667
146.33334
143.75000
157.66667
174.83334
153.83334
115.50000
136.58334
151.66667
157.83334
157.91667
159.66667
146.25000
165.75000
182.83334
