75.83334
67.25000
71.25000
69.00000
69.58334
65.41667
65.41667
60.91667
55.75000
56.25000
77.50000
112.75000
136.66667
160.08334
172.91667
182.75000
190.25000
197.83334
204.75000
206.33334
209.00000
210.66667
211.66667
212.91667
212.91667
212.33334
211.83334
210.83334
209.41667
208.33334
203.91667
199.58334
194.75000
189.58334
184.91667
183.41667
185.00000
177.50000
163.50000
150.50000
121.16667
100.33334
83.41667
69.25000
68.66667
86.41667
93.58334
105.91667
123.50000
147.25000
66.41667
68.08334
70.25000
68.33334
69.33334
64.66667
61.25000
56.41667
53.00000
66.00000
97.91667
127.16667
153.16667
171.25000
182.50000
192.75000
197.08334
206.66667
208.08334
211.91667
212.41667
213.25000
216.25000
216.91667
217.50000
217.83334
217.25000
215.33334
215.33334
213.58334
210.00000
202.33334
198.08334
192.91667
189.33334
185.83334
184.41667
181.66667
172.58334
157.58334
133.41667
112.50000
87.41667
74.25000
70.16667
80.33334
94.75000
90.00000
130.00000
143.75000
65.66667
68.75000
68.41667
67.83334
63.00000
61.25000
59.33334
55.66667
59.66667
79.75000
116.16667
141.16667
167.58334
179.08334
193.08334
197.41667
205.50000
209.58334
212.16667
214.83334
217.00000
218.25000
219.58334
221.16667
220.41667
221.58334
222.08334
221.50000
219.66667
219.16667
214.75000
207.25000
200.16667
195.41667
193.16667
188.25000
185.25000
184.33334
177.83334
166.58334
144.58334
121.08334
95.25000
75.58334
68.83334
75.83334
79.83334
85.08334
106.08334
132.25000
67.08334
67.25000
67.33334
68.25000
64.58334
61.91667
55.33334
55.83334
64.16667
98.58334
131.08334
153.08334
177.83334
190.00000
198.00000
203.58334
209.08334
213.00000
215.66667
218.16667
220.16667
222.00000
222.08334
222.75000
224.33334
224.41667
224.16667
224.50000
223.75000
221.91667
214.83334
209.41667
203.16667
200.08334
196.91667
192.16667
186.83334
186.00000
180.33334
170.25000
153.16667
129.16667
105.91667
79.25000
69.08334
67.16667
78.16667
71.66667
101.25000
122.75000
66.91667
68.16667
66.58334
65.08334
62.75000
62.50000
54.75000
58.50000
73.91667
114.16667
139.91667
168.00000
187.50000
193.08334
199.16667
207.25000
210.58334
216.16667
218.58334
220.91667
221.91667
222.83334
223.66667
225.16667
224.16667
223.75000
225.16667
224.91667
224.50000
221.75000
215.75000
214.00000
205.41667
202.50000
199.66667
197.25000
192.08334
186.91667
180.58334
173.75000
156.41667
134.33334
108.50000
84.91667
70.50000
63.83334
73.83334
71.33334
87.16667
114.00000
63.91667
66.83334
63.25000
62.16667
62.66667
56.83334
55.41667
59.08334
87.00000
124.58334
149.25000
179.50000
191.25000
195.66667
205.25000
210.33334
213.66667
217.58334
219.83334
222.58334
223.08334
225.00000
224.08334
226.00000
224.91667
225.00000
225.50000
225.75000
226.75000
224.08334
216.83334
213.33334
209.08334
205.33334
202.16667
200.41667
195.33334
190.33334
182.50000
176.50000
161.41667
134.66667
111.66667
86.58334
69.66667
67.00000
71.16667
73.08334
80.58334
115.00000
62.08334
65.16667
65.83334
57.33334
58.50000
55.91667
54.00000
64.83334
104.16667
131.16667
161.08334
189.25000
195.41667
203.16667
206.58334
212.16667
215.83334
218.66667
221.66667
222.08334
223.25000
226.16667
226.08334
226.00000
226.00000
226.08334
224.50000
225.66667
227.16667
225.00000
220.50000
217.41667
212.66667
208.66667
204.91667
201.00000
197.75000
193.41667
185.75000
177.75000
168.83334
142.83334
113.33334
89.83334
67.33334
61.50000
65.50000
71.58334
72.08334
99.83334
63.08334
61.25000
61.16667
62.16667
54.00000
54.41667
56.41667
70.66667
115.25000
139.83334
172.50000
191.08334
200.33334
205.33334
210.25000
213.33334
217.00000
220.08334
222.00000
225.50000
225.16667
226.41667
227.25000
226.83334
227.25000
226.83334
226.83334
227.33334
228.08334
226.33334
226.41667
224.16667
218.83334
214.66667
208.33334
204.66667
201.50000
193.75000
189.00000
183.25000
172.16667
149.83334
119.58334
91.75000
71.83334
57.83334
59.75000
67.83334
67.41667
87.75000
61.08334
61.50000
59.41667
59.41667
53.58334
53.83334
59.00000
84.00000
123.50000
146.83334
183.16667
192.91667
202.75000
205.50000
211.00000
216.08334
219.66667
222.75000
224.75000
225.50000
227.66667
229.75000
229.91667
228.41667
229.00000
229.66667
229.50000
231.91667
233.33334
232.75000
233.00000
230.16667
224.58334
218.91667
212.41667
203.00000
196.33334
195.91667
188.25000
185.00000
176.00000
166.25000
126.50000
100.08334
76.75000
60.16667
56.75000
70.75000
66.91667
75.41667
62.91667
58.91667
58.58334
52.91667
56.16667
50.66667
61.83334
96.41667
129.75000
153.41667
186.16667
197.41667
202.08334
206.83334
213.08334
217.75000
222.91667
225.08334
227.50000
229.50000
229.41667
230.91667
231.16667
231.41667
231.66667
231.66667
232.58334
231.00000
227.75000
220.66667
217.50000
216.08334
215.25000
211.08334
207.83334
198.41667
195.41667
195.08334
188.83334
182.66667
178.00000
168.25000
135.16667
112.33334
84.66667
66.00000
51.41667
67.41667
69.66667
68.66667
57.08334
57.41667
55.25000
51.66667
51.25000
51.50000
67.33334
107.58334
133.50000
161.08334
188.16667
196.58334
199.00000
204.75000
211.50000
215.58334
218.58334
220.25000
223.25000
225.08334
225.50000
229.41667
229.08334
231.33334
232.16667
231.08334
228.75000
225.08334
219.66667
210.83334
202.00000
199.83334
200.58334
205.83334
208.33334
210.91667
202.83334
195.50000
186.00000
180.00000
176.58334
173.41667
139.66667
123.41667
93.83334
71.66667
56.16667
65.50000
69.58334
69.00000
52.08334
56.58334
54.08334
51.75000
49.83334
56.50000
75.66667
114.75000
138.50000
166.50000
187.75000
192.75000
200.00000
206.25000
208.16667
211.50000
207.75000
209.41667
212.50000
216.58334
218.58334
224.83334
227.00000
228.83334
230.08334
229.25000
226.16667
223.25000
216.75000
212.41667
209.16667
208.66667
213.41667
217.83334
218.50000
217.91667
213.66667
201.50000
187.75000
179.00000
176.41667
174.91667
146.00000
131.16667
105.75000
76.50000
59.83334
64.00000
68.16667
71.75000
50.91667
55.08334
49.08334
50.83334
48.75000
57.66667
81.16667
120.08334
139.00000
169.41667
185.08334
192.16667
202.25000
205.75000
204.33334
201.58334
201.50000
206.16667
206.25000
211.16667
214.75000
221.41667
224.16667
226.66667
226.00000
227.58334
224.75000
221.08334
217.25000
213.83334
212.08334
214.75000
215.33334
217.58334
219.16667
220.58334
215.25000
206.91667
197.83334
187.33334
173.66667
174.16667
152.33334
132.08334
114.75000
83.91667
57.25000
68.83334
66.91667
70.58334
53.58334
54.41667
45.83334
50.75000
46.16667
60.41667
88.50000
124.50000
144.50000
169.75000
190.75000
199.58334
202.91667
205.41667
204.33334
207.16667
207.58334
206.75000
208.08334
210.16667
213.75000
218.66667
220.66667
225.08334
224.41667
224.91667
223.00000
219.00000
215.58334
212.58334
214.16667
216.00000
218.33334
218.91667
218.83334
219.66667
215.91667
206.75000
203.08334
195.50000
179.75000
170.66667
156.58334
132.83334
117.00000
90.75000
58.58334
62.25000
68.41667
66.75000
53.16667
50.50000
43.66667
45.91667
48.08334
65.91667
96.00000
133.16667
147.66667
174.25000
198.41667
205.75000
210.25000
212.58334
213.00000
212.66667
210.16667
210.33334
210.00000
210.16667
212.66667
214.66667
219.50000
223.25000
223.91667
224.25000
221.33334
216.83334
212.66667
213.16667
215.33334
215.25000
217.50000
220.25000
221.00000
221.00000
212.91667
203.41667
198.50000
194.25000
184.58334
175.08334
159.83334
139.58334
121.50000
95.75000
59.50000
53.33334
73.83334
60.75000
51.83334
49.50000
42.58334
46.83334
49.25000
71.66667
105.58334
140.91667
152.41667
186.25000
201.58334
207.50000
211.16667
214.41667
214.83334
214.33334
215.00000
213.75000
211.58334
208.00000
210.25000
212.50000
218.75000
224.08334
225.33334
224.25000
218.41667
214.75000
208.50000
211.83334
212.41667
209.16667
212.41667
212.83334
218.33334
218.41667
212.00000
205.33334
197.58334
192.00000
188.66667
184.08334
166.16667
135.08334
122.66667
99.75000
57.75000
49.66667
74.00000
65.33334
51.83334
45.00000
44.58334
48.33334
51.16667
79.00000
115.58334
143.33334
153.83334
195.58334
200.91667
204.91667
209.25000
210.83334
212.50000
213.50000
213.91667
210.91667
209.00000
205.08334
204.16667
210.33334
214.41667
222.00000
223.58334
222.83334
217.16667
208.41667
201.25000
202.33334
197.08334
189.41667
175.91667
166.91667
177.08334
185.33334
188.00000
197.75000
194.08334
189.00000
189.91667
182.25000
164.16667
148.75000
141.83334
105.91667
57.50000
51.41667
71.91667
70.00000
54.66667
42.83334
43.75000
50.25000
57.08334
82.83334
124.75000
145.83334
158.00000
193.91667
197.33334
196.08334
200.00000
198.50000
194.91667
186.91667
193.58334
186.50000
184.66667
192.83334
197.25000
196.66667
192.83334
204.66667
220.08334
211.75000
210.33334
202.66667
191.50000
175.50000
167.50000
148.83334
111.41667
102.58334
102.33334
133.16667
145.58334
151.00000
168.00000
177.16667
191.75000
184.25000
177.66667
159.66667
142.66667
109.91667
67.75000
56.41667
70.33334
74.08334
50.83334
42.66667
47.83334
47.75000
63.16667
94.83334
131.83334
143.16667
165.08334
189.83334
187.66667
177.08334
164.50000
162.50000
155.83334
148.58334
147.08334
139.16667
177.50000
167.08334
177.16667
182.41667
189.16667
202.33334
215.66667
213.75000
207.83334
197.50000
195.50000
176.00000
171.50000
183.00000
153.33334
119.75000
130.41667
176.41667
181.50000
168.66667
172.41667
176.75000
185.41667
191.66667
177.75000
161.16667
141.33334
119.91667
82.75000
63.91667
70.91667
77.83334
46.00000
40.75000
48.66667
49.91667
69.75000
99.66667
136.75000
152.83334
170.08334
186.83334
177.41667
158.50000
156.58334
155.33334
123.25000
109.00000
118.75000
173.58334
166.41667
171.58334
190.16667
184.16667
186.75000
206.08334
211.58334
204.66667
193.66667
193.41667
193.00000
196.66667
189.50000
191.16667
191.66667
192.08334
196.66667
197.83334
190.75000
191.16667
187.00000
197.08334
194.33334
195.58334
194.16667
159.00000
137.50000
133.33334
94.16667
75.50000
91.16667
80.75000
44.58334
42.83334
47.08334
50.33334
68.83334
100.66667
143.75000
157.33334
175.41667
174.16667
169.33334
156.91667
168.00000
166.66667
140.75000
132.25000
156.00000
192.66667
178.83334
189.75000
193.00000
190.50000
188.58334
197.58334
201.75000
207.16667
198.91667
186.00000
182.16667
196.00000
198.66667
197.58334
196.41667
206.66667
206.00000
195.66667
195.58334
207.25000
200.16667
200.58334
196.00000
185.50000
192.08334
165.16667
152.75000
143.83334
112.33334
81.25000
102.83334
93.41667
42.33334
44.83334
45.33334
51.41667
58.83334
80.00000
133.91667
150.66667
177.25000
182.50000
180.25000
179.83334
185.33334
190.25000
177.91667
181.41667
185.00000
189.91667
190.83334
189.08334
182.66667
171.83334
174.75000
199.66667
206.83334
207.50000
194.00000
179.08334
177.33334
191.33334
204.41667
206.66667
210.00000
212.91667
218.33334
219.83334
219.75000
213.66667
214.91667
209.16667
201.91667
198.58334
194.75000
178.66667
155.41667
153.33334
123.08334
96.16667
110.66667
110.91667
46.33334
45.25000
46.25000
61.08334
76.25000
89.50000
130.75000
160.50000
187.25000
190.41667
192.83334
193.08334
196.58334
197.91667
197.83334
199.75000
196.33334
196.41667
196.25000
194.41667
184.58334
163.33334
181.08334
199.75000
210.41667
213.33334
200.91667
199.91667
186.41667
202.58334
215.00000
215.91667
215.33334
217.75000
218.16667
221.08334
219.25000
222.08334
221.16667
214.00000
209.08334
207.75000
206.16667
179.91667
168.16667
151.83334
120.16667
117.33334
127.50000
131.66667
49.50000
46.75000
51.41667
59.08334
88.83334
117.25000
150.58334
160.16667
188.66667
179.08334
185.16667
197.08334
206.41667
207.00000
203.91667
210.25000
210.75000
210.00000
206.83334
201.00000
182.00000
185.66667
194.91667
207.66667
213.91667
216.58334
213.75000
206.16667
201.83334
202.41667
211.83334
218.75000
220.25000
221.00000
217.91667
223.00000
228.41667
225.08334
219.91667
218.91667
212.50000
219.16667
205.83334
189.58334
171.00000
155.66667
132.25000
130.91667
133.83334
142.91667
48.08334
44.50000
54.08334
69.75000
87.16667
109.91667
144.33334
164.25000
190.66667
199.08334
192.91667
199.25000
213.91667
215.08334
212.66667
218.16667
217.08334
212.33334
209.41667
209.75000
193.25000
198.75000
204.50000
214.91667
218.75000
219.66667
216.16667
214.75000
211.41667
212.25000
213.08334
208.41667
208.16667
213.83334
215.66667
218.00000
218.16667
223.41667
223.91667
221.66667
221.50000
219.25000
206.91667
185.91667
173.83334
156.83334
136.41667
132.08334
136.50000
152.58334
46.91667
51.08334
60.50000
66.58334
82.25000
107.33334
141.41667
176.00000
187.33334
202.83334
208.91667
208.25000
217.41667
218.66667
215.91667
219.75000
220.25000
220.58334
213.91667
209.50000
205.08334
209.66667
209.75000
216.83334
220.50000
222.58334
216.25000
217.25000
215.50000
220.00000
222.50000
224.58334
223.25000
225.16667
227.16667
226.08334
228.50000
229.41667
231.41667
228.91667
223.41667
218.41667
205.66667
183.33334
172.75000
158.33334
128.58334
132.83334
138.83334
159.08334
51.33334
54.50000
63.33334
61.58334
76.83334
106.91667
144.75000
178.16667
199.91667
200.91667
210.41667
217.00000
221.00000
220.83334
216.00000
220.25000
217.58334
215.16667
212.58334
214.75000
208.91667
210.41667
211.16667
215.58334
220.66667
223.00000
218.83334
214.58334
214.50000
214.58334
221.00000
226.91667
228.83334
228.58334
232.08334
232.75000
235.91667
236.08334
233.66667
230.16667
222.66667
215.66667
200.33334
180.08334
164.58334
144.16667
135.00000
139.83334
144.58334
146.58334
55.83334
62.08334
62.33334
64.58334
74.00000
101.16667
134.58334
178.08334
201.91667
208.83334
214.83334
219.16667
222.66667
221.33334
219.16667
222.33334
220.83334
217.83334
218.00000
216.08334
210.41667
209.00000
207.33334
212.91667
218.58334
223.50000
216.25000
214.83334
215.33334
214.08334
214.25000
224.33334
231.66667
234.91667
234.66667
236.00000
237.66667
235.50000
233.16667
227.91667
220.41667
213.58334
194.16667
167.00000
154.58334
145.91667
141.58334
132.75000
153.25000
142.00000
53.58334
65.91667
65.25000
64.50000
69.75000
98.75000
124.33334
175.66667
201.91667
206.25000
213.16667
221.50000
227.08334
228.16667
223.66667
223.75000
219.75000
223.66667
223.75000
217.08334
206.08334
204.41667
204.16667
210.16667
217.25000
222.33334
216.00000
212.66667
213.41667
208.25000
208.00000
218.33334
224.75000
232.58334
236.41667
236.25000
235.41667
234.75000
230.25000
225.91667
217.50000
209.50000
186.25000
169.50000
152.25000
150.41667
142.16667
129.50000
148.16667
136.08334
64.41667
64.25000
66.41667
71.50000
73.33334
89.00000
114.00000
171.66667
199.00000
206.50000
214.66667
221.33334
226.08334
228.41667
227.66667
228.41667
226.08334
225.91667
228.50000
220.50000
203.66667
198.16667
190.75000
207.00000
218.25000
219.83334
215.08334
190.75000
197.75000
207.58334
196.66667
210.08334
221.75000
228.16667
235.25000
233.08334
232.91667
231.16667
227.00000
223.25000
214.41667
206.25000
178.58334
170.08334
152.00000
145.75000
127.25000
123.33334
142.33334
130.91667
70.58334
63.66667
69.66667
66.25000
84.50000
86.25000
107.66667
162.58334
196.25000
201.66667
212.83334
218.83334
223.25000
225.50000
227.91667
227.00000
226.08334
224.75000
224.33334
213.33334
201.75000
204.41667
202.91667
203.25000
205.33334
206.75000
209.83334
196.33334
195.08334
196.33334
188.50000
203.33334
217.83334
223.66667
230.16667
230.58334
229.25000
229.16667
227.41667
220.75000
211.00000
203.16667
175.41667
172.33334
150.91667
124.41667
116.33334
119.16667
134.83334
100.33334
63.66667
55.41667
75.50000
79.25000
79.00000
81.08334
105.00000
148.08334
189.75000
196.83334
209.16667
215.33334
219.91667
223.16667
224.41667
224.66667
223.50000
217.66667
207.25000
196.58334
196.66667
195.08334
184.33334
181.50000
197.41667
202.08334
197.41667
189.91667
189.41667
200.83334
201.08334
206.58334
215.41667
220.16667
226.16667
227.00000
228.16667
226.50000
221.75000
218.33334
208.50000
195.83334
174.66667
172.58334
150.50000
117.50000
102.08334
99.00000
107.33334
73.08334
53.58334
54.16667
67.08334
84.50000
89.75000
85.50000
96.08334
133.00000
180.75000
198.16667
206.25000
211.83334
216.83334
219.66667
220.50000
220.91667
217.33334
213.00000
197.41667
198.75000
196.08334
193.83334
168.50000
174.58334
176.50000
191.41667
200.91667
195.16667
194.25000
197.91667
199.91667
210.58334
217.50000
219.83334
222.41667
224.75000
224.16667
223.58334
218.83334
214.41667
206.50000
187.00000
173.33334
171.66667
141.66667
108.58334
93.66667
89.33334
81.25000
65.25000
41.66667
60.08334
66.08334
69.91667
85.41667
84.41667
89.91667
123.58334
166.41667
193.58334
203.50000
208.00000
212.58334
215.83334
216.50000
215.91667
213.58334
206.83334
204.33334
201.83334
194.66667
197.16667
194.50000
198.83334
203.50000
201.00000
202.41667
200.33334
200.58334
200.50000
207.50000
217.75000
216.00000
218.75000
220.50000
221.41667
221.16667
219.75000
217.50000
211.00000
205.00000
184.00000
175.25000
147.66667
129.33334
95.91667
75.16667
65.66667
57.66667
71.91667
29.16667
46.33334
69.91667
74.75000
73.50000
77.00000
85.33334
114.58334
146.66667
192.41667
200.00000
203.25000
208.66667
211.00000
214.16667
215.16667
211.08334
209.66667
209.25000
206.75000
206.41667
205.16667
205.50000
207.16667
209.25000
208.66667
208.83334
209.91667
210.75000
207.41667
216.33334
218.08334
217.08334
214.08334
216.25000
216.91667
217.08334
216.75000
215.08334
208.66667
201.16667
185.08334
176.25000
141.08334
128.50000
78.25000
54.58334
46.83334
49.66667
71.58334
30.08333
34.50000
46.83334
58.58334
58.33334
59.83334
81.66667
102.50000
140.91667
183.91667
196.00000
202.41667
205.08334
207.75000
209.50000
212.16667
210.00000
209.50000
209.66667
207.25000
213.41667
213.33334
209.41667
211.33334
214.58334
212.58334
211.33334
210.75000
213.83334
213.16667
213.75000
215.58334
216.50000
213.50000
214.33334
214.58334
214.58334
214.58334
212.25000
208.25000
193.08334
182.83334
177.08334
140.33334
118.25000
64.50000
46.16667
47.00000
48.33334
64.25000
20.66667
22.50000
31.16667
29.66667
39.08334
58.25000
77.91667
95.58334
137.83334
163.16667
192.66667
197.91667
201.91667
204.33334
206.75000
206.75000
207.25000
206.91667
205.83334
204.25000
205.58334
205.91667
200.58334
199.33334
202.75000
202.50000
201.66667
204.00000
204.75000
204.33334
206.25000
212.00000
212.91667
211.25000
210.75000
212.08334
212.33334
212.75000
211.00000
209.08334
190.25000
187.50000
175.83334
136.91667
119.16667
61.83334
46.00000
48.41667
47.08334
66.25000
21.83333
19.75000
26.00000
25.58333
21.50000
37.58334
48.91667
87.41667
135.41667
156.08334
184.83334
195.91667
200.75000
201.33334
202.50000
202.66667
203.33334
201.00000
194.75000
195.91667
194.50000
193.83334
200.50000
190.58334
184.33334
185.25000
184.25000
192.83334
192.00000
191.25000
195.16667
198.16667
206.50000
206.00000
209.16667
211.50000
211.66667
212.50000
210.00000
207.41667
190.33334
188.75000
171.00000
134.41667
114.08334
60.00000
45.66667
50.25000
46.08334
57.66667
23.58333
19.91667
20.66667
24.00000
22.66667
29.25000
43.58334
76.50000
132.66667
155.00000
174.08334
192.50000
196.00000
199.41667
199.91667
199.75000
198.33334
191.33334
184.16667
183.75000
189.00000
191.41667
193.58334
191.00000
178.58334
180.66667
183.41667
186.25000
183.25000
178.33334
183.00000
187.33334
192.33334
200.08334
206.41667
211.25000
211.50000
210.25000
208.91667
202.25000
190.08334
188.25000
164.16667
131.41667
102.66667
57.91667
48.33334
51.33334
41.75000
49.41667
20.83333
19.16667
15.00000
21.58333
22.41667
23.83333
39.25000
63.91667
119.41667
142.83334
166.08334
183.00000
194.91667
198.25000
198.00000
198.00000
191.33334
186.50000
189.25000
184.75000
182.41667
190.58334
168.58334
172.33334
175.00000
176.83334
182.00000
185.41667
183.75000
178.91667
176.16667
184.58334
186.83334
196.50000
207.00000
211.00000
211.00000
210.50000
208.00000
192.75000
191.50000
185.41667
153.41667
129.50000
88.75000
53.08334
50.83334
47.83334
43.66667
44.75000
20.91667
21.33333
12.33333
19.41667
22.16667
22.66667
35.33334
52.58334
101.58334
134.16667
161.50000
178.08334
191.25000
197.16667
198.83334
198.16667
190.75000
182.50000
187.66667
174.66667
159.33334
156.66667
162.58334
166.75000
164.50000
172.83334
176.25000
177.41667
174.25000
168.25000
166.08334
178.83334
189.58334
197.58334
206.33334
211.41667
210.91667
208.91667
204.41667
189.50000
189.91667
180.08334
140.25000
120.41667
78.41667
47.66667
46.58334
45.91667
43.83334
37.58334
20.33333
20.08333
9.58333
14.25000
21.33333
20.91667
29.33333
44.33334
82.83334
126.83334
157.75000
174.66667
181.66667
197.66667
198.08334
199.00000
193.16667
182.75000
181.83334
174.33334
166.58334
164.66667
167.91667
173.00000
180.00000
183.00000
177.50000
176.25000
174.66667
170.00000
169.00000
175.66667
191.41667
199.66667
204.83334
211.08334
211.08334
206.58334
203.50000
186.41667
184.58334
169.33334
132.58334
103.75000
64.33334
46.08334
41.83334
46.75000
43.16667
34.91667
21.91667
18.25000
8.58333
11.25000
18.00000
19.33333
24.08333
37.50000
64.33334
110.83334
148.08334
165.91667
179.50000
191.33334
198.41667
199.16667
196.91667
184.75000
180.41667
170.16667
175.58334
176.33334
180.50000
179.33334
183.41667
187.41667
186.83334
182.16667
182.16667
185.41667
188.16667
194.16667
201.08334
204.58334
205.33334
208.58334
207.16667
204.08334
195.16667
183.41667
180.75000
148.91667
122.41667
102.75000
62.41667
46.08334
40.41667
44.66667
40.75000
40.00000
19.58333
15.25000
7.83333
7.91667
15.25000
18.75000
23.08333
32.66667
44.75000
90.58334
132.16667
161.75000
177.16667
180.75000
197.16667
198.50000
198.00000
196.83334
187.08334
175.91667
190.66667
184.25000
181.41667
185.83334
187.83334
189.08334
188.08334
192.50000
191.08334
192.00000
195.41667
201.83334
204.91667
206.25000
205.16667
204.66667
201.41667
203.66667
183.75000
180.00000
167.41667
130.41667
112.66667
88.50000
77.75000
55.50000
41.58334
43.75000
38.50000
45.41667
17.83333
13.83333
7.33333
6.50000
16.41667
17.16667
20.41667
24.58333
35.41667
66.75000
102.91667
155.83334
165.58334
177.25000
184.00000
197.58334
197.83334
198.33334
194.58334
194.75000
193.00000
192.66667
193.33334
191.00000
193.16667
193.66667
193.00000
196.08334
197.91667
200.58334
204.41667
205.83334
205.33334
204.33334
202.41667
200.25000
202.00000
193.08334
179.50000
173.75000
154.08334
122.41667
102.41667
83.66667
81.33334
65.33334
45.83334
41.41667
44.33334
48.00000
17.25000
12.75000
6.75000
8.75000
15.83333
18.50000
19.41667
21.00000
28.75000
42.00000
85.00000
131.58334
157.00000
171.00000
178.66667
184.58334
194.91667
197.00000
196.75000
193.00000
194.91667
197.16667
199.16667
198.08334
198.58334
199.66667
201.91667
204.25000
206.33334
209.33334
207.58334
206.16667
203.58334
201.16667
199.08334
201.75000
198.58334
179.00000
173.83334
170.75000
141.25000
124.91667
92.58334
82.91667
81.66667
66.66667
50.00000
49.25000
47.91667
49.91667
15.41667
12.08333
8.91667
6.16667
18.33333
20.25000
19.33333
20.83333
23.66667
35.66667
55.16667
94.00000
146.83334
157.25000
172.08334
179.08334
185.08334
195.91667
197.25000
195.33334
197.08334
198.66667
201.33334
201.25000
203.00000
206.66667
208.58334
211.08334
213.16667
211.33334
209.16667
204.91667
202.25000
198.33334
199.25000
199.16667
184.83334
173.33334
168.66667
161.25000
144.25000
134.75000
96.25000
88.91667
82.66667
61.08334
48.08334
58.08334
52.41667
51.16667
15.83333
10.91667
9.00000
8.08333
17.08333
21.08333
21.41667
20.91667
21.33333
35.91667
38.66667
67.25000
119.08334
151.75000
156.16667
172.91667
177.08334
185.91667
194.66667
197.50000
198.41667
201.91667
205.08334
206.50000
209.00000
209.16667
212.25000
213.16667
213.16667
210.91667
206.41667
201.75000
197.25000
199.16667
197.00000
190.08334
175.25000
168.16667
164.25000
154.66667
143.66667
138.33334
98.83334
92.91667
86.66667
52.16667
59.50000
59.16667
64.08334
51.33334
22.41667
14.00000
8.75000
9.33333
14.25000
25.58333
23.33333
22.75000
19.83333
36.08334
37.91667
44.83334
77.16667
136.33334
156.66667
157.50000
171.50000
177.58334
184.25000
193.33334
197.41667
200.25000
202.33334
206.16667
208.16667
208.91667
209.75000
210.25000
208.91667
205.66667
199.25000
198.50000
198.91667
196.25000
188.75000
175.75000
165.41667
164.16667
158.83334
146.83334
147.00000
138.66667
100.50000
90.50000
78.08334
65.58334
66.25000
60.16667
61.66667
59.50000
24.41667
16.50000
15.08333
16.75000
16.58333
27.83333
27.66667
23.91667
22.91667
32.41667
38.25000
43.08334
70.08334
131.58334
155.25000
148.50000
154.25000
168.50000
175.33334
180.75000
187.75000
196.66667
199.66667
203.00000
204.58334
205.75000
206.33334
205.08334
199.08334
198.08334
197.58334
195.75000
191.83334
188.00000
172.25000
165.50000
158.66667
162.41667
165.16667
148.33334
148.66667
135.58334
98.25000
77.83334
88.00000
74.25000
77.16667
60.00000
63.75000
59.25000
