103.09091
94.09091
89.18182
85.54546
77.90910
66.45454
62.81818
55.54546
54.18182
57.27273
60.09091
59.72728
52.63636
50.09091
71.54546
94.18182
91.27273
94.00000
95.18182
95.09091
87.72727
77.54546
83.27273
78.81818
79.27273
81.81818
84.27273
95.09091
99.00000
98.54546
101.72727
99.27273
96.63637
88.09091
89.90910
86.81818
72.72727
66.81818
64.45454
55.18182
51.72728
50.72728
50.63636
56.81818
58.45455
66.18182
74.18182
72.63637
69.00000
70.09091
101.54546
90.27273
97.18182
82.36364
76.81818
70.45454
67.18182
56.36364
62.72728
64.90910
63.45455
65.72727
62.54546
72.90910
102.00000
125.72728
124.00000
143.00000
143.18182
134.81819
119.00000
95.09091
88.09091
94.63637
92.81818
88.81818
96.09091
106.27273
112.09091
113.36364
105.45455
103.81818
103.18182
105.54546
93.36364
91.18182
82.81818
64.36364
56.00000
49.18182
46.18182
45.45455
48.45455
53.81818
54.81818
62.45455
69.90910
65.81818
67.09091
70.36364
94.27273
93.81818
96.63637
82.27273
78.63637
72.27273
67.45454
65.00000
69.36364
77.45454
69.63637
72.45454
78.09091
105.00000
124.27273
146.00000
156.90909
175.54546
185.09091
180.90910
166.36365
138.54546
106.00000
107.09091
109.45455
111.09091
109.90910
119.90910
119.72728
120.00000
123.09091
114.18182
102.90910
106.18182
95.54546
89.00000
83.18182
61.00000
56.36364
55.54546
51.00000
48.72728
50.54546
51.09091
55.18182
62.63636
67.81818
65.00000
66.72727
65.27273
90.81818
92.45455
98.09091
83.81818
81.09091
74.63637
65.45454
77.90910
79.36364
84.72727
78.09091
83.27273
95.54546
134.00000
140.90909
158.54546
173.45454
190.54546
204.63637
204.36365
192.54546
175.81819
143.81819
129.72728
130.54546
131.18182
135.45454
127.27273
123.00000
126.90910
123.09091
121.36364
118.09091
109.00000
104.45455
90.63637
85.27273
69.63637
71.45454
57.09091
50.90909
50.27273
50.00000
51.63636
57.18182
60.90909
64.54546
60.18182
65.63637
66.36364
94.63637
101.63637
98.18182
86.09091
82.54546
74.90910
69.81818
75.90910
89.90910
94.90910
81.45454
98.81818
118.36364
154.81819
152.54546
170.90910
179.00000
195.27274
205.27274
207.00000
204.27274
199.09091
184.36365
161.36365
152.45454
153.81819
156.72728
155.18182
146.63637
147.00000
140.18182
142.27274
141.72728
125.00000
107.27273
94.00000
77.09091
81.81818
73.18182
61.81818
56.81818
53.36364
48.00000
47.18182
55.27273
59.45455
59.18182
60.72728
59.81818
69.36364
94.54546
100.27273
89.54546
82.63637
85.90910
74.81818
74.18182
77.00000
86.81818
100.63637
89.36364
102.09091
133.18182
158.90909
164.09091
180.00000
189.27274
197.27274
207.00000
206.54546
207.54546
206.36365
201.18182
186.00000
171.81819
158.09091
156.54546
158.63637
145.00000
144.09091
143.36365
137.72728
139.00000
134.90909
126.36364
112.00000
93.63637
76.27273
73.27273
68.90910
62.63636
56.90909
54.00000
48.36364
53.45455
56.36364
58.00000
58.81818
64.81818
71.36364
94.36364
94.00000
78.00000
87.36364
84.18182
81.00000
77.45454
76.27273
76.63637
90.00000
89.09091
102.90910
143.00000
163.45454
177.81819
182.63637
184.00000
197.09091
203.90910
205.45454
204.27274
206.90910
202.81819
196.72728
190.09091
179.72728
175.81819
170.90910
156.72728
146.72728
149.63637
161.45454
154.63637
153.00000
147.36365
130.90909
106.81818
87.27273
74.00000
67.09091
69.09091
63.45455
63.09091
57.36364
58.90909
58.72728
58.45455
57.45455
66.36364
70.27273
84.00000
88.90910
75.18182
91.81818
80.00000
83.72727
79.63637
71.45454
68.00000
75.72727
84.72727
112.45455
155.45454
177.90910
182.18182
178.54546
191.45454
198.45454
202.36365
208.00000
206.72728
207.27274
206.09091
203.63637
199.72728
197.81819
194.36365
186.81819
175.54546
165.45454
169.54546
179.27274
171.72728
157.27274
159.00000
148.00000
121.00000
102.27273
84.81818
72.27273
73.00000
68.81818
66.18182
66.00000
66.36364
67.00000
62.36364
62.81818
65.36364
68.45454
76.18182
80.63637
77.18182
87.27273
76.90910
79.45454
80.90910
69.18182
63.63636
71.27273
81.45454
118.45455
163.27274
180.81819
178.90910
183.18182
190.90910
192.90910
195.72728
202.90910
200.90910
203.90910
204.00000
201.72728
202.18182
204.36365
200.90910
194.54546
181.54546
174.54546
170.45454
185.63637
185.09091
175.63637
174.36365
170.81819
150.09091
138.36365
117.72728
90.63637
93.27273
83.63637
76.54546
76.27273
67.36364
71.72727
67.00000
68.90910
72.45454
69.18182
80.18182
79.63637
77.09091
83.54546
71.09091
71.54546
76.27273
67.45454
65.81818
69.00000
84.45455
125.72728
162.54546
171.09091
174.18182
177.27274
186.63637
188.81819
193.00000
200.81819
202.00000
202.54546
197.63637
197.90910
200.00000
200.45454
200.54546
191.27274
188.27274
182.18182
182.63637
189.45454
194.36365
192.09091
187.72728
184.81819
175.54546
169.45454
157.54546
136.09091
123.81818
107.45455
92.90910
81.36364
73.63637
75.27273
74.54546
68.63637
72.81818
69.00000
86.09091
81.36364
76.36364
70.00000
63.72728
67.54546
66.90910
63.27273
67.72727
76.72727
105.36364
141.09091
171.36365
172.90910
180.00000
183.27274
192.54546
195.54546
198.72728
204.72728
208.00000
207.90910
205.18182
203.81819
201.63637
204.18182
206.90910
207.36365
199.72728
194.45454
195.72728
202.18182
205.81819
205.90910
205.09091
197.36365
193.63637
188.18182
175.36365
161.54546
140.09091
120.54546
102.45455
86.90910
79.90910
83.90910
72.63637
72.45454
69.54546
70.36364
80.81818
78.81818
77.72727
64.45454
67.45454
67.90910
68.54546
68.72727
78.63637
98.81818
126.36364
155.45454
171.72728
175.00000
180.54546
184.36365
192.63637
196.54546
198.72728
201.81819
208.27274
209.09091
208.00000
210.90910
202.18182
204.45454
206.63637
205.63637
207.27274
204.72728
209.00000
209.27274
208.54546
207.36365
203.36365
200.18182
194.63637
186.18182
176.63637
167.72728
144.90909
119.63637
107.81818
95.18182
79.27273
76.72727
78.72727
75.45454
74.90910
67.72727
77.18182
76.72727
78.72727
67.09091
72.90910
70.36364
70.18182
77.63637
93.54546
114.72728
140.54546
162.45454
172.90910
174.90910
179.81819
185.45454
193.27274
198.00000
201.90910
203.63637
211.72728
214.45456
213.72728
213.90910
206.63637
205.72728
208.36365
203.09091
204.54546
204.45454
202.36365
202.72728
201.18182
201.00000
197.54546
190.27274
184.09091
174.72728
163.81819
154.90909
144.45454
119.63637
110.90910
91.18182
81.90910
73.90910
77.81818
75.90910
76.18182
68.18182
74.36364
75.81818
82.18182
76.36364
80.81818
66.00000
71.72727
88.00000
111.72728
126.81818
144.63637
163.09091
163.09091
171.09091
181.54546
182.00000
185.18182
186.72728
186.63637
188.18182
193.81819
206.18182
206.72728
205.90910
208.54546
207.54546
207.63637
208.18182
202.81819
195.81819
177.36365
175.54546
174.18182
174.09091
168.18182
160.81819
152.09091
145.81819
137.45454
137.18182
136.27274
119.09091
111.54546
92.90910
79.36364
76.45454
70.54546
80.36364
74.00000
69.90910
67.18182
81.63637
87.45455
89.81818
84.63637
60.00000
70.18182
91.00000
120.45455
136.81819
146.00000
145.00000
140.18182
153.27274
162.81819
158.54546
154.00000
154.54546
151.45454
157.45454
165.18182
180.63637
194.72728
191.36365
200.63637
202.18182
198.27274
196.90910
184.81819
171.45454
153.27274
148.36365
139.63637
140.00000
133.09091
125.18182
119.90910
119.27273
109.18182
112.00000
119.90910
112.81818
112.00000
96.63637
86.90910
76.36364
70.72727
74.81818
70.81818
66.45454
52.72728
84.00000
92.09091
99.90910
84.63637
67.81818
77.36364
96.45455
127.36364
134.36365
123.36364
115.45455
122.00000
127.45455
123.90910
114.27273
108.63637
107.18182
104.72728
111.72728
126.27273
155.90909
177.90910
182.45454
190.27274
193.36365
190.54546
184.36365
162.72728
142.54546
121.81818
101.72727
98.72727
100.27273
97.45455
104.45455
104.27273
98.36364
89.63637
92.18182
102.90910
105.00000
111.63637
103.18182
92.81818
85.54546
78.90910
73.54546
70.36364
66.63637
46.27273
81.72727
92.45455
107.63637
91.81818
77.81818
75.45454
103.63637
127.81818
121.18182
94.72727
98.63637
94.63637
102.63637
96.09091
103.36364
112.54546
90.81818
90.90910
96.36364
103.63637
138.36365
160.54546
181.54546
189.18182
190.09091
195.18182
178.45454
152.18182
125.63637
108.90910
111.81818
121.90910
109.00000
121.18182
135.72728
130.72728
116.09091
106.54546
98.90910
106.81818
97.36364
105.09091
101.09091
100.45455
101.63637
83.18182
77.90910
78.27273
73.00000
45.00000
81.72727
90.54546
112.90910
104.45455
98.36364
76.09091
109.90910
125.00000
105.81818
101.27273
96.45455
94.36364
93.18182
94.90910
109.63637
104.27273
103.72727
102.27273
117.45455
108.63637
129.18182
138.00000
171.09091
186.54546
198.27274
190.54546
171.81819
140.54546
124.18182
121.36364
131.63637
133.63637
117.09091
135.18182
121.72728
111.54546
118.45455
125.72728
125.09091
123.09091
107.90910
104.36364
108.63637
103.90910
94.90910
88.81818
91.54546
90.81818
84.09091
44.81818
79.09091
86.63637
108.18182
113.54546
120.09091
82.00000
120.81818
109.54546
123.45455
117.09091
125.54546
120.63637
101.72727
89.90910
112.45455
102.63637
96.00000
113.45455
112.09091
117.63637
125.27273
120.90910
153.00000
194.00000
182.90910
189.81819
138.54546
122.45455
119.54546
107.27273
118.45455
114.54546
124.36364
113.54546
111.18182
92.27273
100.81818
120.00000
133.18182
137.18182
111.27273
116.72728
129.63637
106.36364
92.54546
99.54546
96.63637
100.27273
97.36364
46.72728
75.18182
87.72727
103.54546
124.09091
121.18182
99.63637
133.45454
118.81818
122.36364
135.09091
134.18182
105.09091
78.36364
109.09091
86.18182
96.54546
91.90910
136.54546
119.18182
126.54546
134.81819
125.90910
142.45454
192.81819
188.18182
177.81819
120.27273
120.72728
122.00000
130.63637
121.63637
138.63637
132.00000
113.63637
105.54546
109.63637
102.63637
98.09091
129.27274
145.09091
128.00000
132.00000
115.00000
110.36364
102.18182
100.36364
100.36364
109.27273
112.18182
49.45455
69.09091
91.18182
114.90910
141.54546
130.54546
113.81818
125.72728
133.27274
142.00000
141.18182
149.00000
99.63637
105.63637
117.36364
114.18182
101.54546
123.63637
151.90909
131.72728
135.54546
155.63637
135.63637
143.81819
198.09091
197.81819
189.00000
120.90910
137.00000
146.00000
117.09091
123.72728
149.81819
148.63637
101.36364
105.00000
115.54546
116.63637
117.54546
137.63637
154.45454
142.27274
138.36365
132.45454
133.90909
104.54546
99.54546
97.18182
112.18182
113.27273
51.45455
62.36364
102.90910
119.54546
149.18182
131.09091
137.09091
146.00000
156.63637
162.36365
160.36365
160.72728
141.00000
137.45454
139.90909
137.81819
144.54546
151.54546
150.90909
142.18182
161.72728
159.63637
142.27274
145.54546
196.72728
207.72728
214.18182
134.63637
128.18182
153.90909
153.18182
164.45454
159.27274
167.45454
159.81819
152.45454
146.54546
143.90909
145.90909
165.72728
164.63637
153.18182
151.81819
132.00000
140.72728
110.45455
97.45455
101.54546
107.90910
109.72728
55.72728
64.00000
114.72728
132.36365
151.18182
125.63637
151.09091
152.81819
168.54546
181.18182
177.63637
174.90910
179.18182
170.63637
168.09091
166.27274
163.18182
171.36365
166.81819
161.45454
157.81819
147.90909
127.54546
154.36365
193.72728
203.09091
215.72728
153.09091
131.09091
149.54546
156.45454
174.18182
174.09091
173.36365
174.72728
166.18182
168.00000
171.72728
177.45454
187.63637
177.72728
165.18182
157.54546
133.45454
145.45454
121.81818
103.81818
109.00000
105.27273
104.09091
61.90909
61.00000
121.45455
141.72728
157.81819
124.81818
160.00000
156.72728
170.27274
179.72728
181.36365
188.09091
191.81819
193.18182
190.27274
187.63637
183.63637
185.00000
183.18182
175.54546
161.81819
165.36365
126.72728
176.36365
201.27274
203.09091
217.27274
179.09091
131.90909
172.09091
174.63637
175.45454
184.81819
190.00000
190.18182
188.90910
185.81819
186.18182
189.18182
186.54546
181.81819
174.54546
159.27274
136.45454
143.18182
125.90910
118.45455
127.63637
118.36364
101.54546
66.90910
59.54546
113.54546
149.09091
157.63637
135.45454
163.18182
160.00000
164.09091
180.81819
183.54546
193.54546
201.54546
194.90910
196.72728
199.00000
195.18182
195.72728
193.36365
184.54546
176.90910
159.45454
148.45454
181.90910
196.54546
206.27274
216.00000
184.90910
145.27274
164.00000
180.81819
190.36365
195.27274
197.27274
201.90910
201.45454
199.36365
198.72728
195.09091
188.72728
178.00000
174.72728
157.90909
157.18182
133.54546
131.63637
130.54546
137.00000
119.27273
103.72727
69.45454
63.90909
108.90910
150.63637
157.09091
145.45454
162.90909
170.09091
164.81819
183.09091
180.09091
190.27274
198.45454
198.54546
198.27274
200.27274
198.18182
200.00000
199.27274
193.54546
182.27274
141.63637
169.72728
179.09091
186.72728
210.00000
212.81819
178.09091
159.63637
145.54546
180.09091
193.63637
195.54546
201.90910
204.45454
203.09091
202.54546
199.54546
193.00000
189.45454
182.45454
164.27274
156.18182
164.36365
129.27274
126.90910
127.00000
136.81819
114.72728
102.27273
70.18182
66.27273
100.81818
133.45454
167.81819
162.18182
163.81819
173.81819
173.36365
174.45454
172.63637
191.54546
191.27274
198.72728
200.54546
203.18182
201.90910
202.18182
203.63637
195.63637
167.00000
152.45454
180.18182
174.18182
190.36365
209.36365
212.81819
175.72728
163.18182
159.45454
166.00000
184.27274
194.18182
200.81819
206.00000
205.18182
202.54546
199.00000
187.27274
185.90910
182.09091
173.63637
154.09091
144.54546
136.00000
125.45455
133.63637
133.27274
111.90910
108.81818
69.18182
68.36364
91.00000
121.18182
160.36365
165.90910
162.72728
172.09091
178.18182
167.00000
180.81819
188.63637
191.81819
199.54546
205.54546
207.45454
205.72728
205.36365
196.90910
184.27274
154.72728
168.27274
175.18182
168.45454
196.36365
206.45454
211.27274
182.00000
162.63637
161.81819
173.45454
176.45454
186.54546
194.36365
194.27274
200.00000
200.00000
196.00000
190.00000
189.81819
180.45454
158.72728
150.09091
143.81819
130.45454
132.36365
138.36365
123.09091
121.00000
116.27273
60.00000
68.09091
93.36364
105.72728
136.72728
148.18182
151.09091
166.90910
173.72728
180.54546
176.09091
175.90910
180.27274
182.27274
189.45454
192.00000
196.45454
193.90910
178.45454
181.18182
183.54546
155.72728
153.36365
178.72728
197.63637
207.63637
212.27274
190.45454
162.90909
155.00000
169.63637
196.72728
190.72728
180.63637
182.09091
189.72728
183.54546
177.90910
170.90910
167.45454
171.00000
165.36365
147.63637
138.63637
129.81819
139.45454
130.09091
126.36364
121.90910
113.45455
48.36364
65.54546
96.54546
93.72727
117.72728
137.81819
140.54546
161.00000
171.00000
174.54546
193.72728
192.81819
181.81819
183.18182
183.54546
185.45454
191.81819
201.45454
205.90910
195.27274
168.90910
148.63637
158.90909
182.00000
197.27274
204.27274
208.45454
192.27274
164.27274
154.54546
163.72728
188.00000
202.09091
203.45454
205.36365
208.63637
208.90910
205.36365
194.36365
188.18182
180.54546
163.36365
141.09091
129.72728
122.09091
137.00000
132.45454
130.54546
121.81818
110.54546
60.18182
66.09091
92.36364
92.45455
100.54546
120.45455
125.00000
144.81819
164.81819
170.54546
191.54546
191.54546
195.90910
202.27274
207.00000
208.09091
200.81819
196.36365
199.72728
191.54546
171.81819
167.45454
162.63637
172.90910
194.00000
205.81819
205.90910
188.45454
167.18182
159.36365
156.54546
182.72728
198.45454
198.81819
201.18182
202.81819
204.81819
201.45454
191.90910
183.18182
177.81819
158.09091
135.09091
121.54546
117.90910
130.45454
131.63637
127.18182
118.36364
103.00000
57.18182
67.18182
91.36364
89.36364
98.18182
98.45455
110.18182
124.09091
156.00000
169.18182
185.45454
188.72728
194.81819
199.18182
202.09091
202.00000
196.90910
197.09091
199.18182
190.81819
172.36365
172.36365
162.81819
166.36365
193.45454
211.36365
202.27274
183.45454
164.00000
158.63637
158.63637
173.54546
194.36365
194.54546
197.27274
199.90910
201.18182
200.63637
189.81819
180.27274
171.18182
152.90909
130.81819
119.36364
113.36364
120.72728
128.90909
121.00000
108.36364
89.72727
56.00000
63.81818
88.54546
93.54546
94.54546
98.81818
101.90910
109.63637
149.63637
169.81819
176.00000
185.54546
190.72728
195.54546
193.63637
190.63637
191.81819
192.72728
192.63637
187.18182
170.36365
169.45454
158.36365
162.09091
182.09091
206.00000
197.72728
179.09091
151.18182
150.45454
158.09091
164.27274
188.72728
191.18182
195.27274
193.00000
192.27274
194.81819
188.09091
176.00000
166.54546
147.18182
126.45455
115.90910
110.00000
115.90910
120.54546
108.00000
97.27273
82.09091
53.72728
63.00000
84.18182
96.72727
95.81818
91.18182
94.54546
98.27273
146.63637
166.72728
171.63637
183.27274
187.36365
189.81819
188.18182
190.09091
190.81819
188.18182
185.45454
184.27274
159.90909
149.27274
136.63637
142.00000
164.72728
186.63637
179.63637
145.27274
117.45455
132.09091
148.00000
163.36365
184.00000
189.18182
194.00000
190.45454
190.00000
186.36365
183.54546
172.54546
161.90909
142.36365
122.27273
109.45455
109.00000
111.27273
108.09091
103.09091
90.45455
82.09091
42.90909
59.36364
70.63637
80.81818
98.36364
99.36364
97.63637
97.36364
149.00000
159.81819
165.90910
181.45454
187.81819
188.36365
189.90910
191.45454
188.90910
182.81819
178.09091
174.18182
162.63637
151.00000
143.81819
144.63637
142.36365
138.63637
137.45454
125.36364
119.27273
137.63637
152.72728
169.18182
180.81819
188.63637
192.09091
191.90910
191.54546
187.81819
179.18182
169.27274
156.90909
139.54546
119.09091
112.72728
114.72728
114.09091
111.81818
97.54546
88.27273
84.36364
42.18182
49.18182
59.81818
75.00000
87.27273
95.00000
98.54546
93.90910
145.45454
156.72728
162.27274
180.54546
187.00000
185.00000
187.54546
190.72728
184.36365
179.18182
177.54546
171.18182
163.36365
159.00000
153.27274
159.90909
159.63637
157.45454
142.27274
153.81819
148.54546
153.90909
162.81819
178.36365
178.90910
179.72728
189.09091
190.45454
189.36365
188.63637
175.63637
165.72728
152.36365
135.90909
118.90910
116.90910
117.90910
116.72728
108.54546
93.45455
89.54546
84.90910
42.81818
46.27273
55.27273
70.45454
79.18182
84.27273
94.36364
94.00000
129.90909
155.00000
158.09091
175.72728
184.90910
183.72728
185.54546
185.27274
178.90910
174.63637
172.09091
162.54546
152.27274
150.27274
155.90909
168.18182
165.81819
167.18182
167.36365
175.00000
160.81819
158.72728
159.54546
173.81819
173.72728
173.63637
175.27274
184.63637
181.27274
183.27274
173.72728
163.09091
148.09091
129.36365
122.27273
116.81818
115.72728
110.54546
100.54546
93.36364
89.54546
88.63637
48.45455
52.90909
55.36364
64.81818
70.36364
79.45454
90.27273
91.90910
114.45455
149.63637
158.18182
168.09091
182.63637
185.00000
187.63637
178.36365
167.81819
170.36365
172.27274
161.90909
164.72728
165.27274
168.72728
172.27274
173.27274
170.54546
185.72728
186.27274
167.18182
161.90909
167.00000
170.09091
170.00000
169.54546
164.18182
173.72728
180.27274
178.18182
173.45454
160.45454
142.45454
123.36364
123.09091
114.90910
109.90910
103.72727
103.45455
93.54546
92.00000
90.18182
43.27273
48.27273
51.45455
57.72728
67.45454
71.27273
81.81818
83.45455
105.18182
145.00000
156.09091
159.00000
185.00000
181.18182
182.27274
173.36365
169.63637
164.54546
172.36365
162.45454
158.63637
159.36365
165.09091
172.00000
170.45454
179.90910
195.63637
185.09091
158.45454
164.00000
158.18182
161.54546
161.72728
155.09091
155.54546
168.36365
185.54546
177.18182
170.36365
155.00000
137.00000
119.81818
116.72728
111.36364
104.45455
102.36364
105.54546
96.18182
94.00000
88.00000
46.45455
43.81818
55.00000
56.27273
65.27273
69.90910
80.00000
79.54546
102.09091
135.36365
151.72728
153.00000
182.81819
180.09091
182.63637
179.36365
188.36365
168.18182
157.00000
174.72728
175.54546
180.81819
180.18182
172.27274
167.09091
160.18182
173.81819
178.09091
163.18182
173.90910
178.54546
166.09091
168.90910
165.81819
171.81819
174.09091
182.45454
174.45454
164.81819
148.36365
133.54546
117.36364
111.09091
106.90910
103.81818
103.72727
105.36364
91.54546
93.90910
92.00000
48.72728
44.90909
54.81818
59.63636
64.00000
67.72727
80.72727
80.45454
93.90910
123.27273
145.54546
154.00000
168.45454
178.36365
181.09091
185.72728
184.54546
175.63637
163.00000
150.90909
163.36365
177.90910
183.54546
192.63637
199.81819
196.81819
202.45454
192.18182
185.27274
179.18182
164.72728
155.18182
154.45454
175.36365
181.45454
171.00000
180.09091
172.36365
158.54546
140.18182
133.90909
115.72728
107.54546
107.72728
104.90910
101.90910
99.45455
95.63637
96.63637
96.45455
50.09091
47.63636
54.00000
54.36364
64.00000
71.54546
76.81818
80.54546
93.72727
110.90910
136.90909
150.63637
159.81819
180.18182
180.27274
186.27274
184.45454
181.45454
168.63637
160.27274
151.09091
144.27274
145.72728
160.45454
168.54546
167.81819
171.81819
167.09091
155.54546
155.54546
152.63637
159.90909
158.27274
167.45454
174.72728
177.36365
177.54546
171.09091
151.72728
137.72728
129.72728
113.72728
105.63637
107.18182
104.09091
103.81818
104.90910
93.72727
99.27273
97.00000
51.90909
47.27273
52.72728
51.45455
62.63636
72.09091
77.18182
76.63637
89.45455
101.09091
123.09091
139.18182
156.54546
174.36365
182.09091
183.27274
186.72728
178.72728
180.18182
165.54546
157.72728
153.63637
135.18182
134.00000
127.00000
131.81819
128.54546
133.18182
138.09091
149.72728
158.45454
167.09091
172.45454
177.27274
182.09091
177.90910
175.90910
165.00000
145.09091
131.90909
126.36364
111.63637
106.09091
106.36364
104.54546
105.54546
105.18182
101.18182
99.36364
99.09091
50.90909
46.18182
49.63636
53.00000
62.36364
72.63637
77.54546
74.54546
80.72727
102.00000
113.00000
128.45454
148.18182
168.27274
182.00000
183.90910
186.72728
187.54546
189.72728
188.27274
192.18182
193.54546
186.27274
176.90910
178.00000
178.63637
187.54546
186.00000
187.18182
184.81819
182.45454
188.09091
180.63637
176.09091
179.81819
173.63637
169.90910
155.81819
140.36365
127.18182
122.36364
112.81818
102.72727
108.81818
109.63637
103.90910
97.81818
89.72727
92.81818
96.54546
52.00000
48.00000
50.00000
56.18182
62.90909
71.09091
81.63637
77.09091
79.27273
94.36364
111.54546
124.27273
135.63637
160.09091
176.09091
177.00000
180.00000
181.54546
188.81819
181.81819
187.09091
185.36365
185.00000
178.72728
175.72728
177.00000
175.00000
179.00000
182.45454
178.81819
173.36365
179.27274
173.45454
173.81819
175.63637
167.18182
160.27274
148.72728
131.90909
121.27273
114.72728
98.00000
111.90910
104.00000
97.00000
100.09091
99.90910
97.54546
101.63637
103.72727
48.63636
49.27273
50.45455
56.18182
60.81818
74.54546
81.63637
82.27273
78.72727
84.27273
111.81818
117.81818
130.63637
153.00000
169.81819
176.90910
177.72728
177.00000
181.72728
178.81819
177.72728
173.00000
169.18182
163.18182
162.54546
160.36365
163.81819
163.27274
168.45454
173.18182
172.18182
172.18182
166.90910
169.63637
167.90910
161.18182
151.45454
139.27274
124.81818
118.45455
109.09091
100.81818
109.45455
94.45455
94.63637
103.00000
107.63637
102.09091
103.36364
101.90910
49.27273
52.72728
50.72728
54.54546
59.18182
69.45454
86.45455
82.54546
78.63637
79.63637
108.36364
116.90910
140.18182
137.81819
158.00000
174.36365
180.81819
173.54546
177.63637
181.36365
177.36365
177.45454
172.81819
165.18182
166.81819
159.18182
161.18182
166.45454
169.45454
174.54546
171.90910
170.27274
169.18182
169.27274
159.00000
155.72728
147.81819
129.90909
118.00000
111.90910
113.36364
93.54546
96.72727
109.63637
97.09091
108.90910
113.63637
107.18182
109.18182
108.81818
46.81818
50.09091
50.54546
52.81818
62.00000
73.81818
87.63637
78.90910
78.45454
85.00000
106.00000
115.54546
139.72728
136.00000
150.09091
168.54546
179.09091
177.90910
176.81819
181.72728
181.54546
185.18182
176.72728
172.27274
175.45454
169.72728
169.54546
171.54546
176.90910
176.81819
174.81819
167.72728
171.54546
166.72728
155.18182
151.27274
138.36365
116.09091
111.45455
112.00000
108.36364
91.18182
95.00000
114.36364
94.45455
104.63637
114.27273
108.00000
113.72728
113.00000
48.00000
50.81818
51.72728
55.81818
62.27273
77.09091
87.27273
84.45455
81.09091
83.00000
108.90910
121.54546
132.81819
130.72728
141.00000
153.90909
168.45454
175.45454
175.27274
185.09091
190.36365
186.00000
183.63637
175.63637
176.00000
177.09091
171.36365
175.63637
180.36365
179.81819
178.18182
171.72728
168.72728
162.81819
159.81819
147.45454
125.27273
114.18182
116.09091
111.45455
108.00000
91.27273
95.09091
109.72728
96.90910
100.00000
104.63637
101.54546
109.18182
110.36364
48.45455
51.72728
54.72728
56.72728
66.27273
79.45454
88.90910
84.81818
82.81818
84.45455
109.36364
126.45455
137.18182
131.18182
143.09091
144.72728
161.27274
172.54546
172.81819
182.09091
188.72728
188.18182
188.27274
190.54546
187.36365
188.09091
186.81819
187.72728
183.36365
183.00000
175.45454
169.63637
161.72728
158.90909
146.54546
134.90909
118.72728
114.00000
118.18182
110.90910
107.27273
97.54546
95.00000
110.72728
99.45455
94.18182
97.09091
104.72728
104.00000
112.36364
