27.25000
27.41667
24.83333
24.91667
24.41667
25.00000
23.75000
26.58333
25.33333
27.08333
28.91667
34.66667
36.08334
41.08334
48.58334
52.58334
58.33334
65.58334
80.25000
94.41667
108.08334
121.08334
127.91667
135.58334
140.66667
141.58334
143.66667
143.25000
143.08334
139.16667
130.08334
122.91667
111.00000
95.75000
77.66667
62.33334
51.91667
43.33334
38.58334
36.00000
33.41667
30.00000
29.75000
29.16667
24.91667
24.00000
23.50000
22.08333
24.58333
29.75000
27.58333
25.25000
24.33333
24.33333
23.41667
24.16667
26.66667
25.83333
25.50000
28.41667
33.25000
36.33334
39.33334
45.41667
52.00000
55.91667
62.83334
74.33334
93.25000
104.91667
115.66667
129.00000
137.00000
142.08334
145.33334
144.58334
147.25000
148.66667
149.50000
144.75000
139.83334
130.50000
120.16667
104.83334
88.50000
68.41667
56.16667
47.83334
41.91667
41.33334
39.16667
32.83334
32.58334
32.00000
26.33333
24.00000
25.00000
21.66667
23.58333
27.50000
23.66667
23.66667
22.25000
23.25000
23.33333
24.91667
27.16667
26.83333
27.08333
30.41667
36.50000
38.41667
41.91667
48.25000
55.66667
59.83334
67.66667
89.75000
102.50000
112.50000
126.16667
137.16667
141.91667
145.66667
146.75000
149.08334
153.00000
153.25000
153.00000
149.91667
147.16667
136.75000
127.75000
112.50000
96.75000
77.08334
60.41667
51.50000
44.83334
44.25000
45.16667
38.50000
35.66667
34.16667
29.58333
23.75000
23.58333
23.16667
23.83333
27.33333
22.50000
22.41667
21.33333
22.08333
23.16667
25.16667
26.00000
27.66667
28.50000
32.25000
39.66667
40.50000
41.58334
52.75000
57.50000
62.00000
77.50000
96.83334
107.66667
117.25000
133.00000
141.50000
145.41667
148.58334
150.91667
155.00000
156.16667
156.25000
155.16667
153.16667
150.58334
143.50000
134.00000
121.33334
104.66667
86.33334
65.50000
53.75000
45.08334
45.00000
46.16667
41.16667
39.83334
37.33334
32.91667
27.08333
22.83333
22.83333
24.50000
28.08333
21.50000
21.75000
20.16667
22.08333
24.83333
26.75000
25.66667
27.16667
29.41667
34.75000
41.08334
41.58334
45.75000
56.25000
59.16667
67.66667
87.91667
101.08334
112.58334
125.58334
136.41667
144.58334
146.08334
150.41667
153.25000
156.00000
158.83334
159.08334
157.16667
157.16667
152.41667
148.00000
141.41667
128.66667
111.25000
93.58334
69.66667
56.83334
47.75000
45.50000
49.25000
45.75000
45.58334
40.91667
38.66667
31.33333
25.41667
21.66667
25.41667
31.75000
21.66667
22.00000
20.66667
23.66667
27.25000
27.91667
28.16667
28.58333
32.58334
38.25000
45.08334
45.33334
51.83334
58.08334
62.66667
76.25000
95.08334
107.58334
118.00000
133.16667
140.91667
146.00000
148.16667
153.66667
156.50000
159.83334
159.83334
159.66667
157.83334
155.50000
153.50000
148.25000
142.33334
132.75000
115.66667
99.50000
75.66667
59.08334
48.33334
44.75000
49.33334
51.08334
51.75000
44.50000
43.66667
36.00000
29.91667
24.91667
31.00000
33.75000
22.41667
22.00000
21.83333
26.16667
29.41667
28.58333
30.16667
31.41667
34.91667
43.58334
43.91667
47.83334
57.91667
60.58334
69.66667
86.08334
104.00000
115.75000
129.91667
139.08334
143.50000
148.25000
153.91667
157.41667
160.66667
162.00000
162.33334
161.83334
161.25000
159.16667
154.25000
147.75000
141.08334
133.91667
121.25000
104.91667
81.08334
62.00000
51.33334
47.00000
49.00000
48.66667
53.25000
50.50000
47.66667
38.91667
34.25000
32.83334
39.66667
36.50000
24.16667
24.75000
24.50000
28.08333
29.91667
32.66667
36.41667
38.00000
37.16667
43.08334
45.00000
53.83334
64.33334
65.66667
82.58334
99.16667
114.41667
130.83334
141.25000
146.16667
152.08334
156.83334
160.08334
161.83334
164.16667
165.66667
166.16667
167.16667
166.16667
160.50000
154.58334
147.08334
141.33334
133.41667
125.08334
110.75000
86.58334
66.08334
53.75000
49.41667
50.66667
50.58334
57.58334
54.41667
50.33334
43.75000
38.08334
42.66667
44.91667
42.41667
28.58333
29.58333
30.41667
32.58334
38.50000
44.16667
44.83334
44.25000
39.41667
45.00000
49.50000
59.08334
66.00000
74.33334
93.41667
110.75000
130.66667
143.91667
152.00000
156.08334
162.08334
165.33334
168.08334
170.08334
170.83334
170.83334
172.58334
172.50000
168.58334
162.75000
154.83334
143.91667
134.58334
130.58334
125.41667
114.16667
93.58334
70.91667
58.25000
54.50000
52.83334
54.75000
63.75000
59.91667
55.16667
47.75000
44.91667
51.75000
50.41667
47.75000
33.33334
32.83334
39.91667
44.83334
48.58334
50.41667
56.91667
51.58334
44.41667
51.08334
55.33334
66.75000
68.91667
80.16667
101.91667
119.66667
133.25000
146.00000
155.25000
160.25000
163.41667
168.83334
173.91667
176.00000
175.75000
176.66667
176.00000
173.25000
169.58334
162.25000
155.00000
147.58334
137.58334
127.91667
123.41667
118.33334
105.50000
81.25000
66.58334
60.08334
58.33334
61.83334
70.33334
68.25000
61.66667
51.91667
52.58334
54.58334
56.66667
53.66667
30.33333
38.58334
47.91667
56.25000
58.58334
61.83334
70.41667
61.25000
51.58334
54.83334
62.58334
68.33334
71.83334
89.83334
107.41667
123.25000
136.33334
150.91667
159.16667
164.50000
165.75000
168.75000
175.00000
177.33334
180.16667
179.58334
179.91667
176.75000
172.25000
164.75000
156.83334
144.91667
135.41667
128.75000
123.66667
121.16667
112.58334
94.50000
77.00000
67.66667
66.83334
67.25000
77.00000
76.58334
65.66667
56.08334
59.66667
57.75000
63.41667
62.75000
36.50000
47.33334
57.33334
64.41667
68.25000
76.16667
81.75000
72.25000
60.33334
65.08334
72.16667
69.91667
83.08334
98.58334
111.33334
123.83334
133.33334
149.66667
161.58334
167.58334
170.83334
171.91667
175.66667
178.58334
180.25000
179.50000
179.00000
176.58334
174.83334
168.83334
159.66667
147.50000
133.83334
127.41667
123.66667
121.66667
116.41667
104.83334
89.58334
78.50000
74.83334
73.58334
81.50000
81.00000
70.00000
70.00000
72.91667
65.83334
59.58334
64.25000
42.33334
53.00000
66.16667
74.25000
79.25000
89.00000
86.83334
77.08334
69.41667
72.91667
76.66667
77.91667
91.00000
100.50000
108.75000
115.66667
127.00000
139.83334
154.00000
160.83334
166.83334
171.33334
174.66667
175.91667
178.00000
176.75000
175.33334
172.41667
169.33334
163.41667
153.33334
142.25000
131.75000
124.08334
122.33334
125.75000
125.41667
118.08334
100.00000
84.66667
81.83334
83.16667
86.08334
84.41667
79.00000
83.50000
79.41667
71.91667
57.75000
61.91667
48.66667
59.41667
74.66667
85.00000
88.83334
97.58334
93.16667
81.91667
80.16667
84.41667
82.16667
87.25000
98.00000
109.91667
118.16667
124.66667
131.75000
138.25000
146.75000
154.66667
160.75000
165.16667
170.33334
172.75000
173.33334
173.25000
171.16667
168.16667
162.00000
155.50000
147.58334
131.50000
126.83334
131.83334
134.41667
131.58334
124.58334
119.91667
114.08334
97.91667
91.33334
90.58334
88.58334
88.66667
92.75000
93.83334
83.91667
74.83334
68.25000
62.08334
53.25000
64.91667
82.08334
94.50000
97.75000
102.66667
96.83334
90.66667
87.50000
88.91667
90.66667
102.16667
120.41667
140.58334
146.83334
146.25000
141.66667
137.91667
141.25000
148.75000
154.25000
161.00000
167.08334
170.66667
171.33334
171.41667
167.08334
163.16667
157.41667
151.25000
146.83334
146.16667
140.25000
140.33334
142.00000
147.66667
141.50000
133.33334
119.41667
103.33334
99.00000
98.08334
101.41667
95.00000
102.08334
97.33334
90.08334
71.33334
73.75000
75.91667
59.16667
66.83334
88.83334
102.50000
104.41667
106.16667
103.08334
105.08334
100.25000
101.66667
112.58334
131.41667
144.08334
145.75000
146.41667
151.16667
148.91667
152.33334
152.16667
151.08334
148.08334
154.66667
163.58334
170.00000
172.08334
171.75000
167.33334
159.16667
156.08334
152.25000
143.50000
151.41667
148.08334
146.33334
132.33334
127.75000
128.08334
135.41667
141.16667
133.08334
111.08334
107.58334
109.83334
106.50000
109.25000
97.75000
95.16667
72.66667
77.83334
78.25000
63.75000
68.91667
92.33334
107.75000
109.58334
110.83334
113.58334
119.00000
118.33334
131.75000
134.08334
139.16667
148.50000
149.66667
149.66667
140.16667
137.58334
136.25000
139.41667
154.33334
158.33334
154.16667
159.16667
168.66667
172.83334
170.08334
162.91667
153.75000
153.33334
149.66667
155.50000
141.16667
138.66667
145.41667
143.08334
124.58334
125.50000
138.41667
127.16667
127.00000
131.08334
123.41667
117.16667
117.83334
112.08334
98.91667
92.33334
77.50000
78.75000
90.75000
67.08334
71.66667
95.41667
110.08334
113.33334
113.08334
120.50000
128.83334
140.50000
151.75000
146.50000
137.83334
137.83334
120.83334
127.66667
124.91667
143.25000
148.00000
145.50000
152.83334
154.83334
151.75000
158.33334
172.08334
175.91667
174.33334
159.75000
148.66667
147.91667
158.50000
155.08334
130.83334
130.00000
109.50000
113.33334
124.50000
133.08334
146.16667
135.00000
133.58334
129.08334
138.16667
122.58334
124.16667
114.16667
107.50000
86.75000
83.33334
90.83334
105.41667
73.66667
72.00000
97.33334
116.16667
119.75000
114.66667
122.41667
136.50000
141.50000
141.41667
123.08334
115.91667
114.58334
92.66667
88.83334
97.41667
110.25000
130.08334
138.00000
150.33334
147.16667
152.08334
158.08334
165.83334
178.33334
176.50000
159.33334
144.66667
151.91667
159.25000
150.00000
133.16667
135.16667
126.16667
105.50000
113.25000
111.16667
133.58334
114.08334
119.83334
129.41667
132.58334
131.00000
133.16667
122.33334
119.25000
92.25000
93.83334
99.00000
109.83334
81.83334
72.66667
96.08334
118.16667
123.25000
127.66667
134.25000
149.83334
139.50000
129.50000
112.08334
122.16667
129.33334
108.58334
93.83334
104.50000
132.91667
133.83334
137.08334
154.66667
151.33334
142.00000
145.66667
160.50000
168.66667
169.83334
158.25000
142.83334
153.08334
151.83334
151.75000
133.08334
142.08334
151.25000
120.16667
116.91667
125.00000
139.75000
129.00000
120.75000
132.16667
137.16667
151.66667
131.00000
130.50000
132.66667
102.16667
98.33334
113.58334
120.50000
94.41667
82.75000
92.58334
120.33334
128.41667
135.08334
141.41667
144.41667
137.91667
137.08334
123.33334
125.33334
121.75000
119.41667
121.83334
138.50000
142.75000
143.83334
146.25000
154.83334
150.75000
150.75000
138.16667
161.08334
173.16667
175.75000
160.66667
127.16667
148.25000
150.91667
156.33334
153.66667
154.25000
153.91667
146.91667
148.66667
152.83334
152.50000
150.83334
145.25000
142.08334
144.58334
151.41667
133.83334
137.25000
127.41667
114.00000
106.66667
125.58334
133.00000
103.75000
97.75000
96.66667
122.33334
132.08334
144.58334
147.33334
147.08334
141.33334
128.33334
129.58334
134.00000
141.75000
145.75000
153.91667
158.08334
149.58334
154.41667
162.00000
159.33334
145.16667
144.66667
147.41667
162.58334
172.91667
171.58334
165.58334
135.16667
118.66667
146.08334
155.41667
164.08334
163.33334
157.41667
160.25000
157.58334
158.25000
162.33334
159.66667
148.25000
147.66667
153.41667
147.50000
145.41667
146.08334
122.83334
120.58334
117.75000
132.00000
129.33334
114.91667
106.41667
103.91667
123.75000
129.25000
136.25000
142.91667
142.91667
144.08334
146.00000
151.33334
148.25000
149.33334
148.08334
151.91667
152.66667
155.66667
162.41667
171.41667
164.25000
153.91667
135.16667
144.58334
164.83334
177.50000
177.25000
170.50000
149.91667
130.41667
140.83334
159.41667
167.50000
167.66667
166.41667
165.16667
164.08334
157.08334
150.91667
151.00000
156.25000
157.41667
160.25000
148.25000
151.75000
151.33334
129.41667
125.58334
128.16667
137.16667
126.75000
116.58334
112.00000
111.08334
124.58334
129.08334
133.33334
137.66667
144.50000
147.25000
153.16667
156.16667
161.16667
157.83334
161.16667
161.00000
163.41667
167.58334
174.58334
175.58334
169.33334
142.50000
134.58334
148.08334
170.58334
179.16667
178.91667
171.41667
155.75000
136.75000
126.91667
157.41667
167.41667
168.50000
171.33334
171.75000
172.50000
175.00000
174.00000
167.75000
159.75000
159.41667
150.83334
150.83334
151.50000
146.08334
138.83334
129.91667
132.25000
136.83334
121.16667
118.08334
119.50000
116.91667
123.50000
130.08334
134.00000
143.66667
151.50000
152.08334
154.66667
161.66667
166.50000
167.00000
165.08334
164.16667
166.75000
171.08334
175.25000
174.25000
156.83334
138.91667
134.58334
153.41667
170.58334
178.41667
178.16667
172.50000
157.83334
145.50000
135.83334
145.00000
162.83334
173.58334
176.00000
176.33334
176.58334
178.58334
176.08334
174.91667
168.08334
156.25000
158.58334
151.58334
158.91667
142.16667
141.58334
131.33334
137.25000
146.91667
136.25000
116.75000
124.08334
123.08334
126.16667
131.83334
136.16667
144.08334
148.00000
155.16667
160.08334
168.58334
170.41667
171.50000
170.41667
170.41667
173.75000
174.58334
174.33334
171.58334
154.91667
143.08334
138.50000
157.25000
170.08334
177.83334
178.66667
172.83334
158.58334
151.50000
143.83334
150.83334
161.25000
165.41667
169.50000
170.33334
170.25000
169.41667
168.00000
168.41667
169.58334
165.83334
164.08334
156.08334
157.58334
144.58334
136.50000
132.00000
140.00000
146.08334
147.41667
115.33334
125.16667
117.58334
127.58334
135.50000
138.75000
142.75000
153.41667
158.91667
162.50000
169.41667
173.33334
173.50000
174.00000
174.58334
177.91667
177.41667
175.25000
172.58334
154.75000
142.16667
145.00000
157.66667
169.58334
178.00000
179.08334
172.16667
159.66667
153.08334
145.66667
148.33334
164.00000
173.25000
178.25000
180.91667
181.00000
181.50000
181.08334
178.00000
175.41667
170.16667
164.00000
157.41667
154.00000
145.41667
134.33334
137.66667
144.08334
139.91667
151.75000
118.08334
120.83334
123.41667
130.66667
135.08334
140.16667
145.25000
153.66667
162.08334
167.41667
171.16667
177.50000
178.08334
177.58334
178.00000
180.33334
181.41667
177.16667
165.91667
141.41667
143.00000
148.00000
157.66667
168.33334
178.00000
179.83334
173.25000
161.66667
155.41667
148.08334
143.00000
159.50000
169.66667
174.83334
176.33334
178.08334
180.08334
180.50000
178.83334
176.66667
169.66667
159.91667
156.66667
143.25000
143.75000
134.91667
136.66667
144.50000
135.00000
152.91667
118.50000
119.16667
125.83334
129.83334
134.08334
140.50000
145.91667
154.91667
162.08334
166.16667
169.75000
174.58334
178.08334
178.41667
181.16667
180.58334
176.08334
165.66667
153.25000
149.66667
147.08334
149.83334
159.91667
168.83334
177.00000
180.50000
174.75000
164.00000
156.83334
149.25000
143.66667
149.91667
165.83334
172.25000
173.50000
174.83334
175.58334
177.91667
177.58334
172.91667
167.25000
160.16667
163.25000
142.66667
142.08334
138.75000
145.08334
145.25000
133.33334
140.58334
111.33334
119.16667
126.75000
128.08334
132.75000
140.08334
145.83334
153.91667
160.25000
166.16667
172.41667
175.66667
175.16667
174.08334
175.16667
174.58334
169.91667
162.16667
157.00000
147.91667
146.58334
152.91667
162.16667
171.25000
179.00000
182.16667
175.91667
166.50000
159.00000
152.66667
149.75000
145.00000
149.25000
164.33334
169.58334
172.50000
173.33334
174.08334
171.83334
167.66667
162.50000
157.58334
159.66667
150.75000
140.08334
136.08334
147.00000
140.41667
143.33334
161.41667
99.66667
116.33334
127.66667
129.00000
130.83334
138.66667
144.83334
152.16667
161.25000
166.00000
172.50000
177.50000
179.91667
181.08334
180.91667
178.41667
171.41667
153.50000
147.66667
149.66667
150.58334
157.33334
164.00000
173.25000
179.75000
183.25000
177.91667
168.00000
161.41667
155.16667
154.83334
150.33334
144.25000
147.00000
160.16667
163.83334
168.58334
171.75000
166.25000
160.66667
157.50000
156.58334
147.50000
149.08334
139.25000
139.50000
142.08334
137.08334
153.58334
186.41667
89.08334
109.66667
123.58334
125.33334
130.41667
136.66667
144.66667
149.25000
159.08334
163.75000
169.91667
173.91667
179.66667
182.41667
178.83334
175.08334
164.50000
146.00000
142.16667
150.33334
151.41667
155.50000
164.16667
175.08334
181.91667
184.66667
178.00000
169.66667
161.91667
154.16667
153.91667
149.41667
141.75000
141.91667
157.08334
163.83334
165.33334
167.66667
165.16667
160.58334
157.66667
158.00000
145.08334
139.25000
139.33334
150.50000
153.66667
144.66667
165.91667
177.25000
77.58334
94.25000
115.58334
129.50000
132.50000
134.83334
142.33334
147.16667
154.00000
161.75000
166.75000
170.91667
176.75000
177.66667
174.25000
173.41667
161.83334
140.83334
145.33334
149.83334
149.00000
156.25000
163.83334
173.16667
178.00000
180.58334
175.58334
166.50000
158.16667
150.00000
147.33334
142.25000
139.16667
141.58334
152.41667
160.83334
163.50000
163.91667
162.00000
159.58334
154.58334
156.33334
150.00000
142.16667
136.75000
151.66667
156.08334
164.08334
164.50000
179.41667
77.83334
88.50000
104.66667
129.08334
135.08334
135.83334
140.58334
145.91667
150.91667
160.58334
164.91667
167.91667
171.50000
171.25000
172.91667
170.33334
160.00000
146.33334
146.08334
144.91667
145.16667
150.91667
158.25000
166.83334
169.41667
172.33334
169.08334
157.75000
147.75000
142.75000
134.16667
132.25000
138.58334
147.00000
154.91667
159.41667
160.08334
158.66667
158.33334
155.50000
150.75000
148.75000
151.33334
144.08334
138.83334
161.91667
167.83334
166.00000
168.00000
182.50000
76.41667
85.91667
96.16667
117.41667
133.08334
136.41667
139.75000
145.41667
148.58334
156.33334
162.25000
163.50000
165.66667
169.50000
169.58334
165.00000
160.50000
156.50000
147.00000
136.66667
128.16667
136.66667
146.91667
152.91667
156.00000
159.91667
157.58334
148.58334
140.58334
132.50000
130.25000
136.33334
144.75000
151.91667
158.50000
159.91667
157.41667
157.16667
158.50000
152.91667
152.00000
143.41667
146.00000
144.66667
152.25000
167.66667
160.00000
166.16667
171.08334
174.00000
75.50000
80.00000
90.83334
105.75000
129.25000
134.33334
139.91667
144.08334
147.25000
153.41667
159.66667
162.25000
163.50000
167.25000
166.41667
162.83334
161.83334
158.66667
152.33334
143.91667
140.50000
134.41667
136.00000
145.16667
151.00000
154.16667
151.00000
140.41667
134.91667
129.91667
138.00000
143.00000
148.83334
152.50000
158.25000
158.91667
158.58334
158.58334
157.41667
150.00000
154.91667
150.58334
147.41667
143.75000
161.33334
171.58334
159.25000
163.16667
176.66667
168.25000
72.75000
79.08334
85.41667
97.08334
115.25000
128.75000
140.50000
143.66667
146.91667
150.75000
158.91667
159.41667
163.25000
165.00000
163.91667
160.25000
161.00000
157.33334
153.33334
149.16667
148.00000
144.83334
144.66667
146.83334
150.58334
153.41667
153.25000
146.16667
140.75000
145.16667
147.75000
148.00000
147.83334
151.66667
155.83334
157.58334
156.83334
155.83334
154.58334
150.25000
149.58334
153.25000
149.25000
140.16667
163.58334
175.25000
176.00000
163.16667
172.91667
162.00000
71.58334
75.91667
82.75000
91.91667
107.33334
118.58334
131.58334
142.66667
146.16667
149.83334
158.00000
158.16667
161.75000
163.83334
160.75000
157.50000
159.83334
157.66667
152.66667
151.50000
152.16667
151.91667
153.41667
154.91667
156.58334
158.33334
159.83334
157.25000
151.91667
152.33334
152.00000
151.41667
150.08334
149.41667
150.33334
153.08334
150.25000
150.16667
153.08334
153.41667
147.00000
149.66667
148.66667
147.66667
164.58334
179.16667
178.25000
165.08334
166.41667
162.75000
71.41667
74.91667
78.33334
86.41667
101.66667
116.83334
129.58334
139.25000
146.33334
149.91667
156.00000
159.00000
161.83334
162.00000
154.58334
153.66667
157.58334
154.58334
153.41667
155.08334
153.83334
151.58334
149.83334
152.16667
156.50000
158.08334
156.75000
155.25000
152.41667
153.00000
153.75000
150.08334
145.66667
141.50000
142.75000
145.16667
145.00000
150.16667
153.83334
157.41667
151.58334
156.50000
154.41667
170.91667
177.25000
178.50000
176.66667
165.16667
165.58334
177.00000
69.66667
74.83334
78.58334
84.66667
95.66667
113.58334
125.00000
135.91667
146.58334
148.41667
152.58334
159.25000
162.66667
163.41667
157.75000
147.66667
145.83334
142.00000
141.00000
143.50000
144.00000
145.75000
144.08334
150.33334
154.50000
153.58334
153.25000
147.41667
143.91667
143.08334
143.25000
142.75000
145.91667
139.50000
145.66667
140.58334
143.16667
154.58334
153.33334
153.00000
154.08334
156.66667
150.66667
175.75000
188.16667
177.91667
172.33334
166.83334
155.58334
186.00000
69.25000
74.00000
77.08334
82.91667
90.33334
107.66667
119.25000
131.50000
142.33334
148.16667
151.08334
158.50000
161.66667
162.75000
160.33334
152.00000
143.33334
136.66667
127.41667
131.66667
132.91667
137.25000
134.75000
137.58334
141.00000
139.25000
136.91667
128.33334
119.91667
117.83334
121.25000
126.00000
127.41667
131.50000
142.00000
142.25000
150.91667
158.58334
152.50000
145.75000
158.08334
159.00000
154.50000
161.25000
185.58334
181.50000
160.83334
171.50000
157.66667
172.91667
69.08334
72.91667
78.50000
81.75000
83.25000
97.75000
115.58334
127.08334
137.50000
147.25000
150.00000
154.91667
161.58334
163.91667
160.91667
157.66667
153.25000
141.41667
131.50000
126.91667
120.66667
124.50000
120.75000
121.00000
116.66667
124.58334
127.00000
122.25000
112.66667
120.83334
119.16667
124.25000
130.66667
139.91667
141.00000
144.75000
150.91667
151.16667
149.66667
149.91667
155.16667
158.25000
170.00000
179.50000
176.16667
173.33334
157.66667
171.00000
175.25000
161.75000
68.66667
72.25000
77.33334
82.16667
80.58334
89.58334
108.91667
119.25000
133.25000
141.91667
149.16667
152.91667
160.75000
162.91667
161.41667
159.25000
156.08334
153.00000
147.25000
140.33334
131.00000
119.83334
123.16667
123.50000
120.00000
122.08334
121.75000
122.00000
125.50000
117.58334
120.25000
129.41667
145.16667
144.58334
143.50000
144.50000
147.75000
143.16667
150.83334
159.83334
159.00000
154.25000
172.91667
189.83334
174.66667
168.33334
160.33334
158.75000
183.16667
181.91667
67.50000
70.66667
76.91667
80.58334
80.08334
83.16667
98.50000
111.83334
126.33334
136.75000
145.83334
151.83334
155.66667
160.50000
160.33334
159.83334
158.50000
157.50000
153.75000
146.58334
143.25000
137.16667
128.16667
128.08334
129.33334
132.33334
132.75000
131.75000
131.83334
132.16667
134.66667
142.16667
143.25000
140.41667
140.91667
152.91667
151.08334
146.50000
155.58334
156.00000
158.16667
166.33334
176.50000
182.75000
176.66667
157.33334
162.66667
149.75000
165.50000
187.58334
66.83334
68.33334
77.83334
79.75000
79.83334
82.00000
92.00000
106.83334
117.33334
131.41667
140.66667
148.08334
153.83334
159.25000
158.91667
160.41667
159.83334
158.58334
156.08334
152.08334
149.66667
148.58334
142.33334
138.50000
134.91667
138.33334
142.50000
143.33334
141.58334
135.08334
134.16667
137.00000
137.58334
139.25000
150.83334
153.50000
147.25000
152.16667
152.75000
151.00000
162.33334
184.66667
184.50000
175.33334
175.58334
152.41667
161.83334
169.33334
165.08334
184.91667
63.50000
62.08334
78.41667
79.00000
80.00000
82.66667
90.58334
100.91667
111.25000
123.75000
134.25000
142.00000
150.58334
155.25000
158.00000
158.00000
158.58334
157.58334
155.58334
154.58334
150.75000
148.00000
144.08334
142.91667
141.83334
139.33334
136.75000
136.25000
129.83334
130.75000
134.08334
138.66667
143.50000
148.08334
158.41667
147.75000
143.00000
153.25000
154.00000
154.91667
172.91667
188.75000
183.58334
174.16667
171.16667
146.08334
149.91667
176.83334
169.25000
179.58334
56.00000
67.00000
76.41667
77.33334
79.41667
81.91667
88.50000
100.08334
108.16667
116.83334
126.91667
135.83334
144.25000
152.25000
157.33334
157.50000
156.83334
157.00000
155.00000
153.91667
152.00000
150.66667
145.50000
140.83334
138.16667
136.33334
138.08334
139.08334
136.83334
140.91667
141.16667
144.75000
145.50000
147.66667
142.50000
148.25000
142.50000
139.66667
156.00000
162.33334
171.91667
165.16667
176.50000
172.41667
160.75000
140.58334
143.50000
166.50000
182.50000
174.16667
54.66667
73.83334
76.25000
78.25000
80.91667
81.75000
87.08334
102.08334
110.16667
117.00000
123.33334
133.83334
142.00000
149.08334
153.58334
158.83334
158.66667
157.08334
157.00000
155.25000
152.41667
151.41667
150.83334
147.50000
145.25000
143.83334
141.66667
141.16667
139.50000
140.33334
140.08334
142.66667
142.50000
144.50000
138.33334
139.00000
142.50000
153.58334
154.58334
174.58334
176.58334
179.00000
170.16667
168.66667
151.75000
134.08334
152.41667
160.08334
166.75000
149.58334
59.75000
72.41667
73.33334
78.91667
83.66667
80.58334
93.33334
106.08334
109.41667
110.08334
114.91667
123.91667
130.75000
144.58334
150.50000
154.08334
159.33334
159.08334
158.91667
158.75000
155.58334
154.66667
152.50000
150.41667
146.83334
147.08334
147.91667
145.83334
143.66667
144.33334
145.50000
143.83334
145.25000
142.58334
135.33334
128.41667
133.25000
157.50000
156.41667
166.08334
167.66667
167.50000
163.50000
171.58334
147.50000
122.25000
166.33334
169.50000
166.91667
158.58334
61.66667
69.91667
73.16667
77.08334
79.00000
83.83334
101.66667
100.75000
105.50000
110.75000
112.08334
114.66667
120.16667
140.08334
147.83334
150.41667
154.33334
157.83334
158.83334
157.25000
160.25000
159.25000
157.16667
156.66667
154.16667
149.25000
151.91667
151.25000
150.25000
148.50000
146.66667
146.50000
147.16667
143.25000
140.25000
133.33334
122.33334
150.25000
156.83334
160.66667
161.16667
176.75000
164.08334
161.16667
140.33334
127.33334
162.66667
170.41667
157.08334
165.83334
