116.36364
116.90910
116.36364
121.63637
122.81818
133.81819
129.27274
136.54546
151.00000
156.45454
161.63637
171.72728
183.00000
191.72728
195.18182
196.72728
200.81819
204.63637
205.18182
205.63637
205.90910
208.00000
208.27274
208.18182
209.72728
209.00000
211.72728
212.54546
211.81819
211.72728
213.72728
211.36365
209.27274
202.00000
195.72728
190.54546
187.36365
179.18182
164.45454
155.09091
145.63637
128.63637
130.00000
122.54546
113.00000
114.27273
123.09091
124.00000
120.81818
117.18182
116.09091
116.81818
117.36364
119.72728
125.45455
134.81819
132.54546
139.09091
151.90909
154.18182
172.09091
178.18182
188.45454
193.45454
196.36365
198.27274
201.72728
205.63637
207.36365
207.18182
208.09091
208.81819
210.00000
210.81819
211.54546
212.09091
212.45456
213.09091
212.81819
212.54546
212.81819
213.90910
210.09091
204.00000
197.72728
192.72728
188.63637
185.00000
172.27274
160.09091
152.36365
137.27274
123.54546
124.09091
111.90910
110.54546
123.18182
124.72728
121.27273
117.72728
116.09091
116.63637
117.00000
121.09091
125.63637
133.00000
134.09091
140.18182
145.09091
165.27274
177.90910
181.90910
190.54546
194.09091
197.63637
199.36365
203.09091
207.54546
209.09091
209.18182
210.36365
211.54546
212.18182
213.27274
214.00000
214.09091
213.81819
213.27274
213.27274
212.63637
213.72728
213.18182
210.63637
204.54546
198.45454
194.54546
189.72728
185.81819
176.72728
164.72728
157.45454
143.09091
123.00000
119.18182
113.00000
114.00000
123.00000
123.72728
117.81818
107.63637
111.27273
115.81818
116.72728
120.36364
122.81818
130.90909
134.72728
133.00000
150.18182
171.81819
177.45454
185.81819
192.09091
195.72728
198.00000
201.36365
204.81819
207.72728
210.00000
211.63637
213.27274
215.36365
215.54546
216.45456
215.27274
215.90910
215.36365
214.54546
213.72728
213.72728
213.18182
212.27274
209.54546
204.81819
200.36365
195.63637
191.45454
187.72728
179.45454
168.09091
161.90909
144.45454
124.63637
116.18182
113.54546
114.27273
123.27273
121.54546
113.54546
118.09091
109.36364
111.72728
117.09091
120.72728
121.27273
131.00000
133.63637
138.90909
156.36365
173.27274
182.36365
188.63637
193.54546
196.36365
200.36365
203.45454
206.63637
208.54546
211.54546
213.09091
214.09091
215.45456
216.90910
218.09091
219.09091
216.81819
216.54546
215.81819
215.00000
213.72728
213.81819
213.00000
209.36365
205.63637
201.18182
197.00000
192.81819
188.27274
181.45454
170.54546
166.72728
148.09091
129.90909
118.27273
108.27273
108.36364
123.45455
115.27273
112.18182
124.63637
113.09091
113.63637
117.63637
120.09091
117.18182
131.36365
133.72728
144.27274
156.90909
174.90910
187.09091
190.27274
195.27274
198.18182
201.00000
204.90910
207.90910
210.27274
211.54546
213.54546
215.27274
216.36365
217.00000
218.00000
217.81819
216.45456
216.00000
215.81819
215.00000
214.00000
213.36365
211.36365
209.90910
206.00000
202.27274
198.00000
193.54546
189.90910
182.27274
171.09091
167.54546
150.72728
131.00000
122.00000
107.81818
108.27273
118.72728
113.45455
111.00000
123.63637
118.81818
118.63637
118.54546
120.27273
113.90910
127.00000
131.09091
145.09091
163.81819
179.18182
190.36365
192.54546
196.36365
199.63637
202.72728
205.18182
208.27274
210.18182
211.09091
212.45456
214.09091
215.72728
215.63637
215.63637
216.81819
215.72728
216.00000
215.09091
214.45456
213.81819
212.63637
211.27274
209.81819
205.90910
203.00000
199.90910
194.63637
190.72728
182.54546
173.54546
168.90910
153.00000
128.54546
119.72728
106.90910
112.27273
117.36364
109.18182
111.81818
119.27273
117.18182
121.36364
121.18182
118.18182
108.72728
117.72728
133.63637
144.72728
169.81819
184.72728
191.18182
194.27274
197.72728
200.90910
203.36365
205.27274
207.27274
208.90910
209.45456
210.36365
212.63637
213.54546
215.63637
215.90910
216.00000
215.90910
215.45456
214.18182
213.63637
212.72728
212.36365
209.63637
208.81819
204.90910
202.63637
200.18182
195.90910
190.81819
183.90910
172.63637
168.54546
154.72728
129.90909
118.72728
111.09091
115.00000
115.90910
108.00000
115.18182
114.54546
117.54546
121.63637
129.45454
120.18182
106.00000
112.54546
134.72728
148.18182
171.81819
187.81819
193.18182
196.36365
198.54546
201.36365
202.90910
205.00000
206.81819
207.72728
209.09091
210.54546
211.81819
213.63637
214.90910
216.18182
215.90910
215.54546
215.27274
215.09091
213.18182
212.00000
210.81819
208.36365
206.72728
203.09091
202.63637
200.00000
197.27274
192.09091
184.54546
173.00000
167.00000
152.72728
127.36364
114.27273
107.90910
108.27273
112.72728
106.54546
115.45455
113.00000
122.72728
128.72728
137.00000
128.18182
115.54546
111.45455
134.63637
152.54546
172.27274
190.63637
194.00000
197.27274
199.72728
200.90910
202.72728
204.81819
205.72728
208.27274
210.27274
211.18182
212.36365
214.18182
216.27274
216.45456
215.63637
215.09091
215.90910
215.00000
213.63637
212.36365
211.18182
209.00000
207.27274
203.45454
202.00000
199.27274
196.81819
191.72728
185.00000
173.00000
167.54546
152.54546
127.63637
108.72728
105.27273
108.36364
112.45455
107.81818
124.18182
119.45455
126.63637
128.27274
141.72728
138.90909
121.00000
110.27273
134.18182
159.00000
172.81819
190.72728
195.09091
197.09091
199.27274
201.36365
203.36365
205.72728
207.90910
209.00000
211.09091
213.36365
213.63637
215.09091
215.90910
215.45456
216.00000
215.36365
215.27274
215.63637
214.90910
214.27274
212.54546
210.54546
208.36365
205.63637
202.72728
198.90910
195.45454
191.27274
186.00000
172.00000
168.45454
152.00000
125.00000
110.45455
105.09091
114.63637
119.54546
118.09091
129.54546
116.36364
131.09091
127.63637
135.27274
145.45454
132.45454
110.54546
135.36365
160.09091
170.36365
191.00000
194.81819
195.27274
198.54546
201.09091
205.36365
207.27274
209.36365
212.45456
213.81819
214.27274
215.09091
215.63637
215.36365
215.81819
214.63637
214.54546
215.18182
215.90910
216.54546
215.54546
213.27274
211.27274
210.00000
207.27274
204.63637
200.09091
194.63637
190.54546
186.54546
174.27274
169.18182
154.54546
129.27274
111.90910
108.18182
120.27273
119.54546
112.27273
127.27273
109.63637
125.00000
126.54546
138.81819
146.54546
139.18182
120.27273
139.81819
160.00000
173.36365
189.72728
193.63637
192.18182
192.63637
196.18182
199.18182
204.90910
207.90910
210.63637
213.90910
216.36365
217.81819
217.18182
217.18182
216.63637
216.36365
216.27274
217.36365
217.90910
218.45456
216.81819
214.72728
211.45456
209.54546
209.27274
206.45454
201.36365
194.63637
190.00000
186.27274
175.90910
171.36365
161.72728
134.72728
117.72728
117.81818
127.00000
116.27273
108.90910
126.27273
103.81818
126.81818
134.27274
146.36365
155.00000
146.63637
128.09091
141.54546
160.36365
174.18182
188.90910
193.27274
195.09091
198.27274
202.09091
204.27274
205.00000
203.27274
205.18182
208.54546
213.18182
218.09091
221.18182
220.54546
218.72728
218.54546
219.00000
218.72728
217.45456
218.09091
216.36365
213.00000
211.00000
210.27274
208.81819
206.90910
202.54546
196.18182
190.09091
185.09091
177.09091
173.81819
173.27274
136.36365
118.09091
122.81818
123.63637
118.45455
116.54546
127.00000
102.81818
129.63637
140.36365
152.63637
160.63637
147.09091
132.45454
143.27274
169.90910
171.27274
186.09091
190.00000
193.90910
195.54546
195.81819
197.18182
202.63637
203.90910
206.72728
206.90910
205.09091
205.90910
215.18182
219.00000
220.54546
219.45456
217.63637
216.81819
215.54546
216.09091
213.18182
210.45456
208.72728
206.27274
203.27274
200.18182
195.63637
189.90910
187.09091
184.36365
178.00000
174.72728
170.90910
138.90909
119.27273
117.72728
129.27274
122.18182
116.54546
129.81819
100.09091
132.09091
140.18182
154.81819
162.81819
151.90909
144.27274
148.36365
172.54546
181.63637
181.09091
178.54546
178.36365
175.72728
173.72728
165.54546
166.72728
167.81819
179.81819
184.27274
192.27274
201.18182
201.72728
207.27274
214.54546
214.54546
215.54546
214.90910
210.90910
203.00000
190.54546
174.63637
167.54546
168.54546
168.81819
172.54546
171.81819
169.72728
169.09091
172.63637
173.18182
173.90910
169.63637
142.54546
117.36364
119.09091
125.00000
120.00000
126.54546
144.00000
117.54546
135.54546
151.54546
159.63637
163.18182
170.00000
153.63637
147.00000
170.63637
179.63637
171.36365
156.63637
152.90909
141.00000
155.72728
140.72728
134.81819
123.00000
129.63637
132.27274
162.81819
181.54546
190.63637
201.00000
207.00000
209.63637
211.90910
210.90910
206.90910
193.45454
173.00000
148.72728
141.54546
148.27274
157.54546
152.45454
156.36365
159.27274
147.63637
150.81819
165.54546
170.72728
167.18182
147.90909
115.18182
122.63637
126.27273
130.09091
130.72728
137.81819
128.00000
135.45454
149.18182
160.81819
155.45454
172.00000
165.27274
146.81819
171.27274
176.63637
178.90910
169.00000
170.90910
175.18182
183.54546
176.18182
165.54546
153.18182
147.81819
134.90909
155.54546
166.09091
182.09091
196.90910
205.54546
211.36365
210.00000
208.27274
197.27274
177.90910
153.00000
136.81819
132.90909
137.36365
162.90909
165.00000
167.00000
172.54546
173.54546
163.54546
162.54546
171.09091
156.81819
149.54546
121.54546
131.81819
138.00000
139.81819
124.63637
127.54546
131.63637
138.18182
156.81819
159.00000
162.81819
167.18182
169.09091
153.09091
172.36365
180.81819
182.54546
177.36365
176.36365
164.00000
165.27274
167.54546
157.27274
149.18182
152.00000
162.27274
160.63637
163.36365
171.90910
190.90910
199.18182
210.81819
210.81819
208.18182
181.45454
167.81819
159.72728
149.36365
153.63637
150.63637
156.72728
143.72728
149.72728
160.54546
162.09091
167.36365
165.90910
171.90910
157.00000
146.63637
118.36364
137.27274
139.81819
138.09091
125.90910
126.81818
129.63637
134.72728
157.63637
162.09091
165.81819
173.18182
160.81819
152.45454
174.63637
183.09091
184.00000
179.27274
172.45454
148.18182
136.90909
152.09091
123.90910
127.45455
125.45455
146.54546
158.54546
175.18182
168.18182
180.27274
197.54546
202.72728
207.81819
207.45454
166.36365
163.36365
163.72728
155.54546
166.54546
139.63637
138.27274
111.00000
136.27274
133.09091
151.27274
171.18182
172.90910
170.81819
159.63637
141.27274
122.09091
144.90909
138.81819
138.90909
128.81819
127.90910
120.27273
131.00000
148.81819
164.09091
171.90910
178.18182
171.09091
161.90909
173.63637
176.00000
179.36365
180.45454
179.90910
162.09091
165.09091
185.18182
141.72728
131.09091
137.27274
176.45454
178.36365
186.27274
179.36365
174.09091
189.72728
208.00000
212.90910
189.63637
164.63637
161.00000
158.00000
173.09091
186.27274
154.18182
134.72728
134.45454
164.90910
150.54546
148.45454
174.00000
172.27274
164.18182
166.72728
162.45454
145.36365
149.90909
144.09091
139.18182
131.18182
126.72728
115.36364
135.81819
149.45454
165.90910
173.27274
184.09091
180.63637
171.00000
173.72728
165.54546
188.27274
198.36365
194.81819
188.18182
181.72728
185.72728
185.54546
165.90910
177.09091
183.72728
187.27274
195.72728
197.72728
188.00000
191.09091
209.27274
212.72728
199.45454
172.54546
165.63637
173.72728
180.54546
182.09091
157.18182
145.72728
160.45454
170.90910
164.72728
173.00000
179.54546
180.63637
170.00000
166.00000
163.63637
145.81819
149.72728
134.45454
137.54546
136.00000
125.54546
117.09091
125.27273
145.63637
154.90909
171.63637
179.54546
184.81819
175.90910
178.36365
189.27274
187.90910
197.18182
199.27274
199.09091
196.90910
191.63637
188.81819
189.90910
191.18182
192.90910
195.81819
192.63637
182.54546
188.54546
198.09091
210.09091
212.09091
204.18182
185.18182
168.90910
185.09091
183.63637
186.36365
182.54546
179.63637
174.90910
179.63637
178.72728
185.54546
185.72728
186.36365
182.63637
172.00000
159.27274
145.36365
161.18182
142.72728
140.45454
134.36365
122.27273
118.63637
119.09091
145.00000
153.36365
162.36365
180.90910
184.36365
181.00000
180.27274
194.63637
195.27274
198.90910
200.00000
198.27274
199.00000
203.72728
207.90910
207.81819
201.90910
199.63637
199.00000
198.45454
183.90910
188.27274
197.63637
208.27274
210.54546
203.72728
182.00000
164.27274
183.72728
196.36365
196.72728
192.63637
191.72728
193.72728
192.72728
189.63637
184.54546
183.72728
183.54546
178.54546
172.45454
158.27274
151.45454
162.81819
145.27274
132.63637
131.81819
117.45455
112.90910
113.90910
139.18182
155.27274
158.72728
165.90910
167.18182
172.45454
179.27274
193.09091
194.72728
203.00000
199.27274
203.27274
198.72728
200.90910
202.81819
203.00000
201.45454
201.09091
195.81819
192.00000
189.36365
193.09091
198.09091
206.72728
209.18182
203.81819
184.63637
170.72728
178.45454
188.00000
194.09091
200.27274
200.90910
197.72728
193.90910
191.00000
187.81819
197.18182
191.09091
182.00000
173.45454
149.18182
144.90909
143.63637
133.63637
126.90910
136.72728
118.18182
112.45455
115.00000
127.81818
152.81819
159.27274
168.18182
173.18182
167.36365
178.72728
192.00000
197.45454
202.72728
204.09091
202.36365
201.45454
199.90910
200.63637
200.90910
202.72728
208.27274
203.18182
197.72728
195.63637
195.27274
198.63637
205.81819
207.09091
202.36365
185.72728
177.63637
188.18182
201.27274
201.54546
201.27274
199.36365
194.81819
193.00000
195.36365
194.63637
194.45454
192.09091
183.72728
166.81819
157.09091
132.27274
140.18182
141.18182
127.63637
139.54546
118.36364
106.00000
113.90910
131.36365
140.45454
153.09091
161.54546
168.09091
167.18182
176.72728
188.54546
197.81819
202.81819
206.00000
208.81819
210.54546
209.18182
209.09091
210.90910
211.27274
207.36365
205.45454
199.72728
198.72728
196.27274
199.36365
205.18182
207.36365
202.36365
186.18182
181.90910
185.36365
197.09091
207.00000
210.36365
209.18182
206.27274
204.36365
201.90910
202.90910
197.00000
191.72728
180.45454
157.81819
148.63637
133.00000
139.81819
135.27274
130.36365
140.27274
119.72728
100.45455
110.45455
128.81819
138.18182
144.09091
156.90909
161.09091
171.90910
179.63637
184.54546
197.18182
201.00000
205.81819
207.54546
210.09091
211.45456
211.09091
212.27274
213.45456
213.09091
205.81819
202.36365
199.45454
193.63637
198.54546
204.18182
207.81819
202.00000
187.36365
184.09091
192.72728
197.45454
203.00000
208.81819
209.81819
207.36365
205.09091
204.00000
200.63637
194.45454
190.63637
174.18182
165.72728
150.27274
140.09091
143.18182
131.90909
132.18182
136.00000
120.36364
93.27273
110.54546
127.72728
138.90909
137.63637
149.63637
157.90909
171.09091
178.54546
183.09091
193.45454
200.09091
203.63637
207.45454
209.18182
212.63637
212.54546
213.72728
214.63637
211.27274
205.81819
199.00000
191.18182
191.63637
199.09091
203.72728
207.45454
201.27274
185.54546
179.27274
187.18182
202.63637
206.63637
206.36365
205.27274
205.54546
205.36365
203.27274
200.00000
190.81819
190.00000
171.54546
160.90909
147.45454
137.72728
139.18182
130.81819
131.18182
132.54546
125.81818
93.54546
104.45455
118.09091
131.36365
136.90909
139.63637
146.00000
164.00000
178.09091
183.09091
188.18182
198.72728
202.36365
207.18182
210.00000
213.00000
213.81819
213.18182
213.63637
210.00000
205.63637
191.09091
185.81819
191.45454
198.63637
205.81819
210.81819
202.81819
185.90910
181.18182
178.27274
200.63637
209.81819
209.81819
211.45456
210.72728
209.09091
203.81819
199.90910
192.09091
187.54546
171.72728
159.18182
146.00000
136.72728
138.72728
127.81818
129.27274
126.36364
123.00000
99.81818
103.27273
114.81818
126.45455
136.72728
139.18182
140.00000
155.36365
171.00000
182.63637
187.63637
197.54546
202.81819
207.00000
209.90910
211.36365
213.18182
215.09091
212.54546
211.54546
204.90910
187.36365
189.90910
189.63637
196.90910
203.54546
208.09091
201.09091
185.90910
187.63637
181.54546
188.36365
208.18182
210.36365
211.81819
211.72728
209.00000
202.18182
197.36365
193.81819
187.81819
170.90910
159.27274
145.63637
132.45454
128.81819
121.09091
132.63637
130.90909
121.18182
109.18182
103.18182
113.09091
124.18182
137.27274
138.63637
143.00000
157.54546
169.36365
183.00000
187.00000
194.72728
203.27274
207.09091
209.00000
211.54546
213.00000
215.18182
211.63637
211.18182
198.00000
184.45454
188.27274
187.63637
196.81819
214.81819
212.09091
202.90910
184.36365
181.18182
186.09091
181.18182
204.72728
211.90910
210.90910
210.72728
207.18182
201.63637
196.72728
195.27274
186.27274
168.27274
160.27274
148.09091
135.72728
128.45454
125.00000
136.63637
131.54546
118.72728
111.18182
102.27273
112.00000
122.63637
131.54546
139.90909
141.81819
155.18182
169.09091
182.54546
187.72728
193.54546
202.90910
205.90910
208.72728
210.36365
212.09091
213.27274
212.72728
212.63637
203.54546
179.54546
176.27274
178.36365
188.63637
204.63637
204.45454
197.72728
176.90910
171.18182
182.00000
183.90910
203.27274
212.27274
210.63637
211.36365
207.36365
201.45454
198.27274
195.27274
182.54546
167.27274
159.00000
145.81819
136.54546
133.09091
128.72728
141.27274
133.09091
120.81818
114.90910
101.36364
110.72728
121.00000
126.09091
136.90909
142.27274
153.27274
167.90910
181.63637
186.63637
192.45454
202.90910
206.45454
207.18182
208.36365
211.27274
212.54546
212.27274
214.00000
207.90910
189.36365
179.72728
180.90910
180.90910
183.54546
178.18182
170.63637
165.72728
164.45454
179.18182
194.81819
206.27274
213.18182
209.72728
210.00000
206.90910
201.54546
197.09091
190.09091
179.81819
166.81819
160.00000
148.18182
139.09091
133.81819
128.00000
144.81819
127.54546
117.27273
116.36364
99.81818
107.09091
117.45455
125.81818
131.09091
133.90909
144.27274
160.63637
179.27274
188.00000
191.81819
201.36365
205.63637
208.90910
210.81819
212.27274
212.18182
211.54546
211.27274
209.81819
203.54546
193.09091
189.27274
193.00000
192.27274
187.18182
185.09091
174.09091
177.36365
191.27274
202.54546
207.63637
211.36365
210.63637
207.90910
206.18182
202.00000
195.45454
188.72728
179.63637
167.54546
159.63637
146.18182
139.90909
133.36365
131.18182
144.81819
127.81818
116.81818
117.72728
98.18182
105.00000
116.45455
124.54546
130.90909
133.00000
138.36365
154.90909
175.81819
187.00000
192.54546
201.54546
205.27274
208.72728
210.45456
210.90910
209.09091
209.54546
207.27274
207.81819
204.63637
200.36365
198.45454
202.18182
202.63637
200.81819
202.90910
199.00000
193.18182
195.09091
204.09091
207.45454
205.81819
207.36365
206.90910
205.45454
201.09091
194.36365
188.63637
179.18182
170.00000
155.90909
146.81819
134.54546
129.18182
127.27273
142.18182
131.63637
120.54546
116.72728
94.81818
105.45455
115.63637
125.27273
130.90909
132.90909
138.18182
152.36365
172.18182
185.72728
191.54546
198.72728
203.09091
207.63637
208.81819
209.90910
205.63637
207.45454
206.36365
207.00000
205.54546
202.00000
204.54546
207.90910
204.36365
202.54546
208.27274
208.00000
205.63637
203.54546
203.72728
204.90910
204.18182
200.27274
200.54546
202.54546
199.09091
194.00000
187.09091
177.27274
167.45454
153.90909
147.00000
134.72728
132.18182
128.09091
145.81819
133.90909
121.45455
115.54546
93.00000
105.18182
113.54546
125.00000
129.72728
131.81819
137.72728
150.18182
171.27274
184.90910
189.27274
193.54546
196.63637
198.36365
203.18182
205.00000
204.27274
206.09091
204.54546
203.90910
203.72728
199.00000
200.45454
205.63637
204.27274
204.45454
204.36365
205.36365
203.36365
203.45454
204.09091
204.18182
204.18182
202.18182
196.45454
198.00000
195.81819
191.27274
185.63637
173.54546
164.27274
153.18182
145.27274
133.72728
132.90909
129.00000
144.63637
136.72728
126.72728
118.27273
93.36364
104.81818
112.36364
122.81818
129.90909
131.27274
137.72728
148.00000
172.18182
183.18182
187.72728
193.27274
201.72728
201.72728
201.36365
199.90910
197.27274
197.09091
191.72728
189.27274
191.36365
187.45454
187.27274
187.72728
190.09091
193.54546
194.27274
189.72728
191.36365
186.09091
187.00000
189.18182
193.09091
201.81819
198.18182
196.90910
192.09091
190.09091
184.18182
171.18182
163.90910
150.90909
145.36365
136.45454
134.27274
132.72728
147.54546
140.72728
126.00000
120.81818
95.72727
103.27273
110.45455
120.81818
130.45454
131.54546
136.63637
146.27274
170.54546
181.45454
186.54546
191.18182
199.27274
203.81819
203.27274
201.09091
199.90910
190.09091
176.18182
168.18182
170.90910
172.18182
170.45454
167.81819
162.81819
163.09091
164.54546
170.81819
174.45454
172.63637
167.27274
165.90910
185.09091
200.45454
198.81819
195.45454
190.45454
186.81819
180.36365
170.72728
165.90910
151.72728
144.00000
138.18182
134.54546
133.90909
149.27274
140.45454
131.45454
122.63637
99.72727
99.90910
109.81818
118.45455
129.09091
130.63637
135.27274
143.09091
167.81819
178.45454
186.27274
189.54546
194.36365
202.09091
204.18182
203.72728
204.09091
196.18182
175.90910
164.90910
161.36365
162.54546
167.18182
166.81819
160.09091
159.18182
161.72728
167.27274
173.00000
169.81819
168.72728
170.63637
180.00000
195.00000
198.45454
193.72728
188.27274
183.72728
178.36365
170.54546
162.63637
149.90909
144.09091
138.09091
137.81819
140.54546
150.00000
141.45454
133.81819
124.63637
116.63637
116.90910
122.18182
123.00000
134.18182
138.27274
143.45454
150.27274
166.00000
175.45454
183.54546
188.09091
190.09091
198.18182
203.54546
205.27274
202.27274
200.54546
195.90910
181.36365
172.18182
169.54546
174.63637
178.00000
172.00000
169.27274
166.54546
168.18182
172.27274
168.81819
172.72728
179.27274
194.63637
201.90910
200.09091
194.27274
186.09091
181.54546
174.45454
170.18182
161.90909
150.54546
141.90909
141.00000
140.00000
148.00000
151.09091
145.54546
138.00000
127.90910
132.09091
124.09091
129.63637
131.81819
142.63637
145.36365
151.54546
144.09091
166.54546
178.00000
180.27274
188.09091
189.18182
192.00000
199.27274
203.00000
202.72728
202.18182
198.45454
194.00000
187.90910
176.90910
172.72728
174.45454
174.63637
175.00000
175.09091
173.90910
176.09091
179.18182
186.18182
191.09091
196.81819
200.63637
198.90910
190.27274
182.72728
178.45454
176.45454
169.09091
157.00000
150.18182
143.00000
143.00000
142.72728
156.36365
152.63637
142.18182
140.00000
128.72728
133.90909
129.36365
132.36365
131.72728
142.72728
142.09091
140.45454
145.63637
167.27274
175.81819
179.81819
185.54546
189.45454
189.90910
196.00000
200.81819
203.09091
204.36365
204.09091
200.72728
197.36365
190.18182
185.63637
185.18182
185.54546
186.72728
188.09091
187.54546
186.18182
188.18182
187.81819
191.54546
194.72728
198.18182
194.27274
185.18182
181.63637
180.36365
176.09091
166.81819
146.81819
140.27274
145.63637
147.72728
144.54546
159.81819
152.72728
138.27274
142.54546
130.00000
135.00000
131.36365
135.27274
135.27274
140.36365
133.18182
138.54546
146.18182
165.45454
174.09091
182.81819
184.09091
186.63637
188.36365
190.90910
197.81819
202.54546
204.63637
202.18182
200.63637
198.90910
196.45454
194.18182
192.27274
189.45454
185.45454
186.54546
187.45454
188.18182
189.45454
190.09091
191.90910
194.45454
194.63637
190.36365
181.00000
180.72728
177.54546
172.45454
166.63637
154.00000
137.09091
136.09091
149.81819
144.27274
165.00000
153.63637
137.27274
143.36365
127.36364
137.18182
137.45454
134.81819
130.81819
133.72728
132.36365
131.18182
147.27274
166.27274
173.72728
182.36365
185.63637
184.81819
188.81819
189.90910
197.72728
200.63637
205.45454
206.36365
205.36365
205.18182
204.54546
201.36365
198.18182
196.45454
192.54546
194.09091
196.36365
194.90910
192.27274
191.00000
194.45454
192.36365
190.81819
184.45454
179.18182
180.72728
175.81819
174.54546
170.18182
161.45454
142.45454
124.90910
124.27273
142.45454
168.63637
159.09091
143.00000
149.45454
128.00000
135.09091
132.81819
127.72728
130.45454
133.00000
126.36364
133.54546
150.09091
164.00000
175.45454
182.09091
187.18182
186.72728
187.45454
189.54546
195.27274
199.36365
201.00000
204.36365
205.72728
206.54546
207.18182
205.90910
204.81819
203.36365
201.45454
200.90910
199.00000
194.45454
194.00000
196.90910
195.90910
192.00000
188.63637
181.54546
182.81819
180.00000
176.36365
177.36365
170.54546
157.81819
143.63637
134.45454
129.36365
127.36364
164.72728
154.63637
138.90909
142.90909
126.45455
138.09091
137.72728
131.00000
116.63637
110.72728
127.81818
136.00000
151.09091
162.81819
175.36365
184.63637
187.63637
188.54546
186.45454
189.00000
194.45454
197.18182
196.81819
201.00000
204.63637
206.00000
206.36365
206.09091
205.09091
202.27274
200.54546
198.27274
194.72728
198.09091
200.09091
198.45454
194.54546
190.09091
182.63637
184.72728
183.09091
178.00000
180.18182
175.36365
163.63637
151.81819
141.36365
137.90909
132.36365
129.45454
150.18182
149.72728
132.54546
140.27274
126.72728
135.09091
126.54546
115.00000
119.45455
136.90909
140.90909
142.90909
159.90909
167.54546
177.54546
187.36365
192.09091
191.09091
187.81819
189.18182
193.09091
194.90910
196.00000
195.54546
197.27274
200.18182
202.72728
202.63637
203.81819
201.72728
198.18182
194.36365
196.36365
197.45454
195.81819
183.45454
191.81819
187.36365
181.18182
183.54546
179.90910
178.63637
183.45454
180.45454
161.00000
137.72728
140.36365
138.36365
133.63637
132.18182
150.81819
148.00000
129.81819
137.00000
126.27273
123.90910
122.81818
125.27273
128.54546
139.81819
156.18182
158.45454
169.54546
180.45454
184.45454
190.36365
198.09091
201.00000
196.90910
190.81819
191.09091
193.27274
194.09091
194.72728
192.90910
194.54546
195.72728
195.72728
196.45454
191.72728
188.18182
193.54546
191.63637
189.00000
188.54546
177.90910
181.54546
183.90910
184.18182
180.18182
184.63637
176.54546
170.54546
171.18182
157.81819
134.36365
133.09091
131.18182
135.09091
136.09091
150.63637
147.18182
128.63637
132.72728
124.45455
