62.33334
63.25000
53.41667
43.33334
52.25000
65.25000
84.08334
93.16667
96.75000
99.83334
101.41667
105.83334
111.08334
120.66667
128.58334
139.66667
147.08334
151.25000
154.66667
153.00000
152.50000
151.83334
160.41667
163.00000
163.16667
162.08334
164.00000
162.91667
159.66667
157.50000
154.91667
149.41667
146.50000
143.50000
138.91667
135.25000
129.66667
123.41667
116.75000
109.00000
98.33334
99.66667
95.75000
89.25000
79.00000
68.16667
62.00000
54.75000
44.00000
41.50000
54.41667
55.91667
40.25000
39.66667
49.33334
67.75000
83.16667
91.66667
94.16667
96.08334
100.25000
103.33334
111.75000
122.50000
133.83334
140.66667
146.16667
150.50000
152.08334
151.83334
156.58334
162.08334
165.16667
166.50000
166.91667
167.41667
167.50000
166.83334
166.16667
164.58334
161.00000
156.33334
152.75000
150.25000
146.75000
142.66667
135.75000
128.00000
121.41667
112.66667
104.50000
98.58334
96.33334
91.50000
83.08334
73.16667
65.08334
56.33334
47.25000
43.91667
52.16667
52.58334
37.58334
40.83334
54.00000
74.66667
86.33334
94.91667
97.75000
99.33334
102.08334
106.50000
117.75000
131.50000
139.00000
142.83334
148.08334
152.08334
156.83334
161.58334
163.25000
164.58334
165.83334
168.50000
168.08334
167.58334
168.08334
168.75000
168.08334
167.08334
163.41667
161.25000
159.58334
156.58334
151.91667
148.50000
140.91667
133.16667
125.75000
116.25000
107.66667
99.66667
93.58334
85.33334
78.00000
68.75000
60.66667
51.41667
40.75000
36.16667
50.50000
50.25000
36.33334
44.50000
61.58334
78.83334
90.16667
96.41667
99.08334
101.41667
102.58334
112.83334
128.91667
136.00000
143.41667
147.33334
150.66667
158.00000
162.25000
163.83334
165.33334
166.58334
168.00000
168.66667
169.08334
168.16667
168.91667
168.83334
168.83334
166.91667
164.58334
163.33334
161.66667
160.16667
155.41667
151.91667
145.91667
138.08334
131.50000
122.83334
112.16667
102.91667
98.91667
87.16667
78.75000
73.00000
64.08334
54.00000
43.50000
37.16667
48.00000
44.75000
36.75000
49.25000
68.08334
85.33334
93.00000
97.83334
101.50000
102.33334
105.83334
122.08334
133.91667
139.41667
144.25000
150.33334
158.75000
161.41667
164.16667
165.83334
167.33334
168.50000
169.50000
170.91667
169.83334
171.25000
170.83334
169.91667
169.75000
167.66667
165.91667
164.25000
162.75000
161.41667
157.50000
152.58334
146.58334
140.16667
134.58334
126.75000
118.08334
109.16667
102.33334
89.91667
79.50000
75.00000
67.00000
55.83334
45.41667
38.50000
47.91667
44.66667
39.00000
53.58334
73.16667
88.00000
96.25000
100.33334
103.16667
105.58334
114.41667
128.08334
135.41667
139.66667
147.00000
154.33334
159.08334
161.83334
164.33334
165.66667
167.00000
169.00000
170.00000
169.25000
168.91667
168.33334
168.33334
167.41667
167.16667
166.50000
165.50000
164.00000
163.41667
161.33334
157.58334
152.41667
147.16667
142.00000
135.25000
128.75000
121.16667
113.41667
106.50000
94.00000
80.50000
75.50000
68.83334
58.00000
48.66667
39.75000
49.41667
44.00000
41.33334
57.16667
78.41667
90.91667
98.33334
103.16667
105.50000
109.08334
119.58334
131.25000
138.16667
143.41667
149.25000
153.83334
158.75000
161.91667
162.58334
164.41667
166.08334
167.16667
168.00000
168.50000
168.00000
168.33334
167.58334
167.00000
166.25000
163.58334
163.25000
162.41667
160.83334
159.25000
154.16667
150.83334
146.25000
142.00000
136.16667
130.66667
124.50000
116.83334
109.41667
96.83334
83.58334
75.50000
69.08334
60.50000
51.66667
42.50000
50.75000
46.25000
46.08334
64.50000
82.50000
92.33334
101.75000
105.33334
106.41667
112.25000
121.58334
134.08334
141.00000
147.58334
151.58334
154.58334
158.66667
160.75000
161.58334
162.25000
164.08334
164.66667
164.75000
166.00000
166.25000
166.66667
165.91667
165.66667
163.16667
160.91667
160.33334
157.75000
156.16667
155.66667
151.91667
148.75000
143.91667
141.41667
136.75000
132.33334
125.75000
119.41667
109.08334
98.33334
88.75000
76.41667
69.33334
62.50000
55.50000
45.83334
51.41667
48.83334
50.00000
69.66667
83.66667
92.00000
103.25000
106.75000
113.75000
116.75000
124.41667
135.50000
145.08334
150.25000
152.25000
154.00000
156.00000
159.41667
160.75000
160.83334
162.25000
163.33334
162.33334
163.66667
162.83334
162.83334
162.41667
161.91667
160.33334
159.08334
158.50000
157.16667
154.91667
151.75000
148.25000
146.08334
142.41667
140.50000
138.33334
132.41667
126.25000
118.75000
108.50000
99.75000
93.41667
79.25000
69.41667
63.41667
57.50000
51.25000
49.00000
49.50000
51.33334
75.16667
84.58334
92.66667
103.75000
107.66667
117.33334
119.50000
125.41667
137.08334
145.50000
148.91667
151.75000
154.25000
156.16667
158.83334
158.41667
159.33334
161.41667
160.66667
160.66667
160.33334
161.16667
160.83334
161.08334
160.08334
158.33334
158.16667
157.33334
155.41667
153.33334
150.25000
146.58334
143.50000
141.00000
139.41667
138.33334
133.25000
125.16667
118.58334
107.33334
101.16667
94.25000
83.41667
69.91667
62.91667
58.08334
54.33334
47.33334
48.00000
51.58334
76.41667
86.41667
91.91667
100.91667
108.00000
121.58334
120.66667
125.08334
139.08334
145.00000
148.08334
151.16667
153.50000
155.58334
157.75000
159.83334
161.75000
162.75000
163.25000
162.66667
162.66667
162.58334
162.00000
161.75000
160.91667
160.66667
159.50000
158.08334
155.75000
153.33334
150.41667
147.25000
144.58334
142.16667
140.16667
137.33334
131.75000
125.25000
118.16667
108.08334
103.16667
93.91667
84.08334
70.08334
63.08334
57.33334
57.41667
45.50000
46.50000
51.16667
73.00000
91.50000
90.33334
100.00000
108.75000
121.16667
118.00000
127.50000
138.83334
142.50000
146.33334
149.83334
151.25000
151.83334
154.83334
158.58334
160.66667
164.33334
167.16667
167.08334
167.33334
167.16667
167.16667
166.66667
165.33334
164.25000
162.58334
161.08334
158.08334
155.16667
148.58334
146.16667
144.25000
141.91667
139.83334
135.75000
130.91667
125.41667
116.58334
109.00000
105.25000
95.25000
82.50000
72.91667
64.66667
60.25000
57.08334
42.41667
44.16667
50.50000
70.33334
91.75000
89.41667
98.91667
108.41667
118.83334
117.41667
130.66667
136.08334
137.91667
139.75000
138.16667
136.41667
140.50000
149.00000
153.83334
157.83334
163.16667
166.91667
170.91667
172.08334
172.66667
172.58334
171.00000
170.00000
169.83334
165.25000
163.41667
156.25000
148.50000
143.16667
138.00000
135.41667
134.41667
134.83334
132.25000
126.50000
122.75000
117.33334
110.25000
104.91667
95.50000
84.08334
74.41667
65.66667
60.66667
57.08334
40.91667
42.25000
47.91667
66.91667
89.25000
90.00000
98.33334
106.75000
115.66667
117.75000
129.83334
125.25000
122.50000
116.66667
111.25000
114.16667
122.16667
131.91667
144.25000
151.25000
156.91667
161.58334
166.16667
171.75000
175.00000
175.33334
173.83334
171.58334
168.33334
162.16667
153.50000
146.83334
142.66667
133.00000
126.16667
117.91667
116.66667
117.83334
119.00000
117.66667
117.58334
117.00000
107.75000
104.83334
97.33334
88.58334
78.58334
64.75000
61.00000
54.25000
41.66667
40.25000
45.91667
62.58334
88.25000
90.91667
96.41667
104.83334
112.91667
113.75000
113.58334
101.50000
95.41667
85.91667
82.41667
84.83334
89.25000
96.41667
108.16667
120.33334
138.25000
157.41667
165.91667
171.25000
173.50000
173.58334
171.41667
165.41667
156.00000
148.50000
143.58334
134.75000
126.91667
113.00000
103.41667
94.25000
90.41667
91.91667
93.58334
98.50000
108.83334
111.16667
105.08334
104.33334
95.91667
90.00000
79.58334
68.16667
56.58334
50.25000
46.41667
41.00000
43.25000
55.91667
86.00000
90.91667
96.16667
104.91667
109.08334
100.58334
92.91667
84.91667
77.91667
73.25000
69.00000
72.16667
72.50000
74.50000
82.25000
98.16667
117.08334
138.08334
154.25000
163.08334
166.83334
166.50000
158.75000
149.75000
141.75000
135.33334
128.08334
115.50000
103.25000
89.08334
80.58334
75.50000
76.83334
79.08334
81.66667
86.66667
94.66667
100.16667
102.16667
102.66667
96.50000
89.66667
82.41667
65.75000
54.00000
51.50000
46.33334
42.83334
42.91667
49.00000
82.58334
89.66667
97.08334
103.83334
100.50000
87.41667
84.83334
78.25000
73.83334
73.66667
81.16667
84.50000
86.33334
92.08334
93.66667
102.58334
115.33334
126.66667
140.08334
151.75000
154.83334
153.25000
145.50000
141.16667
136.50000
131.16667
125.25000
112.66667
91.83334
78.41667
72.91667
71.41667
74.66667
74.58334
68.83334
74.58334
81.75000
89.83334
91.66667
98.66667
95.08334
90.41667
81.00000
64.08334
56.41667
55.41667
51.58334
46.50000
44.83334
47.50000
80.25000
88.83334
95.75000
102.16667
93.08334
92.00000
96.58334
91.75000
99.83334
103.83334
106.00000
102.91667
97.41667
93.08334
88.41667
93.33334
98.16667
111.33334
126.50000
137.25000
140.33334
140.08334
134.41667
128.58334
121.25000
111.75000
100.41667
83.75000
69.50000
68.33334
74.00000
79.91667
86.41667
87.25000
84.66667
75.58334
76.58334
81.16667
86.66667
93.58334
93.25000
90.00000
80.00000
63.75000
55.58334
51.58334
59.25000
54.41667
49.83334
49.50000
76.83334
89.16667
94.00000
100.41667
96.16667
104.08334
114.08334
115.41667
114.50000
109.08334
103.16667
95.83334
88.00000
88.75000
88.25000
95.50000
84.33334
94.58334
108.25000
123.33334
136.41667
138.50000
130.66667
116.33334
99.08334
86.41667
84.50000
71.16667
72.83334
79.00000
88.75000
92.75000
97.00000
95.16667
92.25000
87.50000
83.75000
86.00000
89.08334
90.75000
91.25000
89.75000
80.50000
65.16667
58.58334
51.00000
58.66667
59.91667
53.16667
52.75000
74.25000
87.00000
94.08334
102.41667
108.75000
114.75000
115.83334
109.83334
94.08334
86.50000
82.16667
73.08334
77.91667
90.16667
91.58334
79.83334
84.75000
95.25000
111.91667
125.50000
140.66667
139.33334
129.83334
114.91667
94.75000
89.25000
78.33334
74.16667
83.33334
86.00000
79.25000
83.66667
89.00000
80.00000
83.75000
89.50000
93.75000
98.41667
100.58334
99.83334
93.50000
89.16667
80.00000
67.50000
58.33334
51.50000
59.91667
64.83334
58.91667
57.33334
74.58334
83.08334
97.00000
105.50000
111.58334
112.91667
111.33334
99.75000
87.33334
87.75000
80.08334
84.16667
84.33334
92.08334
93.41667
96.00000
95.50000
113.75000
113.41667
127.75000
141.08334
137.25000
131.25000
114.25000
97.66667
98.83334
84.91667
76.75000
83.00000
90.58334
82.33334
70.41667
73.83334
78.25000
80.25000
91.16667
95.66667
99.08334
101.83334
99.16667
93.75000
87.41667
75.75000
67.58334
58.00000
54.83334
63.75000
68.41667
66.16667
61.33334
74.41667
78.75000
91.41667
105.75000
110.91667
104.83334
104.16667
105.25000
107.00000
109.25000
114.08334
116.08334
113.66667
115.33334
111.50000
109.33334
114.00000
120.50000
122.16667
136.33334
140.66667
136.33334
127.25000
115.00000
103.75000
97.16667
99.33334
100.08334
106.83334
106.00000
116.75000
109.25000
101.75000
96.25000
96.75000
99.66667
106.33334
105.41667
104.91667
102.91667
96.83334
86.75000
73.83334
66.83334
60.75000
62.41667
59.33334
64.33334
69.50000
64.75000
75.50000
79.33334
95.08334
111.16667
113.50000
110.50000
116.83334
119.91667
124.75000
126.58334
126.83334
124.58334
128.58334
122.08334
119.33334
116.91667
119.66667
127.16667
130.16667
134.41667
139.25000
136.66667
124.91667
112.75000
109.25000
106.91667
107.16667
107.75000
103.75000
111.33334
116.16667
127.50000
127.41667
117.16667
106.75000
108.83334
115.91667
115.83334
111.08334
105.83334
99.41667
85.08334
72.50000
67.83334
66.58334
67.83334
56.33334
65.16667
64.91667
64.33334
72.25000
85.58334
87.41667
108.41667
113.00000
116.16667
124.33334
128.25000
130.58334
129.00000
129.83334
127.08334
132.75000
138.25000
131.16667
129.08334
128.75000
126.66667
132.58334
133.25000
138.83334
135.66667
124.16667
113.16667
115.91667
112.66667
122.33334
126.16667
121.08334
118.75000
122.50000
120.91667
126.66667
134.58334
128.91667
120.75000
122.00000
120.33334
116.33334
108.41667
100.33334
84.91667
75.66667
72.75000
72.91667
76.41667
54.75000
63.91667
63.66667
66.25000
67.83334
81.58334
88.58334
106.50000
114.33334
121.25000
130.33334
135.25000
135.83334
136.25000
135.16667
132.33334
140.91667
142.16667
134.50000
128.33334
125.58334
130.08334
129.00000
135.16667
141.58334
136.16667
122.25000
115.25000
117.58334
120.16667
120.25000
132.00000
140.00000
138.75000
138.50000
133.91667
129.58334
134.91667
138.91667
133.58334
128.66667
124.16667
118.00000
110.91667
101.33334
84.58334
80.58334
77.66667
79.16667
84.91667
53.66667
70.25000
62.75000
76.08334
69.83334
75.83334
86.66667
101.66667
116.33334
124.41667
134.33334
137.66667
139.50000
137.25000
136.91667
138.16667
141.50000
146.66667
139.25000
140.33334
129.83334
129.33334
132.16667
143.83334
147.00000
141.00000
130.16667
120.16667
123.91667
131.00000
134.50000
135.00000
140.33334
143.00000
146.00000
145.58334
144.50000
141.41667
141.58334
137.58334
132.33334
126.00000
118.00000
110.58334
101.41667
87.66667
82.33334
81.58334
81.91667
86.25000
52.58334
71.66667
63.91667
75.50000
71.33334
75.25000
83.50000
95.58334
118.66667
127.50000
136.33334
140.16667
141.50000
140.83334
143.16667
144.58334
150.58334
148.08334
145.91667
143.41667
131.58334
122.75000
127.08334
139.75000
141.83334
134.58334
128.75000
126.33334
123.16667
123.75000
131.00000
144.00000
148.08334
149.25000
149.33334
150.41667
150.33334
148.08334
144.50000
140.41667
135.16667
126.41667
119.50000
111.16667
101.00000
89.00000
82.25000
84.50000
82.25000
87.33334
51.00000
67.75000
62.91667
71.08334
73.41667
72.41667
81.58334
95.83334
114.91667
131.75000
139.41667
144.08334
143.50000
146.66667
149.83334
152.41667
149.83334
150.50000
141.41667
128.08334
124.50000
115.16667
132.50000
145.50000
146.25000
135.91667
123.25000
118.58334
120.58334
128.58334
122.66667
130.08334
147.08334
151.66667
153.50000
155.25000
154.91667
151.58334
146.25000
140.83334
134.41667
126.91667
120.33334
108.33334
100.58334
92.50000
88.58334
88.50000
87.75000
104.25000
53.08334
68.75000
65.75000
65.58334
76.08334
73.50000
79.50000
96.91667
107.08334
130.83334
139.75000
144.16667
146.25000
150.41667
151.66667
152.08334
148.16667
144.08334
134.00000
129.08334
134.41667
124.75000
137.66667
148.83334
147.66667
139.33334
130.58334
121.00000
123.83334
139.41667
129.83334
125.50000
139.75000
149.00000
151.83334
156.33334
158.66667
154.75000
148.66667
142.33334
134.41667
124.33334
119.66667
105.00000
97.41667
94.08334
90.08334
101.08334
94.91667
107.41667
60.83334
67.08334
72.83334
62.58334
78.33334
72.83334
80.41667
96.83334
106.83334
124.66667
137.50000
143.75000
148.25000
149.33334
152.58334
151.58334
143.00000
137.66667
135.00000
131.58334
130.00000
123.83334
131.50000
146.08334
149.75000
141.41667
130.58334
130.41667
124.50000
113.00000
121.33334
122.41667
137.41667
147.33334
152.83334
152.50000
154.75000
154.58334
148.50000
140.58334
131.66667
123.33334
129.25000
118.25000
110.33334
94.33334
92.00000
104.33334
102.91667
112.33334
54.50000
60.91667
74.00000
67.25000
81.75000
70.33334
79.75000
96.16667
105.66667
117.16667
135.58334
141.41667
146.00000
148.50000
149.50000
145.83334
137.41667
138.58334
137.08334
129.41667
114.83334
116.33334
127.83334
136.41667
130.50000
119.33334
111.50000
115.50000
112.75000
111.33334
119.50000
127.16667
135.91667
148.58334
151.08334
149.50000
150.58334
150.66667
145.08334
137.50000
128.66667
119.08334
124.41667
113.50000
109.75000
106.08334
104.41667
115.50000
115.83334
117.50000
50.16667
56.33334
75.50000
65.08334
81.50000
70.33334
77.41667
96.50000
104.50000
112.25000
128.66667
138.00000
143.75000
144.50000
140.83334
136.91667
133.33334
136.91667
139.41667
134.16667
120.58334
106.41667
114.58334
125.33334
126.83334
119.58334
105.91667
98.58334
97.66667
105.00000
118.25000
128.66667
137.58334
144.83334
147.83334
145.33334
145.58334
145.75000
140.25000
133.50000
125.75000
117.41667
123.08334
114.91667
111.91667
108.00000
112.41667
113.41667
118.66667
119.00000
50.91667
49.58334
68.75000
63.91667
83.00000
72.25000
77.83334
94.66667
103.75000
108.58334
121.83334
135.83334
142.16667
141.16667
136.25000
129.25000
132.25000
136.58334
139.16667
134.08334
126.58334
113.83334
107.58334
109.58334
112.25000
105.08334
100.66667
105.00000
111.83334
115.75000
121.75000
128.50000
136.50000
140.41667
141.08334
141.83334
139.58334
139.66667
134.83334
130.16667
124.00000
116.83334
121.75000
116.75000
110.66667
108.83334
122.75000
110.25000
116.50000
115.58334
50.08334
41.91667
63.08334
57.33334
76.08334
73.50000
77.83334
90.25000
103.00000
105.33334
118.25000
128.50000
139.16667
139.66667
130.75000
126.83334
128.33334
130.75000
133.25000
131.25000
128.50000
123.00000
115.91667
117.75000
114.16667
116.25000
114.08334
117.66667
121.08334
122.91667
124.25000
128.66667
131.41667
133.00000
132.41667
134.91667
132.41667
131.66667
130.41667
127.25000
121.41667
122.83334
121.08334
116.75000
110.00000
108.91667
124.08334
118.91667
120.50000
114.00000
51.41667
37.00000
53.16667
54.25000
65.58334
75.58334
77.91667
85.00000
101.83334
104.91667
114.08334
121.66667
134.33334
135.41667
130.58334
125.50000
125.75000
128.58334
127.83334
126.58334
125.08334
125.83334
125.33334
122.58334
120.91667
119.66667
123.08334
124.33334
123.66667
124.00000
122.41667
123.58334
125.08334
124.66667
124.58334
125.75000
125.25000
126.58334
124.91667
124.75000
121.58334
125.16667
122.41667
114.91667
115.83334
116.66667
122.75000
128.08334
135.75000
135.75000
51.50000
36.83334
43.16667
42.91667
52.75000
76.33334
78.08334
83.25000
99.66667
103.75000
111.50000
116.83334
126.41667
133.33334
128.66667
124.91667
122.41667
117.00000
119.00000
120.83334
122.16667
124.08334
121.83334
120.00000
118.66667
118.08334
117.50000
118.41667
117.66667
116.33334
114.41667
117.58334
117.41667
115.66667
111.33334
118.25000
125.08334
126.25000
124.08334
124.25000
119.25000
126.33334
138.08334
126.33334
123.83334
130.83334
113.33334
126.75000
142.75000
159.75000
52.50000
39.58334
43.83334
42.75000
41.83334
73.25000
76.50000
82.08334
94.83334
101.08334
107.83334
110.66667
120.16667
127.75000
128.58334
123.83334
117.66667
116.16667
111.16667
111.50000
110.41667
111.50000
110.66667
111.58334
116.58334
114.08334
114.16667
111.41667
107.91667
106.33334
108.00000
107.08334
105.75000
109.25000
111.16667
121.50000
127.41667
128.25000
124.25000
123.66667
117.16667
127.75000
132.08334
123.91667
123.50000
133.08334
119.91667
128.08334
140.83334
152.83334
50.25000
42.25000
39.58334
44.83334
37.66667
64.50000
69.33334
81.33334
88.00000
98.41667
106.00000
107.50000
116.50000
123.91667
126.66667
121.50000
114.16667
110.75000
109.83334
108.00000
108.33334
110.00000
109.91667
107.00000
108.16667
106.83334
103.08334
104.50000
104.41667
103.33334
102.66667
104.58334
105.66667
108.91667
114.50000
118.25000
128.41667
128.75000
123.33334
121.83334
123.91667
136.83334
123.50000
122.91667
121.00000
137.25000
140.16667
135.83334
152.83334
162.50000
48.25000
41.00000
33.08334
42.50000
32.50000
61.25000
69.08334
79.58334
84.66667
95.50000
104.00000
106.50000
111.41667
119.16667
124.58334
120.58334
113.00000
110.91667
106.66667
108.83334
109.50000
113.25000
121.00000
114.58334
120.00000
111.91667
116.16667
117.83334
108.83334
113.33334
109.83334
109.08334
105.00000
102.66667
108.83334
120.16667
127.91667
124.83334
121.33334
119.50000
127.33334
132.91667
120.58334
127.58334
125.50000
131.00000
141.75000
142.58334
156.41667
160.83334
45.75000
38.58334
29.83333
36.75000
31.25000
56.41667
65.66667
76.00000
84.33334
90.75000
98.25000
105.91667
106.75000
116.75000
123.58334
119.58334
117.75000
120.08334
113.66667
118.83334
119.08334
117.33334
119.33334
116.66667
122.41667
124.58334
125.91667
128.50000
122.41667
127.50000
118.66667
120.66667
110.25000
107.58334
117.66667
122.25000
119.25000
120.41667
118.58334
115.25000
130.50000
129.91667
127.00000
125.41667
128.75000
127.66667
140.75000
147.50000
165.66667
171.00000
38.16667
42.50000
28.91667
35.33334
32.33334
51.33334
59.83334
72.16667
82.41667
89.91667
95.50000
103.50000
102.75000
112.58334
116.16667
118.66667
118.58334
117.58334
117.25000
112.00000
109.75000
106.91667
109.33334
107.75000
113.75000
114.33334
117.50000
118.08334
116.08334
112.33334
107.50000
105.66667
105.41667
108.83334
116.75000
118.91667
116.08334
118.41667
115.16667
120.08334
126.83334
126.58334
122.33334
119.91667
137.58334
146.75000
143.66667
147.25000
164.00000
163.58334
32.25000
46.50000
28.50000
39.41667
34.33334
43.00000
52.25000
67.83334
78.58334
88.41667
94.75000
100.91667
102.16667
104.08334
111.58334
112.08334
117.25000
118.58334
116.16667
115.75000
115.33334
110.33334
110.16667
114.33334
112.91667
113.83334
116.33334
113.00000
110.41667
109.33334
109.33334
108.75000
109.25000
110.91667
116.33334
116.58334
116.58334
115.75000
112.25000
121.66667
126.75000
120.50000
119.08334
124.16667
145.75000
152.58334
142.83334
155.66667
168.83334
162.16667
24.33333
50.08334
30.75000
41.58334
36.50000
36.66667
47.75000
64.16667
75.50000
85.50000
93.00000
98.16667
101.83334
100.83334
103.91667
105.83334
113.08334
119.08334
116.58334
112.83334
116.00000
115.66667
115.00000
112.83334
110.25000
108.33334
105.91667
107.50000
107.08334
107.16667
109.50000
108.25000
109.33334
113.08334
114.25000
114.50000
112.75000
113.58334
115.50000
116.25000
126.83334
122.25000
119.00000
126.50000
145.16667
146.66667
140.41667
169.66667
176.83334
165.00000
21.08333
51.08334
33.58334
43.75000
40.66667
33.25000
45.25000
58.25000
69.08334
82.58334
92.58334
92.50000
97.50000
98.58334
97.25000
98.00000
105.16667
115.33334
116.41667
112.16667
113.00000
117.08334
114.91667
112.50000
110.58334
110.08334
108.08334
109.91667
106.91667
106.08334
108.08334
108.75000
112.33334
112.50000
112.25000
109.75000
108.50000
109.83334
120.25000
119.58334
123.25000
120.50000
118.58334
141.83334
148.08334
135.83334
142.33334
172.66667
170.41667
176.08334
22.00000
50.25000
36.58334
44.75000
41.41667
31.25000
45.33334
47.25000
65.75000
79.58334
87.83334
90.00000
95.00000
94.25000
91.08334
91.00000
95.50000
107.50000
114.58334
115.75000
110.91667
113.00000
113.16667
111.83334
110.50000
110.25000
108.41667
108.16667
109.75000
106.66667
108.41667
112.50000
110.58334
105.33334
106.08334
105.91667
103.75000
115.08334
116.16667
118.58334
121.66667
115.16667
123.75000
145.33334
148.50000
138.91667
149.08334
167.58334
159.91667
180.83334
23.83333
50.16667
37.50000
41.33334
40.83334
32.33334
48.00000
41.33334
61.25000
73.00000
85.25000
86.91667
90.25000
91.91667
87.25000
84.83334
87.50000
95.58334
104.91667
111.08334
113.33334
112.25000
113.50000
111.66667
111.08334
112.58334
107.91667
105.91667
109.58334
111.75000
111.16667
109.50000
106.08334
102.83334
101.16667
100.50000
104.91667
111.25000
104.33334
114.16667
118.91667
120.08334
125.00000
139.00000
140.75000
142.75000
147.91667
171.08334
166.91667
181.83334
26.08333
48.16667
40.00000
35.00000
39.16667
34.58334
50.58334
40.50000
57.08334
76.08334
84.25000
85.00000
85.58334
88.58334
88.16667
86.41667
85.08334
87.08334
94.66667
104.00000
111.58334
112.75000
112.08334
111.58334
110.75000
110.58334
111.16667
108.16667
109.58334
109.75000
109.66667
103.91667
98.50000
96.50000
96.41667
98.41667
110.66667
105.50000
100.16667
122.91667
119.00000
127.58334
126.00000
143.16667
120.83334
138.33334
142.16667
165.58334
170.25000
175.58334
29.08333
44.16667
40.33334
32.75000
38.41667
38.41667
49.00000
55.16667
70.66667
74.75000
81.50000
81.83334
82.25000
84.33334
85.58334
82.66667
83.75000
87.25000
89.83334
96.08334
102.41667
109.91667
112.66667
112.50000
109.66667
108.83334
109.75000
107.66667
109.08334
106.33334
103.58334
100.66667
98.75000
98.08334
96.75000
91.33334
103.00000
100.50000
97.33334
110.58334
112.33334
123.91667
127.83334
141.75000
123.16667
141.00000
135.66667
153.91667
178.75000
181.08334
32.00000
37.00000
45.83334
31.33333
36.83334
47.83334
68.58334
67.83334
64.00000
68.58334
81.16667
81.75000
83.16667
82.08334
81.58334
81.58334
82.33334
86.33334
87.50000
91.00000
97.83334
102.16667
108.66667
110.25000
108.16667
108.58334
108.66667
104.50000
102.25000
103.58334
99.75000
96.50000
94.25000
95.50000
92.91667
91.83334
99.50000
96.00000
107.25000
107.16667
106.58334
110.58334
123.83334
135.25000
135.33334
139.58334
143.50000
146.91667
165.41667
180.16667
33.41667
30.75000
44.16667
32.08334
56.66667
75.50000
73.50000
64.33334
63.25000
66.41667
83.41667
83.16667
84.91667
82.83334
80.50000
82.66667
82.58334
86.75000
88.66667
89.25000
94.66667
94.83334
98.50000
106.00000
105.25000
104.41667
105.41667
105.25000
101.16667
97.41667
95.41667
95.08334
93.00000
94.08334
91.66667
100.41667
97.58334
94.33334
106.83334
109.50000
108.41667
108.50000
114.16667
133.25000
135.75000
140.83334
143.91667
162.83334
161.16667
182.50000
