115.91667
106.66667
121.16667
110.50000
108.50000
110.08334
123.08334
109.33334
120.66667
123.83334
117.00000
138.41667
137.08334
141.58334
155.25000
147.25000
125.91667
152.33334
165.83334
168.25000
167.75000
178.91667
178.33334
184.00000
193.58334
202.75000
206.83334
207.91667
210.58334
211.41667
210.08334
208.33334
206.58334
196.91667
187.91667
176.66667
177.75000
172.75000
160.50000
152.66667
128.41667
103.16667
86.33334
66.91667
74.00000
83.83334
73.50000
83.00000
77.00000
72.58334
107.25000
109.41667
104.58334
105.25000
110.83334
113.83334
118.33334
107.58334
115.83334
124.33334
132.25000
133.75000
128.00000
126.16667
135.75000
152.41667
152.58334
167.41667
168.08334
169.41667
168.25000
182.66667
196.75000
203.83334
211.58334
214.58334
217.08334
218.41667
222.66667
224.25000
222.00000
221.91667
215.00000
206.91667
197.33334
186.83334
178.41667
173.66667
168.83334
151.08334
139.25000
112.00000
92.08334
73.25000
76.16667
83.66667
71.66667
82.75000
78.00000
78.41667
96.41667
99.25000
106.66667
103.16667
111.33334
113.75000
111.83334
105.25000
117.50000
128.16667
136.25000
127.08334
127.75000
140.41667
140.66667
156.83334
168.66667
162.91667
173.41667
174.58334
191.00000
204.75000
211.08334
215.41667
219.41667
222.16667
223.75000
227.83334
227.83334
227.75000
228.33334
225.75000
218.50000
212.66667
205.83334
198.58334
186.75000
178.83334
169.75000
147.58334
146.00000
117.41667
94.75000
85.66667
72.83334
73.25000
80.00000
77.58334
88.16667
75.25000
104.33334
89.75000
101.41667
109.58334
113.25000
99.33334
101.33334
124.33334
114.41667
132.58334
130.33334
116.00000
126.33334
143.25000
158.58334
174.16667
168.75000
174.08334
175.75000
192.33334
205.58334
213.41667
219.58334
221.75000
224.41667
225.75000
226.50000
228.75000
229.50000
230.16667
229.41667
226.25000
220.66667
215.83334
209.66667
204.66667
196.25000
183.08334
174.16667
154.41667
145.25000
131.00000
96.00000
77.66667
79.58334
75.91667
71.75000
80.33334
84.25000
85.33334
99.50000
87.33334
113.41667
118.16667
119.83334
98.25000
100.33334
131.50000
120.91667
143.83334
135.58334
126.08334
134.41667
152.08334
170.16667
166.66667
164.91667
172.58334
185.41667
203.75000
212.25000
219.91667
221.83334
223.50000
227.66667
227.33334
228.33334
228.50000
228.83334
228.16667
227.08334
226.33334
220.16667
217.16667
213.33334
207.41667
201.58334
190.58334
174.41667
158.50000
149.25000
144.16667
120.50000
78.83334
82.41667
87.08334
77.66667
78.83334
85.75000
80.58334
98.66667
94.75000
113.41667
104.83334
113.66667
104.41667
105.16667
122.00000
131.83334
143.16667
137.66667
132.58334
147.00000
165.16667
157.91667
161.91667
168.83334
181.08334
199.58334
207.66667
217.50000
220.00000
223.58334
225.41667
228.16667
229.16667
228.66667
228.75000
227.00000
227.16667
225.75000
225.00000
223.25000
220.66667
216.58334
212.91667
204.66667
195.58334
181.16667
164.91667
155.50000
153.91667
126.50000
94.00000
84.16667
92.75000
85.91667
73.75000
86.41667
71.33334
97.16667
102.00000
114.16667
100.08334
95.08334
103.41667
112.83334
133.50000
147.00000
138.50000
134.50000
138.33334
152.33334
144.91667
149.91667
162.75000
169.50000
193.58334
204.33334
212.50000
219.83334
221.58334
225.83334
226.58334
228.91667
229.50000
228.41667
227.83334
227.33334
224.75000
227.83334
225.66667
223.66667
222.16667
219.75000
217.08334
211.25000
202.91667
186.33334
169.16667
161.66667
159.08334
140.41667
111.50000
92.16667
95.41667
81.33334
76.75000
84.58334
75.50000
87.66667
98.16667
121.41667
98.91667
107.91667
123.50000
119.58334
139.00000
147.16667
144.75000
135.16667
120.25000
137.50000
136.91667
150.41667
160.16667
184.16667
199.50000
208.58334
214.58334
219.91667
222.50000
227.33334
226.50000
228.08334
227.00000
226.91667
225.66667
224.33334
225.08334
224.91667
226.58334
224.41667
222.66667
220.83334
219.00000
215.41667
208.33334
194.50000
174.66667
166.41667
154.75000
153.66667
131.91667
105.00000
99.00000
93.58334
82.58334
87.25000
73.83334
96.16667
94.75000
115.00000
101.75000
115.83334
124.16667
124.00000
139.83334
139.83334
149.83334
121.50000
129.50000
107.33334
130.83334
156.00000
174.00000
193.83334
201.08334
208.83334
216.66667
219.75000
224.50000
226.58334
226.83334
228.16667
227.33334
226.16667
225.08334
226.50000
226.83334
226.50000
227.00000
225.41667
225.16667
224.25000
223.25000
218.33334
212.75000
200.08334
181.75000
172.83334
160.00000
142.33334
148.58334
136.83334
105.33334
94.41667
91.16667
97.33334
80.16667
111.75000
105.50000
120.50000
111.00000
124.75000
133.58334
125.08334
143.66667
145.33334
122.25000
122.58334
97.91667
124.25000
145.00000
162.08334
183.41667
197.08334
204.25000
210.91667
216.50000
219.25000
223.50000
225.91667
227.00000
226.50000
226.58334
225.83334
226.25000
226.25000
227.33334
226.75000
226.66667
226.91667
227.41667
226.00000
224.83334
222.00000
217.91667
208.91667
188.66667
175.16667
172.50000
152.16667
141.58334
139.33334
115.00000
90.83334
84.66667
88.25000
85.83334
100.00000
116.08334
124.00000
125.58334
124.25000
124.25000
136.50000
145.00000
141.41667
128.66667
113.33334
101.25000
133.08334
152.91667
178.16667
193.91667
199.83334
207.83334
214.33334
215.50000
219.50000
221.66667
224.00000
225.16667
225.58334
226.08334
225.83334
225.41667
226.16667
226.25000
226.33334
227.25000
227.41667
227.83334
226.58334
225.25000
223.50000
218.66667
214.33334
192.33334
172.83334
179.08334
164.91667
135.41667
142.58334
115.83334
102.25000
75.16667
84.91667
83.25000
115.58334
110.33334
126.00000
130.00000
112.58334
109.91667
147.25000
153.08334
139.25000
134.91667
113.91667
121.91667
144.00000
170.08334
187.41667
199.33334
203.91667
208.83334
213.00000
215.33334
218.33334
220.41667
221.50000
222.50000
222.66667
224.91667
224.25000
225.08334
224.50000
225.50000
225.75000
226.41667
226.00000
226.75000
226.50000
226.66667
223.00000
219.83334
214.16667
194.58334
174.08334
170.83334
175.00000
142.00000
146.08334
124.75000
110.41667
80.33334
81.58334
95.50000
122.83334
119.08334
124.41667
126.00000
115.41667
118.08334
126.58334
148.66667
147.08334
128.50000
115.50000
139.66667
158.50000
181.16667
192.75000
199.33334
207.83334
210.83334
212.83334
214.75000
215.66667
216.41667
218.33334
219.25000
220.91667
221.91667
220.41667
222.83334
223.33334
224.00000
224.50000
224.16667
225.83334
226.83334
223.33334
220.91667
217.83334
216.08334
212.08334
194.83334
177.16667
163.75000
175.91667
159.41667
142.58334
133.41667
113.41667
72.83334
82.33334
95.33334
113.25000
120.08334
120.33334
104.58334
127.41667
119.75000
139.16667
147.41667
132.91667
115.66667
129.16667
147.41667
166.50000
181.25000
189.83334
191.58334
197.66667
200.66667
205.58334
207.33334
209.83334
210.58334
213.33334
216.16667
216.08334
216.58334
216.25000
215.83334
218.16667
219.75000
223.16667
222.58334
219.75000
214.58334
211.66667
208.58334
209.50000
207.33334
204.33334
192.33334
182.00000
165.08334
163.33334
164.41667
151.83334
140.50000
108.83334
85.50000
76.50000
101.00000
111.91667
110.08334
126.58334
103.00000
120.66667
115.66667
137.00000
138.08334
132.75000
118.50000
134.08334
147.50000
160.25000
175.25000
181.16667
186.00000
187.66667
189.91667
194.08334
198.00000
202.16667
205.66667
209.50000
212.08334
212.33334
211.16667
210.08334
208.33334
207.33334
205.33334
199.25000
191.66667
184.58334
184.66667
191.33334
197.41667
202.16667
203.00000
200.50000
195.16667
184.08334
168.75000
158.16667
159.16667
159.16667
149.16667
113.58334
88.83334
80.00000
107.41667
128.75000
130.91667
123.16667
110.83334
113.50000
115.58334
132.33334
117.16667
120.58334
127.75000
141.41667
155.25000
157.08334
159.00000
155.08334
159.83334
162.50000
169.08334
181.83334
187.33334
195.58334
200.91667
205.00000
209.08334
208.08334
204.00000
195.66667
188.75000
178.50000
165.33334
154.16667
159.08334
171.00000
186.33334
195.83334
198.58334
199.91667
202.00000
200.50000
199.41667
182.75000
171.41667
155.83334
159.83334
160.58334
162.08334
131.25000
87.50000
81.75000
97.16667
132.08334
140.33334
142.50000
119.66667
109.50000
123.41667
132.25000
114.41667
127.91667
134.58334
148.66667
156.08334
162.33334
161.58334
153.33334
155.08334
153.33334
165.25000
178.41667
185.25000
192.66667
200.08334
206.41667
209.83334
205.75000
198.33334
186.16667
170.00000
158.66667
161.58334
165.33334
178.41667
185.41667
192.41667
195.83334
200.75000
202.16667
199.16667
197.00000
195.91667
180.75000
172.83334
157.66667
156.41667
157.08334
162.00000
147.58334
107.16667
86.91667
86.08334
113.83334
110.41667
112.66667
105.33334
103.08334
118.50000
119.66667
114.75000
132.00000
143.83334
145.50000
161.33334
161.16667
161.33334
163.33334
167.83334
170.66667
172.33334
178.75000
185.83334
192.08334
200.91667
210.00000
212.25000
207.83334
201.00000
190.91667
184.75000
180.91667
175.00000
176.41667
180.75000
180.58334
186.25000
188.33334
193.16667
188.91667
195.66667
197.25000
198.08334
183.25000
171.75000
173.08334
155.83334
159.75000
156.25000
149.08334
117.66667
89.16667
89.00000
104.41667
105.33334
98.08334
95.41667
111.25000
115.00000
122.08334
120.33334
123.91667
135.16667
141.58334
146.25000
136.75000
144.08334
140.41667
151.66667
154.83334
161.75000
171.33334
180.83334
190.00000
201.41667
212.58334
214.83334
212.16667
203.75000
194.25000
180.50000
161.66667
149.50000
144.66667
151.66667
149.25000
166.50000
173.91667
166.33334
169.33334
180.91667
194.41667
197.83334
190.50000
175.91667
177.83334
158.58334
140.66667
161.66667
155.66667
127.00000
103.25000
99.83334
93.16667
92.50000
107.08334
110.58334
117.50000
132.83334
121.58334
128.50000
117.83334
120.66667
123.00000
104.16667
100.08334
96.75000
118.83334
141.83334
156.66667
150.33334
157.25000
179.75000
189.16667
200.41667
213.75000
215.50000
213.58334
204.58334
189.00000
175.00000
161.91667
149.00000
143.66667
148.00000
127.33334
137.25000
132.83334
137.75000
158.00000
166.00000
179.41667
197.16667
199.75000
183.16667
180.25000
164.00000
148.00000
148.58334
155.83334
134.75000
115.25000
96.75000
111.33334
102.00000
112.91667
119.66667
126.00000
132.75000
140.83334
125.58334
123.00000
103.58334
91.66667
92.41667
97.41667
120.75000
115.91667
153.91667
157.50000
148.00000
171.16667
183.00000
192.58334
202.41667
215.16667
217.75000
211.75000
205.08334
193.41667
177.33334
172.33334
158.16667
154.33334
152.33334
132.41667
122.50000
123.83334
141.83334
140.16667
151.33334
184.16667
202.41667
208.00000
189.08334
183.16667
169.50000
159.50000
144.25000
149.41667
142.41667
111.16667
97.50000
118.50000
110.00000
114.58334
127.16667
151.41667
143.08334
143.66667
121.58334
136.58334
109.91667
103.75000
134.66667
131.25000
136.83334
146.91667
166.33334
166.00000
173.58334
185.66667
196.25000
195.00000
203.58334
214.66667
217.00000
213.83334
208.08334
199.50000
191.83334
182.08334
181.25000
177.66667
174.41667
176.25000
182.00000
171.66667
163.75000
176.58334
186.58334
204.41667
209.08334
213.00000
192.08334
183.33334
172.00000
151.66667
150.50000
147.83334
128.25000
123.16667
118.16667
118.91667
104.66667
123.00000
147.41667
158.83334
150.08334
150.25000
136.33334
139.83334
152.33334
161.25000
169.91667
169.16667
173.75000
186.50000
188.16667
190.08334
192.33334
195.41667
196.33334
198.83334
203.25000
217.41667
217.33334
213.58334
210.75000
204.41667
200.91667
194.66667
196.91667
195.50000
195.08334
197.08334
197.83334
198.58334
203.00000
210.16667
213.41667
216.66667
217.33334
214.91667
196.50000
182.41667
172.91667
157.83334
139.41667
141.25000
129.08334
114.33334
131.83334
132.00000
107.50000
125.00000
150.33334
156.75000
158.75000
150.16667
142.08334
154.66667
177.16667
186.25000
191.16667
194.08334
193.16667
194.91667
196.41667
198.00000
201.66667
201.00000
197.91667
201.25000
204.41667
213.00000
216.08334
212.16667
213.33334
206.58334
207.00000
205.25000
203.25000
203.41667
202.41667
203.50000
206.91667
212.16667
216.75000
223.16667
225.33334
224.50000
220.00000
216.41667
198.75000
181.08334
177.91667
166.41667
141.58334
135.58334
122.33334
108.83334
118.33334
104.75000
102.08334
114.50000
143.16667
164.25000
163.25000
148.25000
147.16667
163.41667
182.25000
197.25000
200.16667
202.66667
202.91667
204.50000
208.00000
210.08334
208.83334
204.16667
200.41667
203.83334
207.08334
211.75000
215.08334
213.50000
215.33334
215.00000
209.41667
215.66667
215.08334
213.33334
216.00000
218.75000
220.33334
222.25000
225.50000
227.75000
229.83334
226.00000
221.75000
218.16667
200.66667
179.08334
181.00000
166.25000
149.50000
138.91667
137.00000
115.08334
103.58334
96.41667
114.66667
115.50000
133.66667
146.25000
152.83334
131.91667
159.91667
166.91667
187.91667
205.08334
210.08334
213.41667
214.41667
215.66667
215.41667
215.58334
208.66667
204.00000
201.75000
203.08334
210.00000
213.91667
216.25000
216.25000
214.41667
217.00000
215.75000
216.83334
216.66667
220.33334
221.83334
222.25000
224.16667
227.83334
228.66667
230.25000
227.16667
224.75000
220.00000
216.75000
201.33334
180.08334
178.16667
163.83334
151.50000
152.50000
135.83334
114.66667
107.33334
100.91667
118.83334
132.58334
144.08334
149.50000
143.41667
125.91667
165.16667
174.58334
191.58334
209.25000
212.83334
218.25000
217.75000
217.16667
217.83334
216.91667
212.25000
205.75000
203.83334
206.25000
208.91667
212.83334
214.58334
210.50000
210.00000
211.75000
219.33334
218.16667
215.66667
220.75000
222.08334
226.08334
226.91667
229.75000
229.91667
230.08334
225.50000
223.08334
218.75000
215.00000
201.75000
182.25000
171.16667
154.00000
151.25000
139.08334
134.25000
102.33334
118.75000
106.16667
111.41667
121.58334
138.00000
147.83334
136.33334
126.08334
161.91667
181.75000
192.50000
209.00000
214.41667
220.25000
221.75000
220.75000
220.33334
216.16667
211.00000
207.25000
204.16667
205.75000
201.08334
197.50000
210.16667
210.25000
201.58334
199.16667
211.08334
217.33334
214.91667
220.00000
223.08334
226.41667
230.50000
232.50000
231.33334
230.00000
225.41667
221.83334
217.25000
213.33334
204.00000
183.50000
167.91667
162.58334
153.91667
137.00000
123.66667
112.25000
111.08334
113.66667
103.16667
129.08334
133.75000
128.25000
135.00000
131.41667
149.25000
189.33334
193.58334
209.16667
216.16667
221.25000
222.66667
223.16667
220.66667
213.50000
210.91667
202.91667
203.75000
192.66667
198.75000
198.16667
208.16667
197.33334
197.58334
203.08334
209.50000
213.33334
215.25000
215.91667
223.66667
226.08334
227.66667
230.33334
230.83334
226.83334
225.41667
220.08334
215.25000
210.33334
199.41667
186.83334
168.41667
159.25000
152.08334
142.41667
121.25000
111.00000
112.41667
106.66667
97.75000
140.66667
138.75000
121.83334
125.91667
136.25000
152.00000
186.00000
194.16667
206.33334
214.08334
217.75000
221.16667
220.91667
218.75000
211.16667
208.58334
200.75000
194.83334
190.33334
184.83334
190.83334
191.33334
197.58334
197.33334
207.66667
206.91667
204.08334
209.66667
215.08334
219.58334
224.91667
226.58334
228.33334
227.33334
225.33334
221.83334
218.00000
213.08334
208.33334
197.50000
187.00000
168.25000
158.50000
144.16667
136.75000
119.08334
122.66667
111.16667
89.08334
95.50000
134.16667
133.16667
123.08334
121.75000
142.83334
152.25000
182.25000
192.75000
204.16667
212.00000
214.08334
219.33334
218.08334
216.50000
208.58334
203.91667
191.25000
183.25000
176.83334
179.50000
179.66667
174.33334
185.41667
187.41667
197.33334
196.16667
201.33334
201.50000
207.41667
213.91667
220.16667
223.41667
223.75000
223.75000
221.91667
219.33334
214.16667
210.25000
206.08334
194.25000
185.58334
170.41667
144.83334
138.16667
150.66667
115.16667
113.66667
109.58334
80.91667
109.75000
125.58334
122.50000
119.91667
116.00000
139.75000
151.08334
186.41667
191.08334
202.50000
210.41667
211.08334
215.75000
216.41667
212.91667
205.58334
202.41667
193.50000
181.91667
174.08334
166.75000
176.91667
181.66667
162.00000
163.33334
171.58334
186.33334
188.75000
187.50000
191.75000
208.75000
214.75000
218.66667
220.25000
220.25000
217.00000
215.08334
211.16667
207.41667
204.08334
192.83334
182.33334
166.25000
152.25000
128.66667
132.66667
125.66667
121.75000
115.58334
86.91667
117.16667
126.91667
129.25000
122.50000
118.16667
138.08334
149.41667
179.25000
185.66667
199.83334
208.16667
208.50000
212.00000
212.00000
209.33334
202.83334
202.58334
200.83334
192.00000
187.16667
181.83334
186.25000
174.00000
168.75000
179.83334
184.66667
184.08334
186.58334
185.00000
196.83334
207.50000
207.83334
213.00000
217.83334
215.91667
214.50000
210.33334
207.00000
204.16667
203.33334
192.00000
181.75000
165.00000
149.91667
119.91667
111.58334
130.41667
110.41667
116.00000
90.83334
100.66667
129.66667
148.00000
129.33334
114.83334
129.83334
149.33334
174.25000
185.58334
198.16667
203.33334
205.00000
207.66667
205.91667
204.08334
204.41667
204.50000
204.83334
202.33334
198.25000
194.33334
191.83334
191.83334
192.08334
200.16667
201.08334
202.66667
199.00000
199.16667
203.66667
200.08334
203.91667
209.25000
210.41667
210.00000
208.75000
206.25000
203.75000
201.91667
200.58334
186.08334
183.58334
155.91667
139.58334
118.41667
116.58334
105.33334
105.83334
129.50000
93.66667
92.00000
135.41667
139.08334
133.16667
119.91667
138.91667
148.50000
169.08334
182.00000
195.33334
199.66667
202.66667
203.58334
202.25000
201.66667
203.41667
205.16667
205.08334
207.41667
206.66667
205.08334
203.33334
202.91667
204.16667
206.75000
210.83334
210.33334
213.50000
209.41667
203.33334
205.08334
202.33334
203.00000
204.91667
204.08334
203.66667
204.00000
200.75000
200.16667
199.16667
182.16667
184.83334
153.83334
137.83334
114.58334
129.41667
91.91667
98.41667
129.33334
86.25000
100.08334
130.00000
126.66667
147.00000
116.08334
144.91667
141.83334
164.58334
176.41667
191.41667
196.25000
198.91667
200.00000
199.75000
200.08334
197.91667
201.58334
198.50000
196.83334
196.25000
200.75000
202.50000
202.91667
200.08334
206.16667
210.41667
207.66667
211.41667
209.75000
205.16667
206.91667
205.58334
203.58334
201.58334
202.25000
202.58334
201.75000
200.50000
200.25000
198.41667
182.83334
180.16667
149.75000
122.25000
118.33334
128.16667
95.83334
113.00000
117.08334
82.33334
92.66667
125.41667
142.75000
140.83334
127.16667
130.33334
147.66667
160.16667
174.00000
189.58334
193.66667
197.83334
199.16667
198.33334
193.75000
200.00000
198.25000
188.58334
183.58334
184.16667
184.50000
188.00000
185.83334
183.58334
187.41667
189.33334
193.16667
195.16667
197.91667
200.66667
198.83334
192.41667
206.41667
202.50000
201.08334
201.58334
202.08334
201.16667
201.50000
201.00000
183.58334
177.83334
142.75000
118.33334
107.16667
117.25000
101.25000
115.66667
113.41667
72.16667
95.75000
126.75000
141.66667
138.00000
128.50000
122.25000
148.75000
154.41667
164.00000
190.08334
193.91667
196.75000
198.91667
189.58334
183.91667
189.91667
176.33334
176.66667
183.33334
185.41667
189.16667
193.41667
194.91667
193.08334
192.83334
191.00000
193.00000
192.75000
196.66667
185.50000
178.08334
192.66667
205.25000
209.91667
204.83334
204.25000
205.08334
204.33334
202.58334
200.16667
189.16667
175.00000
133.83334
115.50000
122.50000
125.58334
109.16667
116.25000
113.75000
76.91667
92.91667
139.91667
140.75000
147.16667
126.50000
126.83334
140.91667
154.75000
163.41667
190.50000
193.33334
199.83334
198.66667
185.75000
172.25000
164.16667
176.41667
185.66667
190.41667
191.08334
188.75000
188.83334
187.33334
190.58334
190.58334
185.33334
186.16667
182.75000
180.00000
176.00000
185.83334
192.66667
202.91667
207.33334
209.66667
211.00000
207.83334
207.33334
205.91667
200.58334
187.25000
164.16667
120.83334
100.91667
126.50000
116.91667
120.08334
119.25000
126.33334
94.58334
93.16667
120.83334
127.58334
140.91667
131.41667
120.00000
139.08334
151.75000
157.50000
189.83334
195.50000
202.16667
204.00000
195.91667
186.16667
183.25000
181.50000
194.91667
194.91667
202.50000
198.91667
200.66667
194.08334
196.08334
197.58334
195.75000
194.00000
180.00000
166.66667
157.08334
167.41667
177.16667
178.50000
195.58334
209.33334
211.58334
210.00000
208.75000
205.83334
195.25000
191.83334
151.33334
110.16667
97.00000
106.08334
99.08334
105.00000
116.08334
120.83334
92.41667
99.83334
97.41667
119.91667
117.83334
122.25000
123.25000
137.33334
151.00000
151.75000
184.91667
197.33334
202.00000
204.91667
201.50000
183.83334
180.25000
173.41667
168.58334
180.58334
184.83334
184.00000
183.83334
177.41667
176.91667
178.50000
173.41667
176.08334
178.75000
172.75000
171.08334
175.66667
180.25000
200.08334
203.75000
213.41667
214.08334
212.66667
209.08334
205.91667
190.33334
175.83334
139.91667
107.25000
99.08334
115.58334
107.33334
102.41667
108.75000
124.16667
92.75000
89.50000
99.50000
115.66667
137.41667
130.16667
133.08334
129.33334
143.25000
150.66667
178.83334
196.25000
201.83334
204.16667
201.08334
194.58334
187.58334
183.41667
180.83334
180.08334
175.58334
173.50000
178.58334
179.66667
182.16667
189.25000
193.75000
191.08334
194.91667
188.50000
190.25000
191.33334
199.33334
202.83334
212.91667
218.25000
214.75000
212.16667
207.66667
203.50000
187.83334
150.08334
130.91667
102.58334
109.00000
103.16667
100.16667
108.25000
106.33334
118.50000
93.33334
86.00000
118.58334
154.50000
132.50000
131.41667
131.16667
112.66667
137.33334
141.75000
170.75000
193.66667
199.83334
203.50000
202.58334
202.08334
193.41667
182.50000
180.50000
180.00000
180.91667
183.33334
184.83334
189.83334
187.08334
187.58334
185.16667
185.91667
188.33334
194.25000
198.83334
205.16667
206.75000
207.16667
215.75000
217.75000
211.16667
209.16667
205.50000
194.50000
172.91667
141.16667
115.33334
107.58334
113.25000
95.75000
95.00000
101.25000
113.41667
123.75000
88.08334
100.50000
137.83334
150.66667
141.83334
139.58334
124.91667
106.08334
120.00000
144.50000
156.75000
183.50000
197.66667
200.66667
199.41667
202.00000
197.83334
197.08334
195.66667
191.91667
187.66667
188.08334
188.66667
189.58334
189.00000
190.83334
194.33334
194.66667
198.75000
202.66667
204.66667
206.41667
205.41667
210.16667
212.50000
212.75000
209.33334
205.58334
201.08334
183.75000
159.41667
129.58334
107.00000
108.75000
108.08334
97.33334
97.91667
100.91667
118.08334
124.58334
97.91667
120.25000
128.50000
154.00000
138.83334
120.41667
137.75000
94.91667
98.75000
128.41667
137.75000
177.16667
188.50000
197.00000
198.25000
202.00000
203.91667
200.66667
199.50000
199.75000
201.41667
199.16667
197.41667
195.00000
193.25000
194.75000
198.25000
199.50000
201.00000
202.50000
205.25000
207.00000
209.83334
210.50000
211.33334
208.25000
205.66667
202.41667
196.08334
164.41667
147.25000
119.91667
108.50000
110.41667
102.00000
102.16667
108.41667
109.00000
110.50000
127.41667
116.16667
97.50000
131.41667
131.75000
128.25000
130.66667
125.83334
118.41667
89.83334
103.25000
127.33334
147.66667
177.50000
192.25000
195.25000
201.00000
205.00000
204.08334
202.33334
199.00000
200.33334
200.66667
199.91667
201.50000
203.25000
202.50000
202.83334
203.41667
202.83334
205.16667
208.00000
209.33334
211.25000
209.58334
210.00000
205.41667
203.08334
197.41667
182.91667
162.75000
134.41667
103.83334
107.00000
108.41667
89.91667
99.25000
111.00000
111.75000
100.16667
134.00000
106.41667
103.66667
128.75000
128.58334
127.33334
135.25000
121.08334
106.66667
90.58334
108.33334
104.83334
129.08334
154.41667
176.16667
190.83334
197.75000
202.50000
206.00000
207.16667
206.25000
205.33334
208.08334
209.50000
208.75000
208.58334
207.66667
207.25000
207.41667
208.25000
211.00000
212.00000
211.25000
211.25000
208.66667
206.83334
201.58334
195.91667
186.25000
174.75000
151.66667
118.41667
100.25000
105.41667
98.50000
91.41667
104.08334
115.00000
116.41667
99.16667
131.16667
117.25000
111.25000
100.91667
142.00000
123.91667
117.25000
123.83334
113.83334
98.58334
87.25000
104.50000
107.41667
131.66667
152.91667
176.33334
194.25000
201.50000
204.83334
206.91667
208.66667
208.41667
210.25000
211.50000
212.25000
213.41667
213.41667
212.91667
215.66667
214.41667
215.25000
215.16667
212.25000
209.66667
205.33334
201.91667
195.16667
186.00000
172.91667
165.00000
125.91667
104.00000
98.41667
97.58334
93.91667
88.66667
107.33334
114.83334
123.58334
126.33334
129.25000
120.66667
108.00000
84.33334
117.33334
122.91667
120.25000
111.50000
119.00000
100.83334
91.08334
85.25000
97.58334
99.83334
130.66667
148.41667
178.75000
197.58334
203.50000
205.91667
209.50000
208.91667
210.33334
213.25000
213.91667
215.50000
214.08334
214.66667
214.41667
214.50000
213.50000
214.50000
209.41667
205.41667
199.00000
192.25000
184.75000
182.16667
168.58334
153.08334
120.83334
102.00000
102.75000
97.58334
78.50000
93.91667
109.83334
97.00000
121.83334
129.75000
134.58334
108.66667
109.75000
95.66667
106.75000
126.83334
118.58334
117.33334
121.66667
106.50000
106.33334
88.50000
84.58334
93.33334
103.16667
129.83334
151.83334
184.00000
199.33334
204.33334
206.50000
206.58334
209.00000
210.41667
212.75000
213.33334
213.33334
213.33334
214.75000
212.58334
209.25000
208.16667
203.58334
198.00000
191.00000
187.91667
186.08334
174.25000
165.41667
146.25000
108.91667
100.25000
96.66667
93.33334
74.75000
84.41667
109.41667
107.50000
119.08334
123.50000
125.08334
