70.45454
71.27273
71.54546
74.27273
74.27273
63.54546
60.27273
67.36364
74.63637
89.36364
96.45455
93.36364
101.00000
114.54546
112.00000
124.00000
138.18182
138.72728
154.18182
157.90909
163.00000
165.54546
161.27274
170.90910
164.18182
162.54546
162.00000
158.09091
160.90909
164.09091
154.63637
153.45454
146.72728
136.72728
132.00000
131.72728
129.27274
112.90910
108.36364
82.27273
72.45454
76.18182
82.90910
88.81818
84.09091
83.18182
77.72727
74.63637
79.09091
78.90910
69.18182
71.81818
76.18182
70.45454
59.63636
58.81818
61.72728
73.18182
85.63637
102.45455
90.18182
98.18182
115.27273
117.45455
135.09091
143.27274
153.54546
161.54546
165.90910
166.81819
168.36365
174.54546
174.63637
173.45454
176.00000
178.45454
177.90910
178.45454
167.54546
165.27274
167.63637
164.36365
160.54546
158.45454
151.63637
129.36365
127.00000
123.45455
116.90910
96.54546
73.27273
68.90910
80.09091
87.72727
85.09091
78.27273
78.90910
80.18182
80.63637
82.90910
74.54546
74.09091
73.54546
65.81818
63.45455
61.72728
61.36364
87.18182
96.27273
105.54546
86.18182
107.72728
128.72728
135.63637
151.45454
164.18182
169.18182
179.81819
178.36365
178.27274
179.54546
182.90910
183.18182
185.72728
187.18182
191.81819
188.81819
191.09091
188.27274
182.90910
170.45454
176.45454
177.36365
175.18182
166.36365
162.09091
145.27274
132.45454
121.09091
106.81818
73.90910
68.18182
83.27273
87.81818
77.54546
84.18182
75.72727
80.18182
79.72727
75.27273
72.27273
74.54546
76.09091
64.72727
64.00000
66.00000
78.90910
89.90910
105.00000
102.81818
104.18182
128.54546
142.09091
153.90909
170.09091
181.45454
180.63637
187.18182
192.54546
187.90910
192.27274
193.63637
196.36365
195.45454
199.72728
201.72728
200.90910
203.00000
200.63637
200.09091
195.81819
190.90910
187.45454
190.63637
171.09091
167.18182
160.36365
141.09091
128.00000
116.81818
89.90910
72.54546
77.54546
75.63637
83.00000
78.18182
82.63637
79.54546
81.90910
78.63637
76.09091
77.27273
66.36364
63.18182
60.27273
66.18182
83.54546
110.63637
101.27273
109.45455
115.00000
136.45454
148.72728
162.81819
173.90910
187.63637
192.18182
197.63637
195.63637
194.09091
198.00000
203.00000
202.90910
203.27274
210.54546
206.81819
207.45454
208.00000
207.27274
206.63637
203.54546
207.63637
195.09091
185.45454
176.45454
166.81819
163.36365
146.90909
140.72728
118.54546
100.00000
62.54546
82.36364
76.00000
81.36364
76.27273
75.72727
86.45455
72.54546
80.63637
73.09091
82.45455
64.36364
59.36364
58.36364
73.18182
94.63637
114.54546
110.72728
109.81818
124.81818
137.72728
153.27274
165.00000
172.09091
187.54546
189.90910
193.63637
199.36365
200.36365
202.54546
203.27274
204.36365
205.81819
209.36365
208.00000
214.54546
215.09091
202.63637
207.54546
204.45454
203.90910
200.63637
180.00000
174.54546
168.09091
161.09091
149.63637
147.09091
129.09091
109.63637
63.09091
72.63637
80.00000
83.54546
77.81818
76.36364
80.72727
68.54546
76.36364
67.81818
72.36364
58.18182
60.09091
65.63637
74.63637
102.63637
105.36364
108.81818
114.63637
130.09091
140.90909
156.90909
164.27274
170.72728
180.54546
185.09091
188.36365
195.45454
199.81819
203.54546
205.54546
207.90910
207.72728
211.36365
214.63637
219.18182
214.36365
212.45456
207.00000
207.27274
204.54546
191.54546
184.27274
175.00000
155.09091
154.81819
148.36365
145.54546
133.27274
113.36364
74.63637
61.90909
70.90910
70.90910
79.18182
75.09091
76.90910
66.00000
75.09091
65.81818
67.00000
59.27273
67.09091
62.27273
82.45455
99.36364
105.00000
110.27273
120.09091
131.63637
141.45454
155.09091
160.45454
170.63637
177.00000
180.09091
182.36365
190.00000
196.27274
199.81819
202.72728
206.45454
212.36365
212.27274
218.18182
217.72728
213.00000
212.45456
209.72728
202.90910
197.72728
192.00000
187.18182
172.54546
150.45454
154.72728
147.18182
146.00000
138.00000
117.45455
89.90910
63.63636
69.63637
68.90910
88.09091
78.90910
77.72727
70.72727
73.27273
67.63637
64.81818
62.63636
67.81818
77.00000
77.54546
101.36364
108.90910
115.81818
124.00000
132.09091
146.27274
156.00000
161.36365
167.18182
174.36365
174.27274
178.27274
184.36365
186.90910
196.36365
202.27274
201.18182
209.90910
210.00000
213.81819
213.18182
210.72728
207.45454
204.90910
197.90910
196.27274
197.00000
185.54546
174.36365
147.54546
149.63637
145.72728
148.54546
137.45454
119.00000
98.27273
68.00000
67.45454
73.27273
89.63637
77.81818
76.45454
74.45454
70.09091
63.00000
64.00000
67.27273
59.09091
79.45454
79.63637
100.54546
109.09091
121.09091
123.72728
138.81819
147.36365
152.90909
157.18182
166.36365
176.00000
181.36365
184.63637
197.36365
195.54546
192.90910
205.72728
205.45454
212.09091
214.54546
216.00000
212.72728
208.90910
206.90910
207.45454
210.09091
208.63637
200.63637
191.09091
179.09091
153.63637
143.54546
146.72728
141.63637
132.09091
118.36364
104.09091
76.72727
63.45455
73.00000
74.09091
83.72727
77.36364
79.81818
69.45454
63.45455
70.09091
71.54546
67.90910
75.81818
81.27273
95.72727
101.72727
120.54546
124.90910
132.36365
148.18182
156.00000
163.27274
174.27274
186.18182
200.45454
206.27274
208.54546
205.63637
209.00000
212.36365
216.09091
212.54546
215.81819
216.81819
210.54546
213.72728
216.63637
214.36365
217.90910
213.00000
205.18182
194.90910
185.45454
169.63637
140.27274
143.63637
141.18182
131.81819
121.72728
93.90910
76.72727
67.36364
78.09091
69.27273
79.81818
76.63637
83.63637
76.36364
62.54546
69.27273
73.72727
72.27273
68.09091
77.45454
93.36364
100.09091
114.81818
124.09091
134.90909
149.27274
156.27274
167.90910
181.72728
191.00000
201.90910
210.00000
209.81819
212.09091
211.27274
219.72728
226.09091
220.81819
220.09091
216.45456
221.27274
221.63637
221.63637
221.81819
224.81819
221.36365
213.72728
205.00000
197.09091
179.18182
147.27274
146.54546
148.09091
130.45454
115.09091
93.27273
88.00000
66.09091
80.00000
74.81818
80.72727
78.54546
82.27273
79.81818
62.90909
73.45454
68.72727
79.45454
72.27273
76.18182
88.36364
99.45455
116.18182
133.27274
135.45454
145.36365
160.18182
167.27274
174.27274
168.00000
179.54546
184.18182
190.72728
206.54546
216.81819
219.36365
223.27274
223.09091
221.81819
220.54546
223.00000
218.90910
224.54546
219.27274
222.45456
218.54546
213.63637
198.72728
193.36365
191.36365
170.36365
155.72728
147.45454
137.72728
130.81819
100.27273
80.36364
80.54546
72.18182
71.90910
77.09091
77.09091
77.63637
76.90910
63.72728
61.36364
70.81818
74.90910
73.36364
75.27273
81.45454
100.54546
120.90910
133.90909
135.45454
148.63637
155.72728
164.36365
165.63637
165.63637
165.63637
170.54546
171.18182
173.36365
193.54546
208.72728
219.18182
218.90910
222.27274
224.27274
222.72728
218.09091
217.00000
209.72728
200.45454
180.81819
190.90910
186.18182
174.54546
167.27274
176.18182
170.81819
149.63637
142.72728
120.54546
93.90910
85.09091
83.63637
71.36364
74.54546
79.81818
78.45454
69.45454
74.72727
70.36364
66.81818
71.90910
69.27273
65.81818
74.18182
88.27273
96.63637
124.09091
130.36365
140.18182
139.45454
128.90909
129.36365
123.00000
130.72728
136.09091
148.45454
157.63637
161.36365
165.27274
183.63637
198.72728
204.09091
208.45454
214.72728
208.09091
192.36365
188.63637
165.54546
156.09091
139.00000
135.09091
131.72728
123.81818
109.27273
136.54546
167.90910
144.45454
140.36365
130.63637
120.81818
83.00000
80.63637
77.18182
77.63637
71.54546
73.45454
70.90910
73.27273
71.09091
78.72727
90.27273
80.00000
70.81818
71.36364
92.72727
107.63637
123.63637
128.63637
135.27274
124.54546
103.81818
94.45455
91.63637
87.36364
83.45455
87.45455
101.81818
110.45455
138.36365
144.54546
160.00000
166.36365
186.00000
197.00000
198.45454
173.36365
139.36365
107.00000
121.00000
77.45454
65.81818
77.72727
87.81818
94.18182
108.72728
150.90909
129.18182
129.18182
132.18182
113.90910
90.72727
78.36364
88.90910
72.18182
70.81818
73.00000
74.72727
70.18182
75.27273
83.09091
82.72727
76.45454
76.72727
71.00000
93.81818
114.36364
119.09091
140.00000
130.63637
117.18182
88.90910
94.36364
62.81818
57.00000
62.72728
66.54546
93.18182
99.27273
124.18182
125.00000
138.18182
172.81819
186.00000
197.18182
181.72728
126.81818
103.63637
107.00000
95.72727
97.27273
94.36364
101.27273
93.18182
80.09091
103.18182
118.90910
101.72727
119.54546
116.90910
121.90910
109.45455
80.18182
87.00000
72.27273
74.00000
68.45454
75.18182
68.72727
72.36364
75.81818
79.90910
74.45454
74.18182
72.27273
99.09091
145.45454
145.36365
129.54546
141.09091
118.00000
85.63637
83.81818
95.63637
93.63637
86.09091
89.18182
106.45455
130.09091
123.63637
128.09091
140.45454
170.36365
191.90910
204.09091
174.09091
130.63637
127.27273
129.63637
128.18182
107.90910
100.36364
89.63637
97.54546
84.27273
97.54546
76.63637
107.63637
124.72728
120.27273
104.36364
86.90910
77.18182
75.90910
69.45454
59.54546
71.27273
75.09091
80.09091
76.00000
70.63637
73.81818
76.72727
69.36364
75.09091
101.27273
133.45454
110.81818
133.63637
120.27273
105.18182
102.81818
121.90910
117.18182
100.63637
75.27273
60.36364
107.36364
115.90910
122.36364
127.36364
128.54546
175.18182
192.90910
194.54546
177.63637
123.09091
122.45455
137.90909
114.00000
116.63637
105.54546
81.90910
80.27273
105.09091
95.90910
102.63637
105.45455
124.00000
111.00000
104.45455
102.81818
82.09091
73.90910
71.09091
62.90909
76.81818
85.18182
85.45455
87.45455
71.27273
64.45454
75.63637
69.09091
63.90909
98.90910
134.54546
136.18182
133.18182
133.45454
114.09091
130.27274
87.27273
82.18182
75.09091
100.90910
107.27273
112.09091
112.36364
135.00000
119.90910
133.36365
146.90909
173.18182
188.09091
179.81819
139.54546
122.54546
117.18182
120.36364
118.72728
111.72728
97.36364
90.90910
91.63637
71.63637
115.45455
131.36365
138.45454
109.45455
119.90910
111.63637
76.27273
73.45454
83.09091
85.63637
69.81818
81.81818
88.18182
83.36364
81.18182
68.27273
76.09091
71.54546
66.18182
107.54546
141.18182
145.45454
147.45454
148.72728
127.00000
84.72727
95.81818
77.63637
84.27273
98.09091
124.09091
90.09091
100.27273
135.45454
132.90909
124.90910
138.09091
163.36365
179.72728
171.63637
131.36365
125.09091
124.54546
128.90909
112.27273
114.63637
97.36364
123.63637
123.09091
106.00000
94.00000
137.09091
136.27274
121.36364
134.27274
107.63637
79.09091
88.00000
94.81818
98.81818
95.00000
89.72727
88.27273
81.45454
78.36364
71.72727
72.45454
73.36364
80.27273
110.81818
129.18182
151.45454
149.00000
145.81819
131.45454
96.81818
108.36364
122.36364
128.00000
137.00000
135.63637
139.18182
142.00000
154.09091
138.81819
118.45455
136.18182
153.27274
169.90910
185.90910
145.90909
150.90909
133.36365
129.36365
149.27274
142.72728
120.81818
113.09091
136.63637
138.27274
133.18182
136.81819
149.00000
130.09091
119.00000
117.36364
92.36364
97.72727
102.72727
112.63637
85.36364
86.09091
93.00000
73.72727
88.00000
77.36364
74.90910
72.18182
83.27273
121.90910
129.27274
148.00000
159.81819
168.09091
136.27274
122.45455
142.72728
139.72728
125.27273
154.36365
158.36365
160.27274
162.72728
168.63637
146.90909
113.81818
168.72728
160.90909
189.45454
189.90910
177.27274
174.63637
161.63637
142.36365
139.63637
164.36365
148.27274
139.00000
147.27274
141.27274
147.90909
161.27274
166.27274
144.54546
119.81818
119.27273
95.09091
101.27273
106.72728
106.63637
90.00000
92.81818
84.54546
101.81818
92.81818
96.72727
92.54546
73.00000
81.09091
123.90910
127.09091
165.18182
169.00000
153.90909
150.54546
164.00000
153.90909
136.00000
146.09091
174.36365
172.63637
176.36365
172.63637
169.63637
178.72728
137.54546
152.54546
169.36365
192.18182
192.63637
191.27274
176.90910
181.36365
147.90909
156.27274
160.63637
178.54546
159.54546
174.27274
164.45454
170.36365
169.09091
174.09091
139.27274
134.36365
122.81818
96.81818
105.18182
105.81818
110.36364
97.90910
90.27273
84.45455
101.18182
92.90910
105.72728
107.27273
72.81818
97.54546
120.72728
119.00000
139.18182
158.54546
157.36365
151.27274
159.45454
165.09091
169.36365
176.72728
182.72728
180.36365
203.00000
181.18182
178.45454
154.90909
162.90909
156.18182
174.18182
194.09091
201.90910
180.81819
188.36365
182.81819
185.72728
169.00000
174.54546
181.63637
179.45454
189.36365
186.72728
182.18182
176.54546
165.90910
148.00000
149.09091
131.63637
100.36364
100.00000
112.09091
118.36364
107.90910
93.09091
83.72727
103.00000
98.09091
112.27273
114.81818
82.54546
106.00000
118.36364
118.81818
141.09091
159.63637
177.63637
178.81819
163.81819
187.63637
189.54546
194.63637
189.00000
196.72728
205.18182
196.27274
181.90910
160.54546
170.72728
171.36365
169.00000
196.36365
201.63637
178.72728
192.18182
178.54546
202.18182
187.36365
196.54546
190.36365
196.90910
199.09091
199.36365
203.90910
180.90910
162.54546
171.00000
152.00000
131.72728
99.72727
105.27273
115.36364
122.27273
103.90910
92.27273
82.00000
112.90910
122.81818
118.18182
107.36364
91.81818
109.09091
108.90910
127.09091
143.18182
159.54546
161.54546
201.00000
182.36365
190.63637
206.36365
197.09091
206.27274
204.90910
194.90910
189.27274
173.27274
162.27274
177.45454
173.54546
167.81819
201.36365
200.36365
182.45454
177.09091
187.18182
202.18182
208.90910
205.09091
214.36365
213.09091
212.54546
204.00000
207.27274
186.72728
187.00000
160.63637
146.00000
132.81819
108.09091
106.54546
111.45455
115.72728
108.27273
97.27273
87.18182
108.27273
126.09091
127.27273
104.90910
95.00000
105.90910
108.54546
135.27274
139.18182
162.18182
171.81819
177.09091
191.81819
197.18182
197.54546
189.18182
201.72728
183.36365
192.09091
175.09091
166.54546
175.72728
177.09091
163.81819
180.36365
199.18182
206.63637
189.81819
183.36365
183.36365
195.18182
207.09091
204.90910
202.54546
197.54546
191.45454
190.27274
211.45456
205.36365
191.45454
159.90909
147.54546
131.18182
110.90910
110.90910
113.09091
110.54546
107.27273
96.09091
92.09091
106.54546
127.27273
133.09091
96.54546
107.45455
106.54546
114.45455
132.00000
142.81819
156.90909
171.63637
169.09091
195.18182
195.00000
195.63637
194.81819
190.54546
190.36365
186.00000
173.81819
171.54546
173.54546
177.54546
169.90910
177.63637
197.36365
202.81819
191.36365
178.09091
172.72728
191.90910
193.54546
201.81819
197.54546
204.09091
209.00000
203.36365
200.27274
198.36365
190.36365
170.72728
152.18182
125.18182
113.90910
110.18182
113.63637
111.09091
104.54546
84.81818
99.27273
115.81818
109.72728
130.00000
101.54546
114.18182
111.81818
111.27273
132.27274
140.09091
156.54546
161.54546
165.72728
173.72728
185.81819
191.36365
185.72728
185.72728
191.18182
176.18182
174.45454
166.09091
154.63637
152.81819
172.00000
176.54546
191.72728
198.90910
196.72728
178.18182
172.90910
179.00000
188.63637
184.90910
191.90910
190.00000
199.36365
200.09091
196.36365
185.00000
179.36365
157.09091
150.00000
122.36364
111.54546
112.81818
109.09091
108.09091
96.45455
91.54546
88.36364
115.54546
119.81818
106.63637
98.72727
108.63637
110.45455
114.36364
124.27273
140.36365
149.90909
150.72728
157.72728
170.09091
173.54546
175.72728
183.63637
181.54546
186.54546
179.18182
163.72728
161.18182
152.00000
142.45454
151.81819
167.90910
175.09091
188.81819
174.90910
169.27274
173.18182
169.09091
170.09091
173.81819
180.09091
183.54546
192.36365
196.45454
185.90910
176.81819
168.45454
148.63637
140.54546
122.00000
117.90910
112.45455
105.27273
105.45455
94.36364
93.45455
96.36364
115.90910
118.54546
107.63637
103.18182
110.09091
108.27273
117.63637
123.09091
136.09091
146.27274
150.45454
145.18182
158.81819
162.72728
169.81819
175.45454
168.72728
172.18182
170.90910
162.27274
143.54546
163.45454
133.63637
144.09091
138.45454
159.54546
154.72728
131.45454
129.54546
129.27274
144.00000
159.81819
168.00000
174.00000
173.45454
184.27274
182.27274
175.27274
171.27274
162.36365
132.54546
129.36365
118.00000
111.09091
117.54546
128.90909
108.54546
88.27273
104.18182
89.36364
95.54546
117.63637
109.36364
111.72728
121.18182
112.00000
118.54546
118.36364
128.90909
132.63637
136.72728
144.45454
153.27274
156.72728
164.63637
165.72728
173.27274
170.36365
166.81819
163.72728
153.00000
150.45454
145.36365
119.54546
125.45455
126.90910
134.90909
144.63637
129.27274
136.36365
150.63637
160.90909
165.45454
171.18182
171.45454
172.72728
167.27274
165.45454
161.27274
145.90909
132.81819
123.63637
124.54546
116.00000
129.81819
123.81818
105.36364
88.63637
94.63637
91.72727
90.81818
109.81818
120.54546
103.27273
124.00000
115.27273
115.27273
119.00000
125.63637
124.27273
128.63637
139.54546
145.45454
150.45454
151.36365
162.18182
167.72728
169.36365
168.18182
160.72728
153.63637
146.00000
141.54546
130.81819
118.45455
125.72728
127.90910
141.00000
143.18182
154.00000
161.54546
164.09091
163.00000
172.36365
165.09091
164.63637
163.18182
157.36365
148.81819
137.81819
124.63637
116.27273
126.00000
119.63637
122.81818
117.90910
99.45455
97.90910
85.00000
73.81818
98.36364
107.72728
124.09091
126.18182
121.81818
114.00000
117.90910
118.36364
125.00000
122.27273
121.18182
131.72728
140.72728
145.54546
139.90909
144.45454
154.54546
155.36365
153.72728
154.72728
155.90909
151.09091
140.36365
134.27274
129.45454
136.27274
133.27274
143.63637
149.09091
152.90909
158.63637
163.54546
161.54546
160.27274
166.36365
153.90909
146.81819
151.00000
142.36365
126.63637
123.81818
122.63637
120.36364
118.81818
123.63637
112.00000
103.27273
100.81818
88.09091
69.27273
109.90910
111.54546
125.90910
119.09091
119.36364
101.63637
107.63637
119.00000
122.00000
119.09091
119.63637
121.54546
134.54546
140.81819
138.54546
142.54546
146.90909
148.09091
147.18182
153.09091
155.63637
153.18182
150.09091
156.54546
144.09091
146.81819
147.09091
156.72728
153.72728
152.81819
155.27274
165.54546
155.45454
157.36365
157.09091
142.81819
136.63637
140.27274
135.81819
129.45454
121.81818
123.36364
120.90910
124.36364
121.45455
115.18182
94.81818
103.54546
84.18182
69.90910
113.45455
102.45455
104.54546
122.09091
116.54546
110.27273
111.18182
112.45455
117.18182
117.81818
118.90910
119.63637
124.09091
139.09091
145.18182
139.72728
143.45454
147.09091
140.63637
143.54546
151.36365
147.18182
143.63637
142.45454
150.72728
152.63637
144.54546
149.81819
157.36365
156.27274
146.09091
144.54546
147.81819
142.00000
138.63637
141.72728
144.18182
144.09091
141.45454
133.45454
126.18182
128.36365
124.72728
118.81818
114.09091
113.90910
96.27273
102.81818
82.45455
74.81818
113.27273
108.18182
112.90910
110.63637
112.81818
117.36364
117.54546
115.09091
117.18182
119.27273
114.54546
114.00000
120.45455
133.09091
141.45454
125.54546
118.18182
106.00000
105.90910
108.27273
119.00000
117.90910
121.54546
131.54546
136.81819
140.90909
130.00000
125.54546
115.72728
107.54546
114.63637
102.72727
105.81818
115.72728
120.18182
133.45454
136.72728
146.81819
138.90909
136.09091
134.36365
126.36364
120.54546
109.18182
106.63637
110.00000
98.54546
100.72727
81.27273
77.81818
116.36364
113.18182
116.63637
106.81818
102.45455
120.63637
117.36364
116.27273
120.72728
121.81818
115.90910
115.09091
118.36364
129.72728
127.90910
117.09091
109.90910
106.54546
115.81818
124.45455
125.27273
121.72728
125.90910
136.54546
134.54546
128.36365
136.45454
127.18182
116.90910
113.09091
108.00000
133.36365
128.27274
122.72728
128.00000
138.54546
129.54546
143.09091
138.90909
141.09091
130.90909
122.54546
115.90910
107.81818
106.72728
113.09091
100.54546
100.72727
85.18182
86.09091
123.00000
120.90910
119.72728
111.81818
92.45455
111.54546
105.18182
113.63637
114.36364
121.90910
123.72728
114.72728
115.63637
126.63637
122.18182
122.00000
119.63637
120.36364
118.63637
119.45455
122.90910
122.90910
120.54546
123.36364
130.63637
143.72728
139.36365
150.09091
148.09091
147.72728
132.36365
134.36365
140.09091
139.63637
130.90909
129.90909
128.54546
136.54546
137.63637
135.90909
136.63637
121.90910
117.54546
107.45455
111.54546
112.90910
107.09091
98.18182
90.72727
85.54546
123.00000
120.54546
119.81818
114.00000
102.09091
118.36364
103.90910
110.18182
110.09091
117.27273
122.00000
117.36364
115.90910
119.72728
122.72728
121.09091
113.36364
116.00000
117.18182
114.27273
107.27273
105.00000
107.18182
107.27273
112.90910
114.63637
127.81818
131.18182
137.18182
135.18182
128.18182
121.36364
117.72728
122.36364
121.00000
128.27274
126.90910
128.18182
130.45454
130.63637
129.27274
116.54546
116.45455
116.45455
108.27273
109.90910
103.90910
95.09091
95.90910
82.45455
114.63637
107.09091
108.36364
103.54546
104.00000
114.72728
107.90910
109.09091
107.45455
112.90910
115.36364
115.54546
109.81818
111.36364
118.18182
115.90910
117.72728
116.18182
114.36364
103.90910
105.54546
108.45455
107.09091
103.09091
93.36364
96.81818
106.18182
114.09091
117.18182
123.81818
122.36364
132.54546
131.45454
140.00000
129.54546
124.81818
120.72728
125.54546
124.90910
128.90909
129.18182
112.63637
113.00000
107.36364
111.63637
103.45455
95.81818
94.00000
98.90910
85.90910
119.36364
122.00000
114.09091
108.18182
114.00000
122.36364
120.36364
122.54546
106.54546
110.54546
113.90910
107.63637
102.00000
101.54546
110.18182
110.81818
116.27273
120.72728
118.00000
123.00000
126.72728
122.09091
121.81818
116.63637
112.54546
110.18182
106.72728
110.18182
119.63637
122.45455
123.63637
129.90909
139.00000
139.18182
141.54546
135.72728
123.18182
123.27273
121.54546
125.63637
121.45455
113.45455
113.00000
107.36364
103.63637
102.18182
99.27273
100.36364
93.45455
79.81818
113.27273
113.90910
111.45455
117.63637
114.90910
112.36364
119.27273
116.36364
115.09091
100.90910
112.63637
99.90910
95.00000
100.27273
107.72728
112.00000
114.54546
121.90910
127.36364
131.63637
132.09091
134.27274
135.72728
134.09091
139.63637
137.27274
135.63637
134.54546
139.27274
141.09091
142.36365
143.36365
148.54546
140.27274
137.18182
129.54546
120.09091
117.81818
114.63637
119.09091
114.90910
114.72728
106.72728
102.45455
91.36364
101.00000
96.63637
98.36364
94.27273
80.36364
108.54546
112.18182
105.09091
112.90910
106.27273
112.09091
105.27273
117.09091
104.36364
101.81818
104.45455
96.63637
97.72727
88.09091
101.54546
107.36364
113.00000
114.00000
125.90910
127.09091
134.27274
142.00000
141.63637
144.90909
152.54546
160.09091
158.36365
160.00000
154.72728
156.72728
147.45454
147.36365
138.90909
141.90909
129.72728
122.90910
110.00000
106.81818
111.18182
107.81818
103.27273
107.45455
97.81818
103.36364
87.54546
95.63637
93.00000
101.90910
91.45455
81.18182
116.00000
118.09091
130.90909
111.54546
127.81818
119.63637
116.00000
127.63637
116.36364
102.81818
90.72727
89.18182
89.90910
87.54546
86.18182
94.72727
101.36364
110.27273
116.63637
124.18182
127.45455
133.90909
138.00000
140.27274
144.81819
146.00000
146.18182
149.36365
147.00000
146.45454
139.72728
135.27274
127.72728
119.00000
130.36365
111.45455
104.54546
97.36364
97.63637
96.27273
87.27273
89.72727
107.09091
109.90910
110.90910
112.72728
109.54546
113.27273
128.18182
99.36364
139.18182
147.00000
130.18182
115.18182
117.54546
116.90910
111.00000
126.63637
124.27273
102.27273
86.00000
74.72727
78.45454
77.18182
83.09091
88.00000
92.36364
99.81818
108.63637
112.18182
114.18182
117.18182
123.45455
122.18182
122.54546
130.00000
133.63637
135.72728
133.90909
128.09091
118.09091
124.09091
118.09091
107.54546
103.72727
101.00000
90.00000
96.00000
97.00000
91.45455
81.36364
75.81818
114.63637
128.27274
112.00000
113.54546
105.90910
103.45455
113.18182
113.18182
138.27274
132.81819
122.63637
134.09091
106.90910
111.54546
106.45455
118.18182
117.72728
105.63637
89.63637
86.81818
79.45454
74.63637
79.27273
80.09091
81.18182
89.54546
92.18182
97.00000
103.27273
98.81818
103.27273
107.72728
114.90910
113.45455
115.00000
114.54546
114.54546
113.09091
113.72728
107.72728
102.45455
96.54546
88.54546
99.90910
84.63637
90.81818
94.63637
84.36364
78.45454
88.63637
106.09091
111.63637
118.63637
120.63637
108.54546
107.90910
111.90910
107.18182
149.27274
133.54546
133.27274
123.36364
107.36364
115.00000
106.81818
113.81818
113.54546
91.27273
92.81818
87.72727
80.18182
78.18182
75.72727
76.09091
83.00000
79.27273
81.45454
86.00000
93.18182
96.27273
96.09091
96.54546
98.90910
101.09091
95.54546
97.54546
98.45455
100.63637
99.90910
89.09091
84.72727
77.72727
81.18182
88.45455
83.63637
91.36364
96.72727
81.81818
86.27273
93.36364
95.81818
108.72728
128.45454
110.81818
118.00000
118.81818
119.90910
108.09091
152.36365
131.00000
137.36365
120.00000
106.81818
111.54546
109.81818
118.18182
99.81818
90.45455
95.54546
99.18182
73.45454
78.90910
75.00000
76.81818
74.81818
67.72727
67.72727
75.54546
79.18182
85.00000
84.54546
77.54546
73.36364
78.54546
75.90910
73.36364
78.54546
80.18182
74.36364
71.27273
66.45454
63.00000
67.18182
95.90910
86.72727
89.27273
84.18182
83.27273
83.09091
82.90910
86.90910
102.72727
104.45455
107.00000
108.72728
123.18182
105.27273
101.63637
