63.91667
59.91667
57.75000
55.08334
48.75000
46.00000
50.33334
58.83334
76.00000
82.66667
88.91667
95.33334
107.16667
120.91667
126.91667
132.66667
137.33334
141.41667
144.33334
146.58334
148.16667
150.41667
152.25000
152.83334
153.33334
152.41667
150.00000
149.58334
146.91667
147.08334
145.16667
143.75000
143.25000
136.41667
127.66667
121.91667
111.58334
101.58334
96.25000
86.91667
75.41667
68.00000
57.50000
46.00000
41.00000
55.91667
61.33334
58.41667
60.50000
66.08334
60.83334
58.41667
55.41667
53.91667
43.83334
45.91667
51.33334
60.50000
76.75000
87.66667
93.25000
99.91667
112.75000
124.58334
130.16667
135.83334
139.58334
143.50000
147.33334
149.83334
152.25000
154.58334
156.00000
157.16667
157.08334
155.08334
153.08334
152.33334
151.66667
148.58334
147.25000
145.75000
144.08334
140.58334
132.00000
125.00000
113.83334
104.50000
100.25000
90.58334
80.08334
70.25000
62.58334
48.75000
41.75000
56.58334
60.33334
60.41667
60.25000
65.50000
56.41667
54.00000
54.33334
52.00000
42.91667
45.50000
55.33334
62.50000
80.16667
92.58334
94.50000
105.00000
118.33334
126.83334
133.58334
138.33334
142.33334
145.75000
149.83334
154.16667
156.08334
158.00000
160.41667
160.91667
161.16667
158.66667
158.33334
155.83334
155.00000
152.50000
151.08334
149.25000
146.66667
142.25000
135.33334
126.00000
118.25000
107.91667
105.66667
95.16667
83.83334
75.66667
60.66667
49.08334
44.41667
54.08334
62.50000
60.83334
58.50000
66.50000
59.66667
59.50000
55.50000
54.25000
45.41667
46.58334
54.58334
64.58334
83.91667
94.33334
97.66667
108.16667
122.83334
129.16667
135.91667
140.58334
145.25000
149.08334
153.50000
155.25000
157.50000
161.58334
162.91667
162.83334
162.08334
161.33334
160.16667
158.91667
156.00000
154.16667
152.83334
150.75000
147.50000
143.50000
137.50000
128.16667
119.91667
111.16667
106.41667
101.33334
86.25000
72.50000
62.58334
50.91667
42.16667
53.08334
60.16667
60.00000
55.83334
66.41667
59.50000
57.91667
54.58334
52.00000
45.33334
44.66667
51.58334
64.08334
84.58334
95.33334
99.75000
112.00000
124.33334
131.91667
138.25000
142.08334
145.66667
149.58334
152.58334
155.16667
157.41667
160.83334
161.91667
162.00000
161.16667
161.75000
160.41667
159.66667
157.33334
156.41667
153.25000
150.16667
147.25000
142.91667
136.58334
128.50000
121.75000
116.16667
109.75000
103.75000
89.33334
72.33334
58.08334
47.91667
41.50000
51.16667
61.50000
56.83334
57.00000
64.16667
57.50000
56.08334
53.58334
51.25000
48.75000
45.08334
53.58334
64.66667
84.25000
96.00000
101.83334
114.08334
125.75000
132.91667
139.58334
143.41667
146.00000
149.66667
152.75000
154.41667
156.08334
158.83334
162.16667
160.16667
159.25000
162.16667
161.16667
160.08334
158.25000
155.50000
152.66667
151.08334
146.25000
141.83334
135.33334
128.58334
122.75000
118.50000
111.16667
105.00000
93.33334
72.66667
61.08334
48.50000
41.75000
51.08334
62.50000
56.91667
55.08334
63.58334
59.00000
57.41667
53.50000
50.00000
47.91667
46.16667
55.41667
65.25000
82.83334
96.66667
104.00000
115.25000
126.58334
133.00000
138.08334
143.66667
146.58334
150.50000
152.41667
154.08334
156.16667
159.25000
160.50000
159.75000
160.75000
162.16667
161.08334
159.25000
157.41667
154.33334
153.00000
151.33334
146.00000
141.91667
137.08334
129.83334
124.33334
121.00000
111.91667
106.08334
91.08334
74.33334
58.08334
49.00000
41.41667
48.75000
58.00000
55.75000
54.33334
62.91667
58.91667
57.58334
51.16667
49.50000
45.83334
45.75000
52.58334
63.00000
81.50000
98.58334
104.50000
116.75000
126.50000
131.91667
137.41667
142.16667
147.08334
149.58334
151.75000
154.16667
156.16667
158.08334
159.08334
159.08334
159.83334
160.25000
158.25000
156.58334
155.08334
154.08334
151.50000
149.08334
146.33334
143.00000
138.16667
133.25000
126.91667
122.25000
113.25000
105.66667
91.75000
73.41667
60.66667
47.50000
42.83334
50.08334
53.66667
55.08334
54.25000
61.50000
56.91667
53.16667
48.75000
46.33334
45.25000
47.00000
52.75000
65.41667
79.08334
97.75000
105.58334
116.91667
126.25000
132.75000
137.00000
142.58334
146.33334
149.00000
152.58334
154.66667
155.50000
157.25000
157.91667
158.75000
158.33334
158.58334
158.41667
156.50000
154.91667
154.00000
152.41667
151.08334
147.41667
143.83334
140.41667
133.75000
127.33334
122.25000
113.75000
105.25000
91.91667
75.25000
62.50000
46.16667
43.25000
48.66667
56.25000
53.33334
52.33334
62.08334
53.58334
54.75000
52.58334
48.83334
44.08334
47.91667
54.00000
65.66667
78.08334
96.25000
105.16667
117.41667
127.25000
133.41667
137.83334
141.91667
147.41667
151.16667
152.25000
153.83334
154.50000
156.00000
155.75000
157.91667
157.83334
158.66667
158.00000
156.50000
155.16667
154.00000
153.25000
153.08334
150.16667
146.16667
140.50000
135.25000
130.83334
122.91667
114.08334
103.08334
90.41667
78.08334
65.00000
49.08334
44.66667
47.66667
54.91667
56.75000
54.66667
62.91667
54.00000
56.00000
50.58334
47.75000
42.00000
47.58334
53.58334
66.66667
77.75000
93.91667
103.08334
117.41667
126.83334
133.25000
138.66667
142.75000
147.16667
151.33334
155.33334
156.16667
155.91667
156.83334
156.66667
155.83334
156.33334
155.66667
157.00000
158.50000
158.16667
157.58334
157.50000
153.66667
149.66667
145.50000
142.25000
136.66667
130.83334
123.33334
114.33334
104.16667
93.75000
81.58334
69.16667
51.25000
45.16667
50.08334
56.33334
61.41667
58.25000
58.83334
57.16667
58.91667
50.91667
48.75000
44.33334
49.33334
53.58334
67.66667
79.75000
94.41667
103.00000
118.00000
126.08334
133.00000
138.50000
143.00000
147.16667
151.33334
156.66667
158.08334
158.33334
157.91667
156.58334
155.91667
154.83334
155.41667
156.75000
161.08334
163.58334
162.75000
158.08334
153.33334
149.66667
145.50000
143.25000
136.66667
130.00000
121.50000
113.91667
103.50000
92.58334
82.50000
72.33334
54.91667
47.41667
49.50000
62.75000
54.91667
60.41667
61.08334
54.66667
57.25000
53.75000
47.50000
48.25000
50.41667
53.83334
68.41667
82.16667
92.58334
102.66667
117.50000
126.50000
132.75000
138.58334
141.83334
145.66667
149.00000
153.91667
158.75000
160.25000
160.75000
156.50000
154.50000
153.91667
150.25000
153.41667
160.83334
160.41667
157.25000
153.33334
151.25000
147.75000
144.00000
140.83334
135.83334
128.50000
121.58334
114.25000
102.75000
92.50000
84.50000
76.25000
55.25000
50.25000
54.16667
59.16667
58.25000
63.00000
66.41667
50.83334
55.00000
59.16667
51.08334
53.50000
58.41667
54.91667
67.91667
83.08334
92.83334
103.25000
115.08334
124.16667
129.00000
133.25000
135.08334
138.75000
141.58334
144.41667
146.50000
152.91667
151.91667
149.25000
149.08334
150.33334
142.83334
142.91667
148.91667
148.41667
146.16667
143.25000
140.41667
136.41667
132.66667
128.83334
122.41667
117.66667
113.33334
109.08334
100.50000
92.08334
85.33334
76.83334
55.50000
49.16667
56.91667
60.75000
59.08334
61.50000
62.50000
52.25000
53.66667
62.25000
56.41667
52.66667
57.58334
60.00000
66.25000
82.91667
92.00000
101.50000
107.75000
115.08334
116.08334
119.50000
122.08334
122.25000
125.75000
127.58334
130.08334
136.91667
138.00000
138.33334
141.16667
145.00000
132.66667
133.00000
133.66667
131.58334
127.33334
121.08334
112.25000
104.25000
99.83334
93.50000
86.16667
84.58334
85.58334
88.91667
91.50000
88.50000
81.83334
78.33334
57.41667
50.50000
58.00000
66.08334
59.25000
60.16667
64.50000
55.00000
56.25000
60.08334
56.00000
55.50000
57.91667
62.25000
67.50000
81.16667
88.50000
90.33334
87.08334
88.66667
85.25000
82.58334
82.00000
84.00000
86.91667
90.91667
99.58334
110.75000
118.75000
123.91667
132.16667
139.50000
123.25000
119.25000
114.41667
103.75000
88.58334
73.50000
60.25000
55.08334
50.00000
48.50000
54.16667
55.00000
56.08334
60.83334
68.83334
75.75000
79.41667
79.08334
60.33334
50.66667
58.66667
65.75000
60.83334
61.50000
63.91667
57.75000
57.91667
57.58334
63.75000
59.75000
56.58334
65.66667
68.25000
77.33334
75.41667
73.00000
66.41667
58.75000
50.75000
47.33334
44.25000
40.75000
40.91667
43.75000
54.50000
72.00000
91.58334
107.91667
122.16667
137.25000
114.33334
106.41667
89.75000
63.83334
41.08334
30.08333
27.50000
28.75000
33.00000
37.33334
39.66667
47.50000
53.50000
53.58334
57.50000
69.33334
77.91667
77.83334
62.91667
52.50000
58.08334
62.66667
60.83334
60.58334
60.16667
61.83334
59.75000
61.16667
65.00000
61.08334
63.25000
69.75000
69.83334
76.16667
67.00000
54.83334
44.41667
41.16667
41.75000
41.16667
40.41667
40.50000
37.91667
36.41667
38.75000
51.00000
72.66667
96.08334
117.16667
138.33334
118.58334
105.25000
79.08334
52.33334
47.33334
47.83334
50.50000
51.66667
54.83334
50.83334
49.58334
56.00000
61.91667
64.25000
65.08334
70.25000
75.16667
76.83334
63.41667
56.83334
60.33334
68.33334
68.33334
60.00000
57.25000
63.33334
65.00000
65.91667
65.50000
65.58334
63.08334
71.75000
71.91667
75.75000
70.91667
62.58334
54.08334
57.66667
53.58334
49.25000
46.16667
42.75000
46.75000
65.00000
60.16667
68.08334
72.75000
93.50000
120.41667
143.33334
129.91667
107.00000
84.83334
76.16667
69.58334
62.16667
65.75000
54.00000
42.00000
44.16667
46.58334
53.58334
65.91667
77.83334
83.33334
83.75000
80.50000
79.58334
66.00000
59.50000
69.75000
70.25000
68.25000
59.41667
60.25000
65.50000
65.50000
67.91667
67.66667
69.25000
68.08334
72.58334
72.91667
78.33334
79.50000
81.25000
75.41667
63.00000
49.66667
46.91667
47.33334
54.75000
46.75000
109.25000
97.33334
94.25000
86.83334
92.08334
124.91667
146.91667
135.16667
107.50000
83.75000
91.50000
86.16667
79.00000
121.16667
76.66667
71.83334
71.50000
67.58334
50.25000
53.41667
72.33334
86.75000
94.33334
92.08334
88.25000
72.83334
66.66667
74.66667
71.91667
69.33334
67.75000
61.91667
65.08334
64.58334
67.66667
73.91667
65.58334
72.75000
73.41667
78.91667
84.50000
85.50000
86.16667
74.91667
57.66667
56.00000
66.41667
47.33334
44.25000
54.66667
114.91667
106.25000
90.41667
89.58334
94.50000
131.16667
145.41667
139.41667
111.33334
87.41667
96.75000
92.75000
103.33334
118.50000
103.00000
56.66667
58.58334
82.75000
79.50000
69.33334
69.75000
84.33334
93.91667
95.91667
94.66667
79.41667
72.25000
77.83334
74.91667
71.83334
71.41667
65.41667
67.83334
65.41667
73.50000
73.66667
67.75000
74.75000
80.41667
83.66667
89.75000
91.50000
93.50000
89.33334
77.83334
78.66667
89.58334
85.41667
88.58334
91.33334
96.66667
94.08334
100.08334
95.16667
102.08334
135.33334
142.91667
139.66667
115.25000
97.08334
93.83334
106.83334
107.66667
102.16667
103.50000
101.00000
99.66667
102.58334
104.41667
98.16667
100.16667
101.33334
105.16667
104.83334
99.83334
88.08334
75.91667
84.58334
78.50000
83.33334
79.50000
69.75000
64.08334
66.00000
71.91667
75.58334
69.00000
73.83334
84.91667
87.75000
96.33334
104.00000
104.16667
105.66667
97.58334
95.66667
97.16667
95.91667
96.16667
99.58334
101.08334
105.75000
103.33334
99.50000
113.00000
139.58334
140.91667
139.25000
116.58334
106.66667
103.33334
105.50000
111.91667
110.66667
112.66667
117.16667
116.00000
113.33334
111.66667
112.33334
115.91667
119.75000
118.08334
112.66667
104.66667
91.25000
83.75000
89.75000
85.33334
81.16667
82.33334
71.33334
65.75000
68.91667
72.08334
74.83334
69.75000
72.16667
83.58334
92.41667
98.91667
108.33334
110.08334
116.75000
117.08334
116.08334
114.75000
116.08334
118.83334
121.41667
123.33334
115.25000
112.75000
108.08334
117.75000
140.08334
141.66667
139.33334
117.50000
113.00000
111.75000
111.08334
118.16667
128.58334
134.25000
133.50000
129.83334
125.33334
125.66667
128.58334
129.66667
130.08334
125.08334
118.00000
107.50000
90.91667
87.66667
90.41667
90.41667
88.58334
94.83334
75.33334
66.16667
73.00000
74.16667
82.00000
80.33334
78.00000
83.50000
96.08334
104.16667
112.16667
115.66667
126.50000
127.50000
128.58334
130.50000
134.33334
136.00000
134.00000
129.58334
122.00000
118.66667
112.91667
121.08334
137.58334
143.00000
136.00000
116.66667
115.50000
115.66667
115.25000
121.33334
132.75000
140.58334
145.41667
147.33334
144.83334
141.91667
139.66667
136.33334
134.41667
127.41667
118.58334
107.33334
92.91667
89.25000
90.08334
89.83334
93.41667
94.58334
76.33334
63.58334
74.66667
79.75000
82.91667
82.16667
86.91667
89.00000
97.58334
107.16667
113.83334
118.33334
127.25000
132.08334
134.33334
137.41667
140.75000
139.66667
135.16667
130.50000
128.08334
123.41667
116.75000
121.66667
137.33334
142.58334
134.83334
118.25000
116.75000
119.25000
118.75000
124.75000
135.00000
138.33334
143.66667
146.83334
147.00000
146.58334
142.41667
139.25000
135.00000
126.00000
118.33334
105.50000
92.41667
93.08334
90.50000
97.25000
96.25000
85.91667
90.41667
73.50000
77.16667
84.83334
85.00000
92.58334
93.83334
100.08334
107.41667
108.33334
114.00000
119.50000
131.58334
131.75000
134.50000
138.08334
138.75000
137.50000
137.91667
136.50000
135.16667
124.25000
116.50000
122.58334
136.08334
143.16667
134.33334
120.16667
116.91667
120.50000
119.75000
128.91667
138.16667
139.58334
142.41667
143.58334
145.58334
145.91667
142.50000
138.66667
132.08334
125.50000
116.41667
105.75000
95.91667
97.41667
91.50000
97.25000
89.33334
86.58334
85.91667
79.25000
76.83334
88.83334
83.25000
88.50000
100.25000
103.08334
110.25000
108.58334
112.33334
118.33334
127.91667
132.25000
135.66667
137.75000
138.58334
140.41667
144.16667
140.58334
136.58334
121.41667
115.16667
124.16667
136.58334
141.41667
135.00000
122.08334
115.91667
115.08334
118.83334
132.16667
142.00000
143.16667
143.41667
144.66667
145.25000
144.58334
141.66667
135.33334
130.08334
123.08334
113.91667
105.75000
100.58334
101.16667
95.50000
89.75000
96.50000
82.91667
81.50000
76.91667
78.08334
88.58334
88.00000
92.75000
102.50000
104.50000
106.91667
109.41667
110.00000
114.58334
126.66667
129.25000
134.83334
138.08334
141.50000
144.41667
142.91667
141.00000
134.33334
116.91667
114.91667
127.58334
138.33334
140.75000
138.00000
125.00000
116.08334
112.75000
116.25000
132.83334
142.83334
145.00000
145.25000
144.58334
144.83334
144.33334
139.16667
132.33334
125.00000
118.75000
111.16667
102.41667
98.00000
101.08334
89.33334
93.58334
91.16667
83.00000
79.50000
75.91667
80.91667
92.33334
94.08334
99.33334
102.75000
101.58334
103.50000
109.08334
102.50000
109.66667
123.08334
127.58334
133.75000
138.83334
141.16667
144.25000
139.50000
138.25000
126.66667
115.08334
119.16667
128.75000
138.58334
142.00000
135.41667
128.08334
117.83334
115.08334
112.58334
125.50000
139.50000
143.58334
144.41667
144.41667
144.41667
143.41667
138.08334
128.25000
120.50000
115.50000
108.66667
101.58334
94.25000
98.75000
88.66667
88.58334
86.41667
86.58334
84.33334
77.75000
78.83334
91.50000
90.66667
93.08334
102.91667
100.16667
100.16667
106.66667
100.50000
107.25000
119.16667
125.75000
132.66667
138.75000
140.75000
139.41667
136.91667
129.66667
117.91667
115.08334
119.41667
126.75000
138.00000
140.33334
131.00000
125.75000
115.66667
116.83334
112.00000
120.75000
130.83334
139.08334
142.41667
142.83334
143.83334
142.08334
136.00000
127.08334
120.25000
112.75000
106.91667
101.25000
99.58334
95.91667
90.75000
94.33334
81.83334
83.08334
82.25000
76.25000
79.75000
94.33334
91.58334
90.33334
99.91667
102.16667
99.66667
106.16667
101.08334
105.08334
115.25000
125.00000
131.50000
136.50000
137.16667
135.25000
131.75000
121.50000
115.33334
116.33334
114.58334
122.41667
136.08334
137.83334
129.08334
116.83334
107.58334
110.25000
111.16667
120.25000
124.50000
134.08334
139.00000
140.58334
141.08334
140.50000
134.25000
125.08334
124.00000
111.58334
105.00000
101.66667
102.58334
100.08334
97.00000
98.25000
80.75000
85.33334
78.83334
75.66667
78.41667
89.58334
94.50000
86.16667
95.25000
103.33334
95.00000
103.41667
105.25000
103.75000
112.75000
122.25000
129.66667
131.66667
131.41667
129.75000
125.16667
121.33334
121.91667
120.00000
116.16667
113.00000
123.41667
124.16667
118.50000
108.50000
100.58334
101.50000
109.66667
120.83334
122.91667
131.25000
138.00000
140.58334
138.41667
137.25000
132.16667
123.41667
126.33334
106.83334
100.58334
95.00000
106.83334
95.16667
92.08334
80.91667
80.91667
85.25000
86.83334
78.75000
85.66667
84.41667
93.66667
94.83334
91.25000
102.75000
100.33334
108.50000
109.00000
104.66667
109.66667
118.58334
125.66667
127.83334
128.00000
124.00000
124.41667
123.66667
124.41667
116.16667
111.00000
107.50000
108.58334
110.08334
106.33334
97.83334
94.50000
102.16667
111.83334
118.58334
125.16667
131.33334
138.50000
138.25000
137.08334
134.25000
129.08334
120.33334
119.66667
110.91667
102.00000
95.66667
103.91667
92.00000
91.16667
76.66667
79.58334
84.41667
102.25000
90.00000
83.16667
89.66667
110.66667
124.33334
107.00000
102.75000
102.83334
105.75000
108.75000
103.08334
107.83334
116.16667
124.00000
126.91667
124.41667
120.66667
121.66667
125.00000
123.50000
116.83334
106.58334
104.16667
105.58334
101.50000
101.83334
98.00000
96.66667
106.66667
116.25000
120.83334
126.33334
132.58334
135.58334
135.58334
133.66667
132.66667
127.25000
120.41667
116.66667
112.08334
102.41667
98.08334
103.08334
87.08334
94.16667
86.58334
93.16667
91.33334
94.83334
99.33334
81.00000
92.50000
112.50000
128.25000
111.50000
112.91667
102.91667
106.58334
108.08334
103.75000
106.58334
114.41667
122.00000
124.41667
122.66667
119.50000
120.00000
119.41667
117.00000
114.00000
110.25000
112.50000
116.83334
111.16667
114.16667
109.75000
113.25000
119.00000
121.25000
122.50000
125.66667
128.41667
129.58334
129.91667
131.00000
130.00000
124.66667
119.00000
109.66667
105.08334
97.16667
107.16667
108.16667
86.33334
84.75000
87.75000
97.08334
95.41667
80.83334
102.08334
83.91667
89.83334
108.25000
121.16667
113.25000
113.66667
104.00000
106.66667
107.83334
107.16667
107.16667
112.91667
120.83334
122.16667
122.08334
119.16667
117.16667
113.33334
111.66667
114.41667
118.91667
124.66667
132.58334
132.00000
131.75000
128.58334
128.33334
126.58334
123.16667
120.41667
121.16667
123.91667
123.66667
126.75000
127.66667
129.58334
126.66667
118.08334
107.66667
100.50000
96.08334
111.50000
99.83334
83.91667
78.33334
82.16667
84.00000
96.00000
70.83334
100.41667
87.58334
93.41667
109.66667
115.91667
112.33334
117.66667
113.25000
106.91667
106.58334
105.91667
105.91667
110.50000
121.00000
120.41667
117.16667
114.75000
108.50000
102.33334
103.58334
106.58334
117.75000
123.33334
131.16667
133.33334
132.16667
134.33334
126.08334
122.00000
116.33334
113.25000
111.91667
114.25000
117.41667
121.58334
126.16667
128.66667
126.58334
117.66667
107.91667
99.83334
98.08334
111.66667
94.08334
88.25000
79.50000
88.41667
74.91667
97.41667
68.83334
95.66667
94.75000
99.08334
112.75000
105.41667
118.08334
123.91667
114.33334
107.91667
106.25000
99.33334
103.00000
108.75000
119.41667
117.16667
115.58334
110.91667
105.58334
100.83334
101.08334
106.33334
111.83334
117.25000
121.66667
121.83334
123.50000
126.08334
119.00000
114.16667
109.75000
105.00000
105.25000
108.75000
114.16667
116.25000
122.91667
126.83334
123.91667
115.66667
107.50000
98.75000
101.41667
100.75000
96.66667
100.58334
74.33334
88.91667
82.58334
107.41667
71.16667
96.08334
107.00000
110.83334
117.25000
116.58334
125.83334
128.08334
122.25000
103.08334
104.08334
98.50000
107.16667
112.66667
117.58334
118.16667
116.25000
111.41667
105.16667
102.91667
102.50000
109.08334
115.58334
115.58334
123.58334
126.08334
125.75000
123.25000
116.50000
114.83334
111.50000
108.00000
104.41667
107.25000
113.25000
117.50000
122.66667
124.66667
121.75000
115.25000
107.41667
99.16667
105.33334
95.58334
84.16667
86.33334
86.83334
95.33334
97.41667
96.75000
92.16667
93.33334
104.50000
114.91667
118.00000
120.91667
119.50000
129.58334
116.25000
98.91667
108.41667
100.33334
104.41667
117.50000
115.50000
117.83334
115.58334
112.75000
102.75000
97.83334
101.33334
110.91667
114.91667
118.41667
122.91667
124.00000
126.66667
127.83334
119.91667
118.25000
118.16667
111.25000
111.66667
117.00000
120.58334
122.00000
121.75000
119.83334
118.91667
113.75000
105.75000
97.41667
101.83334
88.83334
80.41667
90.83334
88.50000
94.25000
107.08334
76.91667
97.91667
96.50000
103.00000
118.50000
113.16667
121.83334
116.16667
128.66667
116.25000
99.66667
100.58334
94.33334
109.83334
110.58334
110.91667
117.25000
119.91667
121.33334
113.08334
106.33334
103.91667
109.91667
112.41667
116.25000
119.25000
118.41667
118.25000
117.41667
110.41667
109.25000
108.58334
105.58334
105.08334
112.25000
119.33334
122.50000
120.83334
118.16667
117.16667
112.41667
102.16667
103.00000
99.00000
83.41667
82.25000
90.66667
104.16667
93.83334
117.33334
76.58334
94.75000
102.91667
98.91667
114.75000
112.91667
118.08334
116.08334
126.08334
119.16667
100.33334
98.91667
103.41667
104.91667
109.08334
108.66667
114.58334
120.41667
121.50000
119.58334
113.75000
115.58334
118.91667
123.00000
123.50000
122.33334
120.00000
116.75000
113.83334
111.75000
114.66667
109.33334
108.16667
111.50000
115.91667
119.41667
119.58334
119.16667
116.08334
113.58334
105.25000
99.75000
100.16667
97.91667
88.00000
86.16667
87.75000
118.83334
108.91667
116.08334
107.58334
95.91667
105.66667
97.91667
123.16667
114.91667
120.16667
114.91667
122.66667
118.08334
116.25000
98.08334
106.75000
102.75000
109.41667
103.66667
112.91667
120.16667
119.91667
118.75000
117.41667
119.00000
124.66667
128.41667
129.91667
128.08334
127.00000
126.33334
126.33334
120.91667
120.75000
121.16667
120.33334
120.08334
118.58334
120.41667
117.91667
116.16667
113.08334
107.83334
99.75000
96.33334
96.00000
87.50000
82.08334
87.75000
91.75000
95.08334
133.16667
116.50000
119.58334
112.50000
103.91667
104.00000
125.58334
120.91667
119.50000
122.91667
124.16667
119.41667
124.75000
114.50000
110.75000
102.41667
106.50000
102.83334
106.25000
112.41667
115.75000
117.25000
117.00000
120.16667
123.08334
124.83334
126.41667
127.00000
128.58334
128.41667
129.33334
127.91667
126.00000
126.33334
125.58334
120.50000
117.91667
114.66667
114.83334
112.00000
109.16667
101.83334
94.50000
101.83334
111.16667
88.33334
78.33334
89.50000
108.66667
89.58334
130.41667
109.25000
132.00000
112.50000
100.50000
116.83334
125.91667
116.16667
117.75000
123.41667
124.66667
110.33334
122.33334
125.00000
120.58334
101.75000
102.33334
104.58334
99.08334
108.66667
110.66667
113.00000
116.16667
119.33334
121.66667
123.83334
125.91667
127.66667
126.58334
128.33334
128.75000
129.50000
127.91667
125.16667
124.58334
120.50000
114.25000
110.00000
108.08334
107.83334
102.00000
93.25000
95.25000
102.08334
106.75000
89.41667
89.50000
92.58334
114.16667
104.91667
128.58334
114.16667
128.58334
100.66667
98.75000
122.16667
123.08334
119.75000
118.33334
128.58334
119.25000
113.33334
124.08334
138.66667
126.58334
104.16667
101.25000
103.91667
95.25000
110.00000
108.00000
109.08334
114.66667
119.08334
121.50000
122.41667
121.66667
121.75000
121.33334
123.83334
125.50000
126.83334
128.33334
124.83334
119.00000
112.08334
107.25000
105.08334
102.08334
97.50000
93.91667
90.25000
94.58334
103.58334
98.41667
83.08334
93.50000
115.00000
104.91667
115.58334
126.00000
129.08334
131.16667
104.16667
104.33334
117.16667
111.91667
128.58334
117.50000
129.25000
120.33334
126.58334
136.50000
141.58334
122.16667
107.00000
101.16667
97.41667
109.16667
106.66667
103.16667
104.08334
111.16667
114.75000
114.66667
115.25000
118.66667
122.41667
125.83334
126.91667
125.25000
121.75000
123.83334
122.08334
114.50000
105.50000
102.16667
100.50000
97.25000
92.91667
91.41667
92.16667
95.25000
99.66667
92.00000
82.16667
102.25000
118.58334
110.58334
123.50000
104.75000
128.25000
115.66667
119.00000
116.66667
110.00000
110.08334
124.75000
123.91667
132.16667
135.75000
147.58334
134.16667
141.75000
122.91667
113.50000
94.50000
101.08334
111.08334
100.83334
94.91667
95.33334
103.41667
104.08334
106.41667
112.58334
119.75000
122.66667
123.33334
121.58334
117.25000
116.41667
115.00000
111.41667
107.25000
98.16667
95.91667
93.00000
89.75000
95.41667
90.25000
91.66667
96.91667
95.41667
85.00000
86.16667
99.50000
119.41667
114.66667
140.08334
104.41667
138.08334
107.00000
112.25000
117.83334
113.08334
111.16667
120.58334
137.33334
135.58334
129.66667
146.66667
138.16667
140.33334
121.33334
116.33334
89.25000
105.75000
108.58334
99.58334
89.66667
95.91667
96.00000
99.41667
104.66667
112.83334
118.58334
121.33334
122.41667
120.58334
116.75000
110.83334
107.41667
102.58334
95.16667
89.33334
86.75000
84.91667
89.66667
97.00000
86.58334
88.25000
90.66667
82.91667
80.33334
78.41667
91.75000
105.25000
118.83334
121.33334
123.50000
130.00000
116.00000
109.41667
