87.33334
85.41667
80.91667
85.75000
90.00000
93.25000
96.50000
111.25000
113.58334
133.75000
138.16667
148.16667
159.08334
165.91667
146.00000
134.41667
130.83334
130.75000
128.00000
124.33334
128.33334
137.50000
150.33334
163.50000
181.58334
187.58334
187.41667
188.41667
200.75000
206.08334
205.58334
211.08334
197.83334
187.66667
186.66667
181.33334
157.66667
136.66667
121.00000
107.41667
94.58334
82.16667
69.75000
48.16667
40.08334
36.75000
42.00000
45.41667
44.08334
44.91667
82.00000
83.41667
75.75000
85.00000
87.08334
84.58334
105.33334
114.25000
126.08334
140.25000
147.08334
159.66667
184.50000
182.66667
172.25000
168.16667
160.66667
153.08334
152.25000
165.58334
168.33334
171.66667
185.66667
195.66667
202.08334
203.16667
204.08334
212.16667
216.08334
219.00000
219.33334
219.50000
214.00000
200.66667
197.25000
191.33334
172.00000
154.83334
126.66667
115.91667
108.08334
85.33334
82.00000
56.66667
43.41667
41.75000
37.08334
41.41667
47.16667
52.50000
82.33334
81.41667
76.75000
83.91667
87.00000
88.58334
116.25000
117.00000
133.75000
149.83334
157.41667
182.75000
190.00000
191.16667
191.33334
184.16667
184.08334
178.08334
185.83334
190.66667
194.16667
205.91667
210.91667
213.41667
212.75000
218.58334
219.00000
220.50000
227.83334
226.08334
226.41667
225.41667
223.75000
216.66667
204.58334
199.50000
193.50000
165.66667
144.16667
117.66667
115.00000
88.58334
88.25000
71.41667
55.16667
41.33334
40.41667
39.00000
42.16667
47.08334
85.91667
91.08334
80.33334
86.83334
92.33334
99.58334
118.16667
121.00000
144.25000
154.66667
178.91667
193.91667
196.91667
199.16667
199.91667
202.16667
202.41667
201.75000
208.75000
211.50000
218.00000
221.33334
221.08334
220.91667
221.50000
223.66667
224.66667
226.41667
226.83334
228.41667
229.41667
224.83334
225.50000
223.41667
211.08334
201.08334
198.58334
185.83334
159.50000
128.83334
117.66667
100.75000
96.41667
75.83334
56.58334
53.33334
48.58334
45.33334
40.16667
42.16667
81.66667
84.33334
75.00000
85.33334
85.50000
111.83334
117.58334
127.00000
152.91667
172.75000
186.00000
195.58334
197.75000
201.75000
206.41667
209.16667
211.91667
214.41667
218.75000
219.83334
220.58334
220.41667
222.16667
222.33334
224.41667
225.16667
228.33334
228.75000
229.25000
229.50000
229.25000
228.00000
225.83334
225.16667
218.25000
203.58334
200.91667
195.91667
170.25000
142.58334
119.66667
114.16667
99.83334
84.58334
63.66667
48.41667
50.33334
54.08334
47.83334
45.33334
81.16667
89.83334
76.00000
89.75000
91.58334
112.50000
120.58334
137.08334
159.41667
177.50000
193.41667
197.00000
200.50000
204.08334
208.75000
211.16667
213.08334
216.91667
219.66667
223.00000
222.00000
225.50000
224.00000
224.08334
224.25000
224.41667
227.83334
229.08334
228.50000
229.25000
229.66667
229.41667
226.00000
227.41667
221.08334
206.66667
202.50000
198.83334
182.00000
153.50000
125.75000
112.50000
102.66667
90.75000
65.16667
51.50000
50.75000
48.41667
52.91667
52.66667
93.91667
84.41667
78.33334
79.08334
95.08334
116.75000
123.58334
145.58334
159.91667
183.16667
194.83334
199.16667
201.58334
204.33334
208.41667
213.08334
217.33334
217.75000
220.41667
224.25000
225.08334
225.25000
226.50000
226.83334
227.33334
228.25000
227.75000
229.33334
229.83334
230.50000
227.91667
227.41667
228.08334
224.08334
223.16667
215.08334
203.41667
200.25000
190.83334
157.08334
138.00000
112.08334
105.00000
88.50000
64.75000
58.41667
43.75000
52.50000
54.50000
52.83334
92.16667
86.16667
74.50000
84.33334
92.50000
116.00000
125.41667
161.33334
162.91667
175.41667
195.08334
198.58334
204.16667
204.83334
207.91667
210.75000
213.75000
216.91667
220.33334
224.33334
223.91667
224.66667
224.58334
226.25000
227.25000
228.58334
232.16667
232.41667
231.16667
230.58334
230.83334
229.25000
228.91667
225.08334
222.58334
218.25000
204.41667
201.41667
189.83334
160.83334
147.25000
120.41667
113.91667
95.75000
71.83334
59.91667
52.58334
55.25000
51.66667
51.33334
95.00000
89.25000
70.58334
88.25000
99.00000
121.08334
135.66667
163.75000
162.91667
175.83334
193.08334
198.25000
203.58334
205.58334
207.00000
212.41667
218.83334
220.33334
220.83334
224.16667
224.83334
225.75000
227.75000
227.91667
228.00000
230.08334
231.08334
232.33334
233.00000
233.33334
230.16667
231.00000
228.58334
225.75000
222.16667
221.91667
210.08334
202.83334
188.33334
162.58334
152.25000
139.33334
110.83334
101.50000
70.08334
58.00000
49.91667
54.75000
52.83334
52.50000
88.25000
84.75000
69.25000
79.33334
101.41667
123.58334
149.16667
164.83334
164.33334
176.83334
184.41667
200.66667
203.91667
206.25000
206.58334
213.83334
219.83334
223.16667
222.91667
225.91667
227.08334
226.91667
226.41667
225.25000
227.58334
230.25000
232.50000
232.91667
234.00000
234.33334
232.91667
231.25000
231.41667
227.75000
227.25000
222.91667
217.00000
203.50000
192.83334
165.25000
152.25000
146.58334
113.25000
102.08334
70.75000
64.41667
55.08334
55.58334
53.75000
52.75000
96.66667
93.58334
74.66667
80.41667
106.16667
114.91667
149.25000
162.83334
164.08334
179.83334
184.83334
193.25000
206.41667
209.08334
209.16667
214.33334
223.00000
225.25000
225.33334
225.50000
228.08334
230.33334
231.25000
231.08334
231.66667
233.83334
232.58334
234.25000
233.33334
233.50000
233.16667
233.41667
232.66667
231.41667
231.41667
225.16667
222.66667
200.08334
191.83334
169.75000
155.75000
153.08334
127.00000
102.58334
71.91667
62.41667
61.33334
57.83334
48.91667
51.66667
99.33334
96.75000
75.16667
79.83334
104.83334
121.33334
151.33334
162.50000
168.25000
181.66667
186.58334
192.41667
200.08334
210.25000
212.66667
219.16667
223.58334
226.66667
227.41667
229.50000
228.16667
229.33334
230.41667
231.66667
231.41667
231.00000
231.91667
233.33334
234.25000
234.58334
236.66667
237.66667
234.91667
234.50000
231.66667
230.75000
225.50000
198.58334
192.66667
173.83334
166.50000
155.08334
133.00000
104.91667
70.66667
63.58334
56.25000
52.75000
49.16667
49.83334
91.83334
92.66667
71.66667
76.75000
101.75000
125.25000
147.83334
165.50000
171.25000
186.00000
190.00000
195.41667
199.08334
205.33334
212.25000
216.41667
221.33334
226.00000
224.83334
223.50000
230.08334
228.00000
229.91667
230.83334
230.50000
230.33334
230.41667
231.83334
233.00000
235.25000
234.75000
235.66667
234.16667
228.66667
225.58334
227.66667
217.33334
200.75000
195.33334
175.00000
172.41667
151.08334
137.75000
106.41667
69.41667
65.00000
63.83334
44.66667
47.33334
50.66667
94.83334
88.66667
79.75000
82.16667
88.66667
129.08334
151.25000
159.91667
172.75000
189.25000
189.41667
193.08334
192.08334
192.83334
196.83334
196.16667
203.00000
210.33334
214.00000
216.50000
224.25000
224.50000
230.83334
226.83334
228.33334
229.75000
229.83334
227.83334
228.00000
226.33334
219.00000
214.58334
211.41667
207.33334
205.75000
201.16667
202.66667
204.25000
189.00000
189.25000
181.25000
153.16667
140.75000
111.08334
72.08334
69.08334
67.91667
47.25000
43.41667
50.66667
94.91667
86.50000
82.25000
79.58334
91.58334
135.41667
162.66667
163.00000
172.83334
186.58334
183.91667
184.50000
173.58334
167.25000
153.33334
148.66667
156.41667
166.50000
177.66667
194.25000
210.16667
216.91667
226.58334
226.58334
227.50000
229.08334
230.16667
225.50000
219.00000
210.25000
190.41667
166.25000
157.00000
155.08334
154.75000
154.66667
176.66667
191.66667
194.16667
190.91667
181.91667
150.66667
146.33334
119.58334
78.41667
70.58334
59.83334
47.75000
45.66667
48.16667
92.75000
90.91667
85.66667
77.25000
95.50000
126.16667
161.75000
164.50000
177.66667
184.91667
180.50000
168.00000
148.83334
134.16667
120.91667
98.16667
94.58334
102.08334
129.08334
158.75000
184.25000
208.08334
215.91667
222.16667
224.08334
223.83334
222.91667
217.91667
210.08334
187.00000
162.16667
134.41667
119.75000
110.41667
116.50000
134.16667
145.41667
165.91667
182.83334
182.25000
175.16667
151.83334
146.16667
117.33334
81.33334
81.58334
65.41667
45.41667
40.83334
49.50000
94.25000
93.75000
84.08334
75.25000
96.41667
136.08334
160.33334
159.66667
165.33334
176.91667
165.25000
149.66667
144.91667
138.50000
123.83334
113.91667
97.41667
92.25000
105.83334
139.25000
165.08334
186.41667
196.91667
204.25000
210.25000
208.41667
207.08334
200.08334
188.66667
170.50000
142.33334
115.08334
96.50000
103.50000
117.58334
136.50000
155.83334
156.33334
165.41667
172.41667
176.08334
165.41667
153.41667
122.58334
89.91667
89.25000
65.08334
50.91667
43.50000
52.58334
96.75000
93.58334
77.66667
81.41667
96.08334
142.50000
160.25000
160.25000
166.33334
172.41667
148.33334
143.25000
144.50000
153.00000
153.50000
149.91667
132.83334
117.66667
122.41667
132.91667
147.91667
164.33334
175.91667
186.00000
193.08334
189.41667
184.16667
172.58334
157.33334
143.16667
127.91667
125.00000
133.25000
153.16667
170.00000
176.66667
173.41667
158.75000
145.00000
157.25000
172.00000
164.41667
148.25000
132.66667
94.75000
82.16667
62.91667
52.25000
48.66667
47.83334
98.75000
93.75000
82.00000
82.33334
92.50000
129.16667
148.16667
154.00000
157.33334
159.50000
151.58334
144.16667
153.33334
154.75000
164.75000
149.66667
146.33334
126.41667
126.25000
131.25000
137.00000
147.66667
163.66667
181.33334
188.08334
191.50000
183.50000
162.08334
136.75000
116.83334
112.75000
132.58334
135.58334
150.25000
156.00000
161.66667
168.91667
162.08334
151.33334
166.16667
163.58334
164.91667
147.91667
140.41667
96.25000
89.08334
58.16667
58.50000
45.75000
47.41667
96.83334
107.58334
100.75000
89.00000
103.41667
148.16667
169.08334
140.75000
149.58334
153.33334
137.41667
136.16667
135.41667
115.08334
110.33334
88.66667
84.75000
94.16667
101.16667
109.50000
129.66667
140.75000
148.41667
180.66667
197.91667
205.00000
189.08334
146.25000
116.33334
110.66667
117.25000
134.91667
124.16667
107.25000
91.83334
112.58334
130.33334
146.83334
174.25000
167.66667
169.16667
149.66667
159.50000
150.75000
104.16667
102.41667
59.91667
62.33334
53.00000
59.41667
100.25000
104.41667
98.83334
107.66667
113.75000
147.08334
164.00000
156.50000
162.91667
166.08334
143.33334
145.50000
128.16667
112.16667
124.08334
92.33334
77.91667
93.91667
125.58334
111.91667
133.58334
147.16667
141.83334
190.33334
214.25000
220.91667
205.08334
168.25000
134.41667
129.16667
128.66667
156.83334
132.41667
88.00000
106.41667
124.16667
113.75000
140.66667
170.00000
179.91667
145.00000
159.83334
138.75000
165.41667
108.41667
105.16667
72.00000
64.00000
69.00000
65.41667
95.50000
109.25000
99.00000
102.75000
117.50000
135.83334
173.16667
169.91667
159.91667
165.33334
166.83334
150.58334
132.58334
135.66667
130.00000
125.33334
116.00000
133.16667
145.25000
133.50000
147.58334
149.25000
146.41667
181.58334
202.83334
211.91667
190.41667
178.75000
159.08334
142.00000
137.16667
154.16667
143.75000
148.75000
152.75000
166.91667
172.41667
184.83334
196.25000
188.66667
173.33334
162.66667
148.00000
154.41667
112.41667
109.58334
94.75000
61.00000
67.50000
65.25000
101.00000
109.91667
107.41667
118.58334
114.41667
148.91667
174.75000
177.58334
189.66667
190.25000
179.58334
168.41667
171.16667
165.25000
166.25000
168.25000
167.08334
166.66667
152.33334
151.75000
164.33334
174.75000
169.08334
181.41667
213.41667
215.50000
205.16667
201.83334
172.41667
184.00000
167.16667
160.50000
170.00000
179.00000
180.25000
178.66667
183.16667
198.83334
203.75000
204.33334
182.83334
173.08334
171.25000
152.50000
118.75000
114.83334
102.16667
70.00000
69.75000
76.50000
105.00000
103.08334
119.58334
127.33334
124.16667
159.83334
173.25000
169.00000
195.16667
191.91667
183.41667
184.33334
178.00000
174.58334
177.16667
170.75000
167.25000
167.25000
167.16667
173.33334
190.25000
171.66667
177.50000
185.75000
209.66667
217.00000
205.25000
200.66667
173.75000
213.50000
209.75000
181.08334
175.08334
180.91667
184.50000
190.25000
206.58334
217.58334
220.16667
205.16667
180.41667
165.66667
173.50000
156.33334
118.16667
109.16667
105.50000
75.33334
66.83334
75.58334
99.41667
108.83334
133.91667
124.50000
134.00000
172.58334
177.00000
175.25000
198.25000
197.75000
202.08334
198.91667
195.08334
193.50000
186.83334
180.00000
178.41667
186.75000
192.66667
202.91667
198.33334
163.16667
171.33334
188.91667
207.58334
213.91667
209.25000
192.33334
184.25000
205.91667
219.33334
213.16667
214.00000
207.25000
209.08334
215.33334
220.16667
221.75000
220.75000
206.08334
188.00000
173.75000
173.50000
157.25000
138.16667
106.50000
104.66667
77.66667
62.66667
71.41667
104.75000
106.91667
129.66667
128.00000
141.91667
168.08334
170.16667
171.66667
194.16667
198.58334
204.50000
215.00000
212.83334
212.08334
211.58334
205.41667
211.33334
214.16667
210.33334
209.16667
187.08334
184.16667
185.83334
199.66667
213.91667
219.91667
218.75000
201.58334
207.08334
207.16667
218.25000
227.58334
224.25000
226.91667
225.58334
227.58334
225.50000
222.83334
216.58334
219.16667
178.08334
181.83334
174.58334
156.00000
141.41667
113.08334
101.50000
78.00000
85.16667
72.50000
101.58334
110.58334
122.91667
119.91667
156.75000
163.41667
172.08334
177.83334
192.66667
200.25000
199.33334
207.91667
211.33334
214.00000
222.41667
223.66667
219.91667
222.41667
210.41667
199.33334
197.83334
181.33334
187.75000
209.08334
217.83334
221.00000
221.91667
209.08334
209.58334
214.58334
213.16667
212.66667
226.83334
229.16667
230.08334
228.33334
232.91667
224.00000
229.75000
213.00000
186.91667
183.08334
171.83334
155.75000
142.66667
112.25000
111.75000
81.50000
82.91667
78.83334
110.25000
109.58334
140.83334
129.25000
163.41667
160.58334
171.08334
173.66667
191.00000
204.33334
211.16667
206.83334
222.66667
224.91667
225.08334
222.91667
216.58334
218.16667
214.25000
206.66667
178.08334
193.08334
186.08334
205.00000
219.75000
217.00000
214.58334
204.58334
209.08334
204.00000
199.33334
201.16667
211.25000
206.00000
210.33334
213.33334
219.83334
218.75000
224.33334
221.25000
188.75000
183.83334
175.08334
157.50000
147.33334
120.50000
105.66667
95.91667
85.00000
83.00000
110.91667
102.41667
139.58334
139.91667
163.83334
165.25000
166.75000
168.58334
182.91667
198.08334
207.08334
212.16667
220.08334
218.75000
220.66667
219.50000
212.00000
206.25000
203.16667
191.33334
186.83334
188.66667
184.75000
194.16667
204.16667
205.50000
205.50000
187.25000
204.33334
193.91667
191.58334
204.33334
206.75000
212.91667
218.91667
221.33334
220.33334
230.41667
229.50000
222.33334
184.83334
178.33334
168.33334
153.25000
138.33334
114.25000
107.33334
91.16667
82.25000
88.33334
107.25000
103.33334
145.50000
150.00000
160.83334
163.66667
169.25000
178.83334
190.16667
199.08334
206.00000
212.66667
221.83334
221.91667
221.41667
219.33334
206.16667
200.66667
191.16667
178.66667
173.33334
170.83334
163.66667
169.83334
171.83334
162.83334
157.58334
163.33334
165.83334
182.25000
175.25000
194.08334
194.41667
202.58334
208.50000
216.83334
222.33334
227.33334
224.08334
221.83334
193.16667
186.33334
172.33334
161.75000
129.16667
112.66667
106.58334
94.41667
82.75000
86.41667
106.50000
98.58334
149.33334
152.75000
149.66667
161.41667
160.25000
173.33334
188.16667
199.83334
205.16667
211.08334
214.25000
217.00000
221.41667
218.50000
210.66667
206.16667
197.33334
190.00000
166.25000
160.91667
155.83334
153.75000
155.58334
149.16667
140.75000
149.91667
164.50000
163.58334
189.83334
193.83334
195.08334
191.50000
199.16667
211.83334
221.25000
224.41667
221.50000
215.08334
185.16667
182.58334
168.25000
160.75000
129.25000
118.50000
96.00000
90.50000
85.91667
81.41667
102.16667
99.41667
136.16667
151.83334
152.08334
167.50000
164.08334
177.58334
184.83334
199.50000
203.41667
209.08334
209.50000
208.66667
206.16667
207.25000
198.75000
198.91667
197.33334
194.58334
178.75000
166.00000
156.58334
151.50000
142.83334
144.83334
155.91667
163.58334
175.00000
199.75000
198.41667
200.41667
204.91667
199.83334
194.83334
201.50000
208.83334
219.16667
223.25000
220.66667
188.50000
184.08334
170.16667
162.25000
121.33334
120.33334
96.00000
75.66667
69.83334
71.58334
103.08334
100.33334
127.91667
145.91667
153.66667
163.16667
162.25000
169.75000
184.25000
199.08334
202.75000
201.83334
206.83334
210.75000
209.66667
205.16667
202.16667
206.00000
201.41667
197.66667
193.41667
183.66667
171.58334
164.66667
160.91667
154.75000
165.08334
188.75000
191.58334
199.00000
203.16667
211.33334
208.25000
208.91667
203.08334
200.00000
206.50000
210.41667
213.58334
217.75000
189.75000
181.66667
169.00000
160.66667
119.08334
115.91667
103.25000
71.33334
68.91667
72.91667
104.83334
106.75000
118.16667
137.41667
148.91667
158.75000
166.66667
175.75000
179.41667
194.16667
196.66667
199.08334
200.33334
198.83334
202.16667
202.66667
205.33334
205.75000
199.91667
198.41667
195.58334
192.25000
189.16667
186.66667
180.33334
173.58334
176.33334
198.41667
196.83334
210.75000
216.58334
212.91667
211.58334
209.66667
209.41667
200.66667
201.25000
208.33334
213.58334
214.33334
186.41667
178.16667
169.66667
156.33334
118.25000
111.25000
89.66667
66.08334
56.50000
63.58334
106.91667
112.08334
110.41667
130.75000
143.00000
147.83334
163.50000
171.33334
180.83334
197.83334
203.33334
205.25000
207.50000
202.91667
201.16667
204.16667
205.75000
201.50000
198.33334
198.33334
194.66667
199.58334
199.16667
195.75000
196.66667
192.66667
193.00000
202.33334
209.58334
205.25000
203.16667
204.00000
200.58334
199.08334
192.08334
199.91667
202.08334
202.58334
212.66667
212.83334
188.08334
172.08334
162.33334
149.66667
120.75000
110.91667
95.16667
67.16667
56.91667
58.08334
98.83334
113.83334
101.91667
115.33334
136.00000
143.66667
164.91667
172.08334
173.66667
191.16667
196.75000
196.25000
203.33334
204.08334
201.91667
198.91667
200.00000
195.58334
195.66667
194.50000
193.58334
189.58334
191.91667
189.08334
195.33334
194.00000
187.08334
184.00000
182.91667
188.75000
195.33334
194.58334
193.58334
188.58334
200.41667
203.08334
211.50000
210.16667
211.16667
209.75000
187.33334
166.08334
163.75000
146.41667
107.16667
95.91667
88.91667
64.00000
58.25000
56.75000
103.33334
111.33334
111.33334
114.58334
124.41667
134.00000
156.58334
172.08334
177.33334
192.83334
197.16667
201.08334
201.91667
205.00000
201.75000
196.33334
195.41667
186.33334
175.83334
178.83334
174.33334
163.75000
153.83334
154.41667
158.50000
145.75000
149.91667
147.91667
148.33334
147.66667
146.16667
154.50000
163.00000
172.33334
184.25000
195.33334
201.33334
207.91667
210.58334
206.75000
182.91667
164.50000
157.00000
148.08334
108.33334
105.00000
90.16667
61.08334
58.08334
59.25000
101.91667
121.41667
108.00000
111.58334
113.91667
117.83334
138.58334
157.75000
168.75000
188.00000
196.08334
199.75000
200.16667
205.75000
200.83334
189.08334
182.33334
169.66667
153.66667
149.08334
139.33334
128.25000
142.16667
143.41667
143.50000
144.16667
148.41667
167.66667
170.00000
169.83334
159.25000
161.50000
160.00000
175.83334
200.08334
204.66667
207.66667
210.50000
208.41667
207.91667
188.50000
158.33334
145.41667
137.33334
94.00000
98.33334
85.75000
59.66667
60.75000
59.00000
104.08334
115.91667
115.33334
121.16667
118.41667
118.25000
143.75000
156.41667
166.00000
178.16667
191.66667
194.25000
198.08334
199.33334
201.25000
191.16667
183.25000
172.08334
162.66667
154.66667
152.66667
151.58334
152.83334
154.50000
160.91667
161.33334
157.16667
160.25000
156.33334
163.91667
178.75000
185.58334
192.75000
195.41667
200.91667
192.41667
207.75000
212.91667
203.25000
196.91667
179.33334
154.08334
149.58334
130.91667
97.50000
96.33334
77.83334
62.25000
61.33334
58.00000
106.25000
112.16667
107.91667
117.25000
110.50000
116.16667
135.41667
154.25000
163.41667
167.50000
188.58334
190.50000
193.83334
193.58334
199.58334
194.66667
188.00000
183.41667
188.58334
188.33334
175.08334
175.91667
175.33334
171.25000
169.83334
170.50000
171.66667
164.58334
179.25000
193.00000
200.33334
212.58334
215.08334
214.08334
206.58334
203.41667
205.58334
206.66667
202.58334
192.08334
170.66667
144.58334
138.16667
108.91667
94.58334
89.75000
73.00000
62.50000
59.41667
60.75000
98.08334
99.58334
114.50000
119.16667
114.08334
124.58334
139.16667
144.58334
158.16667
164.50000
181.83334
190.25000
193.25000
194.16667
196.66667
189.91667
185.16667
185.83334
192.33334
192.41667
192.33334
190.00000
183.33334
175.66667
171.75000
168.33334
165.91667
171.41667
176.50000
182.58334
198.08334
208.41667
207.00000
208.00000
205.50000
203.00000
204.08334
200.16667
197.25000
179.83334
157.83334
145.08334
136.08334
108.41667
92.33334
79.08334
65.41667
66.25000
62.16667
57.50000
101.83334
103.91667
101.25000
114.75000
109.33334
111.00000
127.08334
144.66667
155.00000
159.25000
165.08334
179.08334
184.41667
189.41667
194.50000
195.50000
191.41667
195.75000
197.66667
198.25000
204.00000
204.58334
199.08334
192.33334
190.08334
185.25000
179.91667
189.00000
188.33334
200.75000
205.58334
210.25000
207.91667
206.83334
204.08334
198.50000
199.91667
195.58334
190.25000
161.16667
155.00000
132.16667
107.33334
100.75000
81.16667
66.33334
67.50000
63.41667
61.50000
65.75000
101.25000
100.25000
107.16667
108.16667
103.58334
127.16667
132.91667
134.91667
154.75000
153.16667
164.33334
174.00000
180.58334
183.58334
178.41667
183.25000
181.91667
184.91667
184.41667
186.66667
195.66667
196.33334
197.33334
194.91667
195.25000
190.08334
192.25000
193.83334
200.00000
203.25000
209.00000
210.50000
209.33334
203.41667
201.08334
197.50000
190.41667
183.75000
178.91667
164.66667
145.41667
133.58334
110.66667
93.75000
81.16667
71.33334
65.16667
66.75000
61.58334
58.33334
106.33334
103.08334
96.75000
106.16667
120.33334
126.25000
139.33334
130.33334
151.33334
147.00000
161.58334
156.25000
171.50000
175.16667
177.91667
180.25000
182.58334
183.50000
187.83334
189.41667
193.16667
198.00000
208.00000
212.58334
211.66667
206.58334
211.41667
210.25000
214.66667
214.75000
215.16667
215.50000
210.00000
203.08334
195.66667
187.16667
183.75000
175.33334
159.66667
154.25000
142.83334
118.41667
100.50000
87.91667
79.16667
74.58334
62.66667
66.83334
66.58334
63.08334
103.58334
101.00000
108.16667
114.91667
119.58334
123.66667
137.91667
137.00000
154.33334
150.33334
155.08334
150.25000
155.91667
160.58334
163.41667
165.16667
175.41667
182.83334
178.00000
183.83334
186.58334
193.16667
205.25000
211.50000
215.41667
213.66667
216.25000
218.00000
218.50000
218.50000
212.91667
215.66667
210.33334
201.16667
194.75000
184.00000
171.00000
164.33334
152.33334
156.08334
148.08334
132.16667
99.33334
89.00000
90.08334
80.41667
69.83334
65.41667
60.83334
59.83334
100.50000
92.58334
106.33334
114.91667
123.50000
122.58334
141.66667
136.33334
147.50000
145.33334
156.16667
154.91667
156.08334
161.58334
162.83334
161.50000
160.58334
169.08334
174.66667
178.00000
181.41667
188.08334
198.91667
208.91667
215.33334
215.58334
217.58334
218.16667
220.83334
218.16667
211.41667
209.50000
207.00000
190.16667
188.33334
173.66667
166.00000
152.91667
134.00000
141.66667
140.50000
121.16667
90.33334
87.50000
97.08334
82.16667
71.91667
79.41667
75.25000
67.08334
104.08334
100.08334
112.16667
112.75000
120.41667
116.25000
136.41667
133.25000
148.83334
145.83334
150.41667
149.08334
146.08334
152.50000
150.91667
150.25000
152.66667
162.83334
163.66667
173.66667
178.50000
180.00000
191.33334
201.75000
207.41667
209.50000
213.66667
216.16667
214.83334
208.58334
202.58334
195.08334
185.91667
184.83334
173.16667
164.50000
156.25000
140.50000
137.00000
151.16667
141.25000
123.08334
94.75000
91.25000
98.16667
85.83334
70.33334
72.25000
72.50000
75.83334
100.25000
96.75000
107.83334
114.66667
119.91667
117.16667
135.91667
130.33334
145.08334
147.08334
155.16667
158.91667
154.50000
157.66667
155.91667
141.83334
140.25000
144.50000
157.08334
163.33334
168.16667
171.66667
179.41667
189.66667
195.75000
201.58334
201.66667
206.41667
203.41667
196.58334
186.91667
182.16667
176.75000
165.41667
165.50000
153.41667
138.58334
131.75000
135.91667
140.08334
128.16667
122.41667
98.58334
92.66667
99.50000
86.41667
71.00000
76.25000
78.66667
77.50000
101.83334
106.08334
112.08334
110.58334
114.66667
116.08334
135.25000
137.08334
142.75000
145.75000
148.33334
149.16667
146.75000
153.66667
154.75000
144.00000
139.66667
136.41667
141.75000
148.16667
153.83334
162.08334
166.33334
173.33334
175.16667
181.41667
181.00000
182.91667
178.58334
176.66667
169.83334
163.50000
154.41667
154.75000
144.66667
147.25000
138.41667
146.00000
143.91667
141.83334
139.66667
119.41667
102.25000
88.83334
98.33334
93.16667
75.16667
70.08334
72.25000
70.83334
96.58334
99.91667
104.41667
111.75000
114.91667
119.66667
133.50000
130.25000
142.16667
149.66667
155.41667
157.66667
151.91667
159.66667
159.00000
154.00000
142.58334
133.66667
133.41667
136.50000
141.83334
144.33334
148.91667
151.00000
155.66667
160.50000
163.83334
160.83334
156.41667
153.33334
147.75000
148.75000
144.16667
142.41667
140.41667
134.91667
136.25000
141.75000
136.25000
137.50000
144.00000
122.75000
104.91667
97.00000
96.33334
84.08334
75.08334
79.08334
78.75000
69.75000
