19.50000
23.41667
20.00000
16.50000
18.50000
29.33333
23.66667
20.00000
19.66667
22.66667
23.91667
26.83333
24.41667
22.41667
25.00000
23.75000
25.75000
29.33333
30.41667
35.58334
35.16667
37.91667
46.00000
51.91667
55.33334
60.66667
65.16667
66.33334
60.33334
70.83334
60.83334
58.08334
58.83334
55.58334
49.50000
46.16667
41.08334
39.50000
43.08334
41.91667
35.66667
29.08333
22.33333
22.91667
30.75000
28.33333
28.83333
28.16667
25.25000
24.50000
21.50000
20.08333
17.66667
15.66667
16.66667
29.83333
25.75000
25.66667
22.16667
27.50000
25.25000
25.91667
26.50000
28.08333
29.41667
33.33334
37.58334
33.33334
31.08333
27.08333
28.75000
32.08334
39.58334
52.41667
62.58334
63.16667
72.75000
80.58334
70.33334
77.83334
64.75000
56.33334
58.66667
52.41667
48.91667
45.91667
46.25000
41.75000
37.58334
33.91667
43.33334
33.58334
27.66667
22.33333
24.16667
31.00000
27.08333
30.58333
25.50000
18.00000
18.33333
19.83333
19.16667
17.00000
14.75000
29.83333
23.00000
25.66667
29.50000
31.91667
27.16667
25.58333
28.00000
29.50000
31.66667
34.75000
33.83334
31.33333
30.58333
33.66667
34.50000
33.66667
41.33334
47.75000
69.75000
69.50000
70.41667
78.83334
87.08334
77.83334
73.91667
56.50000
62.00000
62.75000
62.58334
46.00000
53.66667
51.91667
41.50000
39.41667
44.83334
36.75000
29.83333
22.41667
23.75000
26.83333
30.16667
22.91667
22.83333
16.83333
19.08333
17.66667
17.00000
15.16667
15.00000
28.00000
30.91667
22.41667
28.83333
29.16667
26.91667
27.75000
27.91667
30.41667
28.66667
25.00000
24.08333
21.83333
21.50000
29.66667
39.91667
47.08334
44.00000
56.75000
71.16667
72.58334
67.75000
79.00000
91.58334
77.33334
70.25000
63.83334
66.08334
60.58334
54.66667
47.16667
49.25000
45.75000
40.66667
37.58334
39.16667
40.33334
32.50000
23.75000
22.33333
29.08333
21.16667
19.58333
22.33333
17.08333
17.25000
18.08333
17.25000
15.58333
19.75000
29.41667
30.83333
20.08333
28.66667
30.25000
31.33333
30.50000
30.41667
31.58333
29.75000
19.83333
23.83333
19.41667
22.25000
29.00000
47.00000
42.50000
48.00000
67.25000
79.08334
64.16667
68.83334
78.75000
84.58334
79.58334
78.08334
56.75000
66.58334
65.75000
57.83334
54.91667
46.08334
43.50000
38.50000
41.25000
39.41667
42.16667
33.83334
25.08333
15.75000
20.25000
20.08333
20.25000
16.00000
16.33333
20.33333
17.33333
19.83333
16.83333
18.91667
21.58333
31.08333
20.91667
25.75000
29.66667
32.33334
28.75000
32.66667
35.91667
33.16667
30.25000
28.58333
24.66667
35.75000
41.58334
44.91667
53.00000
54.33334
79.58334
78.75000
79.41667
82.66667
86.83334
82.58334
91.83334
93.75000
64.58334
79.58334
65.41667
63.25000
65.25000
52.91667
50.25000
42.66667
37.83334
35.00000
34.91667
34.66667
22.75000
15.41667
16.25000
18.66667
20.58333
15.25000
12.75000
19.50000
17.58333
18.41667
16.33333
15.58333
20.91667
26.00000
23.50000
26.50000
27.58333
30.83333
30.83333
33.33334
29.91667
30.91667
34.25000
33.75000
45.41667
38.91667
44.75000
44.91667
56.33334
77.41667
94.83334
87.33334
97.33334
88.16667
95.16667
105.16667
99.08334
96.91667
86.41667
82.83334
85.25000
77.25000
63.16667
67.75000
61.83334
48.25000
39.33334
33.58334
38.00000
33.91667
21.25000
17.33333
14.83333
17.83333
15.66667
17.25000
12.66667
19.16667
16.58333
17.16667
14.75000
13.25000
15.00000
27.16667
27.08333
26.33333
27.50000
31.91667
30.58333
29.25000
31.25000
34.25000
40.16667
48.75000
54.00000
52.08334
65.91667
61.25000
71.00000
101.16667
126.08334
129.00000
120.25000
114.25000
111.16667
108.16667
111.08334
109.75000
98.50000
77.00000
83.66667
79.25000
79.00000
71.75000
61.41667
47.50000
38.25000
33.75000
34.25000
30.50000
20.33333
14.00000
16.41667
15.41667
15.16667
15.50000
9.75000
18.33333
14.91667
15.00000
11.75000
10.16667
9.16667
25.91667
28.66667
27.16667
27.83333
29.08333
29.41667
43.00000
45.50000
42.25000
49.41667
55.83334
69.41667
96.16667
104.58334
110.00000
119.83334
130.66667
135.00000
134.00000
135.83334
133.33334
142.83334
143.58334
121.41667
120.16667
118.00000
96.33334
89.91667
79.50000
89.58334
80.08334
69.50000
49.25000
38.91667
35.58334
31.33333
26.33333
18.25000
14.75000
17.08333
13.75000
14.25000
9.50000
12.66667
15.08333
12.66667
9.58333
9.91667
10.08333
25.41667
20.25000
31.83333
30.08333
32.00000
38.00000
44.91667
45.83334
53.50000
59.41667
79.58334
95.83334
112.91667
119.33334
122.33334
133.50000
140.50000
155.50000
157.00000
156.25000
161.33334
164.08334
157.33334
152.58334
146.58334
144.58334
142.25000
139.00000
131.83334
127.16667
105.16667
100.33334
90.41667
73.16667
47.25000
39.16667
30.66667
21.16667
12.50000
10.91667
13.91667
21.16667
21.16667
10.75000
16.25000
16.58333
13.08333
10.33333
8.75000
10.00000
32.25000
25.58333
47.50000
37.00000
36.25000
45.41667
45.33334
51.41667
69.91667
92.33334
105.75000
121.75000
133.58334
137.66667
146.58334
154.75000
160.16667
164.75000
168.75000
178.33334
173.41667
168.41667
171.33334
174.00000
167.91667
159.08334
155.16667
153.91667
159.58334
157.16667
129.25000
120.91667
112.16667
100.16667
73.00000
57.25000
42.66667
27.08333
16.50000
15.50000
17.25000
25.50000
22.91667
12.08333
19.50000
20.58333
19.50000
16.33333
14.08333
18.41667
27.58333
28.91667
54.00000
52.08334
51.33334
59.00000
64.58334
91.25000
98.83334
105.58334
111.25000
136.33334
147.75000
162.25000
175.33334
173.58334
165.50000
169.91667
186.58334
194.58334
196.50000
198.00000
194.33334
191.66667
188.83334
182.16667
172.41667
164.41667
163.58334
153.41667
148.41667
128.83334
120.08334
130.25000
118.41667
98.16667
80.08334
40.16667
36.50000
23.25000
26.08333
27.41667
29.00000
22.50000
37.00000
26.25000
30.41667
26.00000
27.83333
28.83333
28.50000
39.16667
57.25000
55.00000
54.16667
71.16667
95.08334
108.83334
114.58334
115.25000
133.08334
147.16667
158.50000
171.16667
179.00000
181.33334
185.66667
196.16667
199.41667
200.75000
204.66667
206.25000
202.41667
198.00000
188.08334
169.16667
158.66667
149.33334
143.75000
146.41667
139.50000
136.75000
129.00000
125.00000
116.66667
122.33334
102.33334
60.50000
46.75000
43.41667
39.75000
40.58334
43.33334
33.16667
44.50000
29.75000
44.25000
41.50000
37.83334
37.41667
37.00000
46.75000
63.33334
68.83334
76.83334
84.08334
93.00000
98.33334
108.83334
121.08334
145.91667
149.33334
162.91667
159.91667
162.91667
176.58334
191.75000
198.00000
200.50000
207.08334
205.41667
205.91667
200.00000
190.16667
166.66667
141.08334
139.08334
146.66667
140.25000
151.75000
157.00000
155.16667
147.16667
147.50000
139.08334
140.91667
130.33334
102.91667
73.91667
56.08334
56.08334
48.91667
53.33334
49.91667
54.08334
37.16667
51.00000
54.75000
50.33334
44.00000
42.08334
56.58334
82.83334
81.41667
90.41667
115.91667
127.50000
123.33334
116.75000
125.25000
130.25000
134.83334
148.33334
151.33334
160.41667
169.75000
182.33334
191.50000
197.50000
196.91667
198.16667
196.25000
181.25000
167.16667
163.41667
157.75000
152.25000
154.41667
168.83334
174.50000
173.50000
167.00000
158.50000
162.33334
157.50000
138.66667
147.83334
137.66667
94.00000
66.33334
58.41667
55.58334
55.16667
54.50000
54.50000
41.25000
49.00000
57.41667
53.83334
49.50000
51.25000
68.58334
87.58334
110.41667
116.08334
119.33334
134.16667
141.58334
146.33334
143.58334
136.91667
130.75000
134.00000
151.33334
169.16667
174.50000
177.16667
185.08334
193.00000
193.83334
196.66667
180.58334
180.41667
172.08334
176.66667
163.83334
156.58334
161.00000
154.41667
150.58334
154.75000
154.00000
155.58334
160.25000
166.91667
162.25000
137.75000
118.50000
113.66667
87.08334
61.41667
65.25000
59.66667
59.08334
50.66667
45.16667
45.83334
54.83334
56.58334
56.66667
61.75000
89.16667
95.91667
109.66667
114.66667
128.00000
127.16667
135.83334
140.58334
132.50000
123.83334
137.41667
123.41667
126.33334
152.50000
168.50000
179.00000
182.50000
184.33334
191.25000
191.33334
190.58334
178.91667
174.83334
163.08334
165.91667
137.16667
124.66667
113.91667
114.25000
122.25000
129.50000
138.08334
147.58334
165.33334
165.66667
150.91667
134.75000
121.33334
99.33334
86.33334
66.58334
72.16667
55.66667
57.83334
61.58334
56.66667
51.25000
63.41667
75.75000
80.25000
97.16667
95.75000
116.75000
128.58334
127.91667
125.66667
115.58334
108.50000
116.41667
87.08334
90.50000
105.08334
144.58334
133.83334
172.08334
168.00000
178.33334
189.91667
191.00000
194.16667
185.83334
170.25000
166.58334
158.58334
142.33334
129.16667
126.83334
107.66667
102.75000
111.33334
145.16667
115.66667
133.75000
167.91667
180.16667
143.75000
134.75000
127.83334
105.50000
91.58334
79.33334
79.91667
53.25000
61.25000
66.50000
69.16667
64.16667
79.41667
73.75000
70.66667
109.00000
96.91667
132.91667
146.41667
144.41667
131.91667
122.25000
137.50000
137.41667
107.91667
115.58334
96.50000
144.50000
136.83334
159.83334
163.33334
175.91667
190.91667
196.66667
194.41667
195.33334
180.16667
164.16667
150.41667
156.41667
159.83334
130.75000
100.91667
113.58334
121.91667
155.08334
150.83334
158.33334
169.00000
178.58334
153.00000
146.91667
131.75000
122.41667
108.91667
108.58334
91.33334
57.58334
65.58334
64.00000
72.25000
78.75000
93.66667
65.75000
85.58334
103.41667
123.25000
133.91667
164.75000
159.08334
142.25000
139.33334
145.25000
142.91667
127.91667
109.91667
123.58334
152.16667
160.50000
149.91667
170.83334
173.41667
193.41667
203.75000
202.66667
197.66667
182.33334
161.41667
161.75000
153.50000
148.08334
163.83334
138.08334
138.50000
149.58334
136.58334
179.50000
177.58334
177.00000
182.75000
160.33334
155.33334
160.91667
132.75000
112.58334
103.91667
88.16667
83.41667
70.83334
72.83334
75.08334
88.16667
95.33334
95.75000
109.50000
123.16667
139.58334
141.25000
168.41667
162.25000
147.33334
131.25000
133.33334
134.75000
126.83334
125.33334
138.91667
136.83334
141.16667
150.16667
160.75000
174.41667
193.00000
204.50000
203.83334
196.41667
180.25000
172.16667
175.00000
160.83334
158.25000
175.25000
158.66667
145.00000
156.16667
173.16667
189.58334
188.25000
184.41667
180.50000
164.33334
163.58334
162.83334
136.58334
120.83334
97.00000
96.75000
93.83334
77.91667
85.41667
70.58334
71.50000
87.25000
81.41667
117.16667
124.50000
148.16667
150.41667
163.83334
161.08334
159.33334
157.33334
149.83334
151.50000
135.33334
134.75000
144.00000
167.50000
161.83334
179.41667
175.83334
179.66667
186.16667
194.58334
192.58334
183.50000
178.50000
180.25000
171.16667
172.91667
179.08334
185.33334
176.08334
182.00000
177.00000
192.41667
175.25000
189.66667
195.41667
185.25000
170.16667
168.41667
173.00000
142.66667
119.91667
116.91667
99.91667
94.41667
76.33334
75.41667
73.66667
63.41667
88.33334
89.25000
126.33334
126.66667
151.33334
160.08334
176.66667
187.50000
175.91667
181.00000
172.83334
175.58334
176.00000
177.75000
179.25000
182.58334
176.16667
181.58334
180.50000
176.66667
192.91667
206.91667
202.41667
200.16667
184.41667
184.33334
191.91667
189.58334
193.91667
196.75000
192.33334
192.25000
201.08334
199.83334
197.66667
201.33334
194.75000
189.41667
179.00000
174.91667
174.91667
155.66667
126.83334
129.91667
100.33334
76.00000
64.50000
73.91667
83.08334
78.33334
80.16667
99.00000
110.08334
126.66667
155.50000
162.16667
181.08334
185.33334
192.75000
190.00000
187.00000
186.75000
186.25000
187.33334
186.50000
184.50000
192.25000
188.91667
183.91667
189.33334
193.66667
210.58334
212.25000
202.83334
190.33334
196.33334
199.25000
205.00000
204.58334
199.91667
197.75000
201.41667
201.33334
198.91667
204.00000
206.75000
194.58334
192.58334
180.75000
184.83334
183.41667
148.08334
148.58334
127.41667
91.00000
71.75000
49.25000
74.33334
94.83334
86.00000
78.08334
96.16667
105.50000
130.16667
164.00000
162.66667
188.75000
176.41667
187.75000
188.00000
190.83334
192.25000
194.33334
195.00000
195.25000
196.83334
201.66667
199.16667
187.00000
181.91667
200.75000
207.16667
212.16667
204.16667
196.75000
198.83334
205.50000
211.83334
211.41667
211.16667
212.25000
212.08334
209.75000
206.00000
205.58334
205.16667
200.33334
202.16667
188.58334
195.33334
168.91667
147.25000
161.25000
122.83334
94.16667
86.16667
52.25000
77.25000
93.08334
87.08334
89.91667
92.83334
118.08334
132.75000
166.00000
168.16667
173.16667
187.75000
175.16667
186.00000
189.50000
194.33334
200.33334
203.00000
203.25000
206.33334
204.66667
196.83334
195.25000
195.00000
207.83334
215.25000
216.41667
211.33334
204.58334
210.16667
211.33334
214.75000
216.58334
215.91667
213.08334
209.66667
210.25000
205.66667
210.91667
209.25000
203.50000
206.00000
200.83334
183.75000
168.08334
151.83334
161.66667
118.66667
93.66667
81.41667
59.08334
79.41667
94.75000
91.75000
87.08334
99.08334
101.58334
132.08334
163.50000
173.50000
170.08334
179.83334
178.75000
180.83334
188.50000
195.66667
200.08334
204.08334
205.25000
204.58334
206.33334
197.66667
196.41667
200.33334
209.91667
213.41667
218.08334
210.58334
210.91667
211.33334
214.00000
215.00000
215.66667
219.58334
211.58334
208.58334
214.08334
207.58334
211.58334
206.91667
207.83334
205.58334
202.25000
181.91667
167.58334
157.33334
147.50000
119.83334
98.08334
69.91667
61.66667
85.16667
101.16667
93.33334
86.58334
97.83334
101.41667
119.33334
160.50000
165.50000
177.75000
177.58334
178.83334
190.41667
193.16667
196.08334
199.50000
202.33334
204.33334
206.00000
201.16667
196.91667
204.00000
207.00000
213.08334
217.00000
215.16667
213.75000
213.41667
210.25000
212.00000
216.25000
216.75000
217.58334
207.66667
208.25000
210.58334
215.41667
210.16667
211.50000
207.08334
208.41667
199.75000
180.91667
167.25000
164.41667
136.08334
114.33334
122.33334
64.41667
59.50000
98.41667
110.08334
90.66667
89.16667
101.33334
102.08334
110.91667
150.91667
164.25000
182.58334
175.50000
179.75000
187.25000
194.83334
194.00000
193.33334
202.25000
201.58334
197.25000
196.25000
193.66667
201.08334
209.25000
215.50000
221.33334
220.41667
219.25000
212.33334
217.41667
205.91667
205.75000
211.16667
211.33334
204.50000
203.33334
203.83334
206.33334
206.25000
210.33334
209.41667
206.16667
196.08334
177.83334
171.33334
154.33334
129.91667
107.50000
105.83334
65.91667
63.41667
105.16667
111.58334
94.58334
95.66667
92.83334
93.41667
115.33334
147.75000
166.33334
181.00000
177.16667
183.66667
182.83334
193.75000
191.33334
191.41667
192.25000
193.33334
197.25000
197.08334
197.08334
195.08334
207.58334
218.33334
221.83334
222.75000
218.66667
208.58334
216.41667
210.00000
200.83334
201.41667
205.75000
205.33334
202.58334
211.75000
206.16667
203.91667
210.08334
208.16667
203.41667
193.83334
168.08334
172.00000
154.41667
124.50000
104.25000
93.50000
68.83334
71.75000
115.33334
114.16667
104.75000
98.58334
95.66667
91.00000
110.00000
143.75000
158.25000
170.75000
175.58334
184.41667
180.91667
192.33334
190.83334
189.66667
189.16667
191.50000
190.83334
193.50000
195.00000
193.91667
201.75000
209.33334
217.41667
216.16667
211.75000
214.75000
210.50000
205.83334
194.50000
198.08334
198.00000
202.25000
202.58334
205.25000
207.41667
202.58334
208.91667
201.41667
205.41667
188.25000
166.33334
161.50000
165.33334
124.16667
112.50000
85.75000
69.75000
71.66667
115.08334
113.33334
118.66667
119.75000
115.00000
98.50000
113.41667
143.00000
151.50000
174.58334
170.75000
178.33334
186.41667
185.91667
185.25000
189.91667
186.83334
185.66667
182.41667
176.16667
180.58334
189.66667
188.41667
196.33334
200.25000
200.41667
195.83334
195.08334
185.83334
189.41667
191.58334
196.16667
199.08334
202.50000
201.33334
202.08334
203.41667
205.25000
204.00000
203.58334
201.58334
183.16667
162.75000
164.08334
167.75000
116.66667
98.25000
88.75000
67.66667
71.16667
136.00000
135.25000
139.91667
129.75000
123.83334
113.00000
111.25000
143.75000
154.91667
170.33334
169.33334
173.00000
187.16667
187.41667
186.16667
185.08334
187.75000
184.83334
175.33334
166.16667
168.08334
171.50000
172.41667
176.83334
180.75000
183.08334
182.50000
179.75000
179.58334
180.91667
191.33334
194.16667
199.91667
199.83334
197.00000
196.91667
198.75000
202.91667
199.41667
200.83334
193.25000
178.16667
160.33334
163.83334
150.50000
113.66667
98.16667
86.50000
73.08334
75.58334
137.58334
142.66667
145.75000
133.33334
124.33334
114.16667
138.75000
144.66667
154.08334
168.58334
171.25000
171.58334
176.75000
185.41667
182.00000
187.75000
183.41667
181.00000
174.16667
173.66667
169.75000
166.83334
159.25000
158.66667
152.91667
156.08334
162.58334
169.25000
180.91667
183.66667
186.16667
201.33334
202.00000
197.91667
192.41667
192.58334
191.33334
196.75000
197.08334
196.00000
191.25000
172.75000
162.08334
169.83334
125.33334
115.66667
107.33334
93.50000
76.25000
85.00000
135.08334
142.58334
143.83334
147.83334
143.66667
133.83334
143.66667
149.25000
153.83334
156.66667
172.83334
157.41667
155.75000
165.41667
179.66667
180.58334
178.16667
178.66667
176.25000
174.33334
172.33334
165.25000
168.08334
165.58334
163.33334
165.91667
164.25000
169.41667
180.16667
186.16667
196.75000
201.58334
201.83334
195.50000
190.25000
187.50000
187.58334
191.58334
193.91667
191.08334
186.58334
157.16667
160.50000
159.25000
112.58334
106.50000
108.41667
92.08334
96.16667
94.91667
138.00000
137.16667
149.25000
158.41667
151.00000
151.91667
148.75000
158.83334
134.83334
137.83334
158.58334
152.58334
167.25000
166.41667
178.25000
171.66667
177.25000
179.08334
178.58334
178.66667
173.91667
173.66667
173.25000
173.58334
164.50000
168.66667
178.33334
179.41667
192.33334
198.83334
202.83334
201.00000
192.91667
188.16667
183.33334
182.91667
187.25000
192.58334
190.16667
191.75000
164.16667
153.08334
157.25000
157.66667
113.75000
103.91667
112.33334
104.25000
100.58334
106.83334
136.41667
145.33334
156.50000
156.91667
146.50000
137.91667
129.08334
140.75000
145.16667
132.58334
150.50000
155.75000
158.08334
163.33334
171.91667
172.66667
166.41667
172.83334
174.41667
175.33334
178.66667
175.66667
172.50000
179.25000
178.16667
178.75000
181.41667
191.00000
194.50000
191.91667
191.25000
180.58334
183.00000
180.58334
176.00000
184.25000
186.33334
190.83334
188.50000
192.58334
153.50000
150.75000
155.91667
135.91667
110.16667
111.91667
112.50000
105.83334
107.41667
112.50000
147.66667
126.66667
138.33334
126.91667
138.66667
142.16667
135.66667
148.00000
149.91667
150.33334
148.75000
173.25000
159.25000
150.08334
157.25000
173.91667
162.08334
167.83334
165.66667
167.50000
173.66667
172.33334
167.83334
174.58334
179.75000
171.16667
176.75000
181.41667
174.75000
182.75000
183.25000
188.41667
176.50000
167.91667
175.25000
181.08334
186.33334
187.16667
187.16667
182.00000
147.75000
154.75000
160.50000
121.33334
107.33334
116.16667
117.75000
119.16667
118.83334
125.08334
122.50000
126.33334
123.83334
120.41667
118.33334
131.41667
142.00000
151.16667
149.00000
154.83334
155.83334
174.00000
168.66667
159.25000
156.83334
165.66667
157.50000
154.16667
154.50000
158.25000
156.83334
147.16667
136.33334
142.16667
155.83334
154.33334
155.66667
157.33334
162.50000
157.58334
156.41667
145.83334
169.50000
173.33334
178.83334
181.08334
187.08334
185.25000
184.66667
163.50000
150.58334
153.66667
154.41667
116.50000
110.83334
114.00000
123.25000
128.41667
129.25000
137.00000
119.16667
126.25000
120.41667
121.08334
132.41667
138.50000
141.83334
144.50000
158.33334
168.25000
166.25000
184.08334
181.08334
176.16667
169.16667
161.25000
161.25000
149.00000
144.66667
141.25000
144.33334
147.41667
141.75000
127.41667
123.00000
134.25000
135.91667
144.25000
140.16667
158.91667
151.25000
177.25000
176.41667
178.75000
181.66667
181.50000
185.58334
182.08334
173.33334
153.25000
151.83334
154.58334
137.25000
118.66667
118.50000
125.50000
139.33334
138.91667
142.50000
151.16667
135.41667
122.50000
110.41667
127.25000
138.75000
137.75000
141.66667
147.50000
165.08334
175.25000
170.41667
183.83334
182.75000
178.66667
175.83334
173.75000
168.25000
151.25000
139.41667
139.33334
140.41667
122.41667
134.66667
140.08334
141.41667
133.75000
140.00000
142.16667
138.75000
141.16667
167.58334
169.66667
165.58334
176.50000
172.58334
175.58334
181.16667
178.41667
169.66667
146.83334
149.16667
153.25000
137.41667
130.08334
127.58334
130.66667
143.25000
152.50000
159.75000
151.75000
123.33334
115.58334
107.83334
146.83334
145.91667
134.08334
142.08334
147.75000
168.66667
176.83334
172.16667
183.66667
184.50000
178.83334
178.25000
169.50000
159.41667
158.25000
147.50000
134.08334
130.75000
122.00000
113.08334
113.58334
114.00000
111.33334
119.08334
117.91667
132.41667
161.91667
166.58334
163.16667
173.83334
176.91667
174.91667
184.75000
184.00000
182.58334
163.91667
146.75000
148.75000
149.91667
153.25000
136.16667
141.16667
149.41667
158.25000
154.16667
166.33334
150.83334
119.58334
110.08334
116.41667
140.25000
148.50000
148.58334
153.33334
144.66667
167.75000
173.41667
181.16667
183.83334
187.08334
182.58334
178.33334
176.75000
173.00000
171.16667
174.16667
160.00000
147.08334
145.00000
149.25000
142.66667
143.33334
141.66667
143.66667
156.66667
155.08334
151.75000
159.66667
182.25000
180.16667
177.91667
185.91667
187.83334
182.50000
181.75000
162.41667
153.75000
156.58334
152.91667
160.66667
151.41667
150.25000
158.75000
171.83334
166.50000
163.08334
157.00000
115.58334
109.91667
126.58334
143.33334
149.66667
150.91667
154.08334
148.91667
164.75000
159.00000
180.91667
185.66667
184.66667
181.41667
178.58334
179.66667
179.66667
175.83334
175.25000
177.08334
162.58334
155.33334
151.91667
157.91667
153.75000
149.00000
156.50000
165.41667
159.75000
162.00000
181.91667
183.75000
181.16667
181.50000
185.41667
187.16667
181.33334
172.58334
154.58334
155.58334
160.75000
165.41667
170.58334
160.83334
169.25000
173.16667
176.91667
171.00000
164.50000
163.25000
124.50000
125.41667
129.33334
144.58334
151.08334
152.91667
151.66667
150.58334
167.75000
160.25000
176.75000
180.16667
186.91667
180.25000
182.58334
180.16667
181.83334
181.75000
181.08334
179.91667
180.41667
163.00000
165.83334
161.08334
161.33334
162.66667
165.83334
174.33334
181.58334
183.00000
183.08334
186.41667
189.33334
189.00000
185.66667
183.33334
177.41667
157.33334
154.33334
157.25000
168.16667
175.83334
174.83334
178.08334
180.33334
176.75000
174.66667
174.16667
161.50000
163.41667
128.66667
129.08334
140.91667
146.00000
150.75000
156.25000
154.16667
153.16667
152.16667
166.33334
170.75000
170.66667
183.50000
189.00000
184.58334
180.91667
181.50000
182.83334
184.25000
182.33334
182.50000
174.41667
162.25000
163.25000
162.33334
164.25000
171.25000
173.58334
177.91667
179.33334
187.91667
187.50000
183.16667
182.00000
183.91667
181.41667
157.50000
158.75000
159.83334
172.83334
177.25000
178.50000
173.41667
189.75000
187.66667
188.58334
188.58334
176.00000
158.58334
155.25000
135.75000
137.83334
144.50000
157.75000
157.83334
151.66667
151.16667
153.66667
145.50000
165.66667
166.91667
172.08334
186.41667
175.50000
173.75000
182.75000
182.25000
180.00000
181.75000
179.58334
185.41667
185.91667
178.66667
168.91667
167.25000
170.58334
173.08334
178.83334
184.50000
190.66667
185.00000
182.41667
184.33334
176.33334
174.16667
158.66667
163.25000
173.41667
172.75000
180.33334
191.25000
186.33334
180.75000
183.50000
185.50000
190.41667
194.41667
183.58334
169.08334
170.41667
142.83334
139.00000
152.50000
160.58334
165.91667
151.00000
152.50000
148.41667
143.83334
162.08334
166.33334
167.75000
166.41667
168.08334
168.08334
172.91667
173.58334
176.08334
182.75000
177.16667
183.33334
181.16667
183.41667
184.66667
182.66667
173.33334
180.75000
182.75000
184.41667
179.00000
178.91667
175.75000
177.25000
169.25000
166.83334
161.00000
171.41667
173.25000
180.83334
187.91667
189.33334
190.41667
190.66667
192.66667
183.25000
186.25000
189.08334
183.58334
169.75000
173.83334
143.66667
145.66667
155.91667
160.50000
172.00000
168.91667
167.08334
153.08334
143.58334
137.75000
155.75000
149.58334
157.25000
175.25000
184.16667
180.83334
176.33334
170.16667
175.58334
172.33334
176.66667
174.41667
178.91667
178.83334
182.00000
185.41667
185.91667
178.16667
173.16667
173.50000
165.66667
168.66667
170.33334
175.75000
162.83334
171.00000
177.08334
181.58334
191.83334
192.50000
186.00000
187.00000
192.08334
193.41667
197.50000
193.25000
188.50000
186.16667
167.75000
171.50000
152.08334
147.25000
155.66667
161.25000
160.41667
160.83334
159.16667
145.75000
137.58334
138.91667
148.25000
146.66667
158.91667
169.58334
180.00000
179.50000
180.66667
180.50000
171.91667
167.83334
169.50000
169.50000
173.41667
173.08334
177.25000
177.66667
176.83334
178.25000
175.08334
172.66667
170.33334
175.25000
175.08334
174.83334
175.58334
178.50000
184.16667
190.66667
195.58334
200.16667
195.41667
189.33334
190.33334
196.91667
198.66667
197.83334
187.41667
186.83334
176.83334
173.66667
