43.33334
28.75000
23.00000
21.33333
22.83333
13.41667
9.66667
4.58333
4.75000
4.58333
4.50000
7.08333
14.66667
40.83334
62.66667
83.58334
101.41667
125.66667
141.41667
149.08334
156.50000
158.91667
159.41667
159.50000
161.08334
163.16667
167.83334
165.08334
162.08334
150.66667
150.91667
151.50000
140.50000
131.41667
118.50000
90.33334
50.08334
39.50000
24.66667
16.50000
16.50000
10.33333
22.58333
18.08333
25.58333
26.58333
31.50000
32.00000
35.08334
37.50000
37.41667
28.33333
23.33333
22.41667
21.83333
14.00000
10.50000
5.25000
5.83333
8.33333
12.00000
17.16667
27.16667
67.91667
93.66667
115.08334
135.08334
150.66667
159.66667
161.16667
165.41667
166.83334
167.25000
168.08334
168.33334
170.50000
173.41667
170.41667
165.66667
156.16667
160.00000
164.91667
157.66667
143.66667
134.75000
104.66667
65.00000
50.91667
33.25000
23.83333
20.41667
12.08333
20.83333
20.50000
24.00000
25.16667
28.58333
31.33333
35.08334
38.25000
36.33334
22.33333
25.66667
22.50000
22.83333
16.25000
14.91667
8.33333
13.33333
13.50000
16.75000
27.50000
69.41667
108.08334
125.08334
138.91667
150.00000
156.91667
162.00000
166.25000
171.16667
172.08334
173.50000
171.50000
174.41667
176.41667
176.16667
174.41667
168.66667
157.83334
169.16667
173.00000
168.25000
157.41667
144.41667
128.25000
84.00000
57.41667
47.00000
36.08334
28.16667
18.66667
21.75000
23.91667
27.33333
29.25000
30.33333
34.41667
34.83334
36.00000
32.91667
23.83333
24.16667
25.33333
23.33333
19.33333
19.00000
13.83333
16.50000
22.58333
47.16667
70.66667
106.75000
128.08334
141.75000
148.91667
155.08334
159.83334
163.83334
169.50000
174.83334
177.58334
176.66667
175.91667
178.66667
181.75000
178.91667
177.08334
171.16667
168.25000
176.91667
175.83334
171.91667
162.75000
152.66667
138.91667
108.83334
73.50000
60.08334
50.25000
36.41667
25.66667
23.83333
26.33333
26.08333
29.25000
30.91667
32.66667
35.41667
37.75000
30.58333
26.66667
23.16667
26.41667
23.83333
24.41667
25.83333
26.08333
36.33334
47.16667
73.58334
107.16667
125.66667
137.58334
148.00000
153.58334
160.91667
162.66667
166.41667
170.58334
176.66667
177.58334
178.33334
179.25000
180.66667
183.33334
182.33334
182.16667
178.83334
180.83334
181.33334
178.16667
174.16667
167.58334
158.33334
149.91667
137.83334
113.58334
82.66667
64.75000
47.50000
34.25000
32.08334
27.83333
25.66667
33.50000
33.41667
36.83334
35.16667
39.08334
27.91667
26.91667
25.00000
25.25000
28.16667
28.58333
31.16667
37.16667
48.16667
65.58334
102.75000
122.33334
133.83334
143.33334
152.41667
158.08334
164.00000
167.41667
169.16667
173.08334
176.83334
178.66667
178.83334
179.41667
182.08334
183.58334
185.00000
184.25000
185.83334
186.16667
183.08334
180.16667
176.91667
172.33334
164.50000
151.75000
142.58334
138.91667
116.41667
86.58334
63.33334
48.33334
44.75000
40.33334
31.33333
39.58334
37.00000
38.33334
36.75000
38.50000
31.66667
27.83333
27.08333
28.58333
30.91667
29.00000
34.83334
42.16667
60.25000
92.75000
117.75000
128.00000
136.66667
145.50000
155.91667
162.33334
167.33334
171.41667
171.91667
174.33334
177.08334
177.33334
177.41667
180.08334
183.58334
186.25000
187.58334
186.16667
185.00000
185.16667
185.33334
182.58334
181.00000
175.66667
169.83334
161.25000
154.08334
146.50000
130.50000
103.33334
79.41667
58.66667
57.41667
47.16667
38.16667
46.33334
42.00000
40.16667
35.75000
36.91667
32.58334
28.00000
29.08333
34.91667
34.41667
33.75000
40.16667
55.91667
75.33334
103.91667
124.25000
131.83334
139.33334
148.00000
157.91667
161.41667
168.00000
172.08334
173.25000
174.08334
176.33334
178.16667
179.58334
181.08334
183.16667
186.75000
187.08334
185.58334
184.25000
184.75000
184.75000
183.50000
183.16667
179.08334
173.41667
163.33334
156.08334
147.50000
136.75000
113.25000
86.33334
66.25000
65.00000
55.00000
42.00000
52.75000
43.16667
39.75000
35.91667
37.83334
32.33334
29.66667
29.25000
37.83334
37.75000
35.16667
46.75000
63.08334
89.00000
113.83334
127.08334
132.66667
141.33334
149.91667
160.58334
164.00000
170.75000
174.58334
176.33334
177.83334
178.50000
179.75000
181.00000
183.41667
184.75000
186.25000
187.66667
185.00000
181.00000
179.66667
183.41667
184.58334
184.25000
181.75000
175.25000
163.83334
156.66667
146.00000
137.00000
124.50000
91.58334
71.00000
76.58334
70.58334
58.00000
51.66667
43.75000
39.75000
38.41667
37.25000
39.58334
35.08334
33.58334
37.16667
41.83334
40.50000
57.33334
80.58334
97.25000
118.75000
127.25000
135.50000
145.16667
153.83334
163.00000
167.91667
172.33334
176.75000
181.25000
180.58334
181.91667
183.41667
182.58334
183.75000
183.75000
185.50000
184.08334
180.66667
177.50000
177.41667
181.08334
186.83334
185.58334
180.00000
174.50000
166.66667
156.50000
148.33334
137.58334
129.00000
93.00000
79.08334
87.00000
71.75000
61.33334
48.66667
43.00000
38.66667
40.41667
36.16667
43.58334
40.41667
36.58334
38.91667
44.25000
46.41667
69.08334
91.41667
106.50000
122.83334
126.83334
136.25000
146.33334
154.16667
163.50000
171.08334
175.16667
181.66667
185.33334
186.91667
188.83334
190.75000
186.08334
188.75000
186.83334
187.50000
183.58334
179.25000
178.83334
180.75000
186.91667
187.75000
185.00000
180.00000
175.08334
168.16667
159.00000
151.25000
140.08334
129.00000
96.33334
85.83334
90.66667
76.00000
63.33334
57.58334
44.25000
42.41667
39.58334
33.25000
43.58334
41.91667
40.08334
46.25000
50.83334
54.75000
77.66667
98.00000
109.66667
121.50000
123.25000
131.41667
142.25000
152.66667
160.25000
166.25000
170.83334
176.83334
183.91667
186.66667
192.00000
205.00000
207.83334
199.91667
199.16667
198.91667
197.00000
194.66667
206.66667
207.50000
203.58334
190.00000
185.41667
180.41667
174.75000
167.58334
161.66667
154.75000
145.91667
132.25000
102.83334
103.50000
95.41667
80.58334
66.50000
63.00000
43.91667
41.33334
37.25000
32.91667
45.00000
46.08334
44.66667
49.66667
57.25000
62.66667
85.25000
99.75000
111.83334
121.25000
121.83334
126.33334
130.33334
134.41667
135.58334
144.33334
150.83334
161.16667
171.41667
176.66667
188.66667
194.41667
205.25000
200.66667
199.58334
203.50000
202.25000
201.41667
202.58334
199.00000
190.75000
182.58334
176.66667
172.91667
169.58334
165.16667
160.50000
155.83334
148.08334
133.91667
111.41667
101.83334
95.33334
83.58334
70.75000
67.58334
46.25000
43.75000
36.00000
38.00000
49.16667
49.66667
48.58334
52.25000
69.50000
82.33334
94.91667
105.75000
116.25000
123.00000
127.16667
126.58334
123.66667
118.41667
120.83334
120.75000
125.16667
135.66667
144.25000
158.25000
169.66667
177.16667
187.33334
188.41667
188.50000
188.00000
187.91667
184.41667
181.75000
177.00000
172.58334
167.50000
157.58334
157.75000
156.41667
151.75000
149.00000
141.16667
138.08334
125.58334
115.16667
95.58334
98.08334
85.33334
69.16667
62.75000
47.58334
46.00000
40.75000
40.33334
55.50000
49.50000
50.00000
63.16667
69.00000
91.25000
106.16667
109.66667
124.75000
132.41667
125.58334
128.00000
125.00000
118.58334
122.08334
114.08334
114.25000
120.75000
132.83334
142.50000
155.16667
166.58334
173.00000
179.16667
177.66667
177.33334
174.83334
172.41667
169.75000
165.25000
155.16667
143.75000
141.41667
134.00000
125.33334
117.41667
112.25000
111.75000
113.16667
115.83334
121.25000
94.83334
94.75000
85.58334
75.50000
58.91667
47.16667
47.66667
44.83334
52.08334
64.00000
50.41667
54.58334
70.91667
78.66667
93.25000
116.83334
111.50000
132.83334
135.16667
130.41667
128.58334
128.50000
123.75000
124.75000
122.25000
114.91667
110.50000
118.08334
125.91667
139.33334
150.58334
162.75000
166.58334
170.83334
170.08334
167.41667
163.91667
158.83334
151.16667
141.91667
135.08334
119.25000
107.58334
99.75000
98.00000
96.75000
106.91667
109.00000
119.33334
123.00000
102.41667
93.58334
84.41667
79.08334
54.91667
45.00000
50.33334
48.91667
62.75000
75.83334
69.91667
58.91667
73.91667
81.58334
98.25000
123.91667
114.83334
138.16667
138.08334
132.00000
122.75000
118.16667
121.75000
118.25000
117.00000
120.91667
121.41667
121.75000
122.08334
130.50000
141.50000
150.83334
156.08334
161.91667
165.08334
162.41667
156.00000
147.50000
136.66667
128.41667
108.58334
87.16667
98.75000
115.75000
121.08334
120.16667
123.25000
131.83334
131.50000
128.25000
106.33334
97.58334
83.83334
83.33334
61.58334
57.91667
54.66667
65.08334
65.50000
72.33334
77.25000
71.08334
73.50000
80.58334
106.58334
127.00000
125.25000
142.08334
135.41667
121.83334
110.66667
125.25000
118.00000
110.16667
113.41667
113.00000
122.41667
120.08334
126.58334
123.83334
132.50000
144.83334
154.75000
162.58334
166.58334
161.08334
150.25000
138.75000
129.66667
118.50000
120.91667
108.58334
115.41667
126.41667
134.00000
137.75000
141.16667
143.16667
138.66667
138.91667
114.83334
97.66667
89.58334
97.33334
69.83334
57.66667
72.83334
73.50000
70.25000
76.75000
83.75000
80.33334
75.16667
83.66667
114.58334
131.16667
143.41667
146.58334
136.58334
116.16667
102.41667
113.58334
117.25000
73.58334
93.33334
101.33334
125.83334
119.83334
124.66667
123.83334
130.08334
145.50000
160.08334
171.41667
173.08334
165.58334
153.75000
138.75000
130.08334
131.00000
135.83334
143.91667
121.58334
127.75000
130.83334
119.16667
129.83334
131.58334
137.58334
136.50000
119.75000
101.50000
101.66667
99.50000
68.50000
67.33334
84.16667
72.58334
73.33334
94.66667
102.41667
102.08334
83.50000
92.58334
120.16667
132.83334
150.66667
153.50000
142.41667
122.33334
99.08334
121.08334
152.16667
98.16667
111.58334
115.58334
160.83334
112.91667
128.66667
130.33334
132.83334
147.50000
165.16667
179.75000
181.16667
172.75000
158.08334
143.08334
138.08334
130.25000
123.25000
121.41667
85.41667
87.08334
102.75000
109.50000
117.25000
108.08334
125.66667
130.66667
120.33334
108.25000
118.00000
106.08334
71.58334
72.00000
90.25000
70.91667
75.83334
107.33334
103.50000
109.00000
92.16667
101.00000
127.08334
131.00000
155.33334
158.41667
152.00000
129.58334
128.25000
125.58334
141.58334
134.50000
115.33334
128.66667
141.91667
117.25000
116.41667
133.50000
139.33334
150.75000
173.33334
185.83334
187.00000
182.16667
163.83334
148.08334
149.83334
132.75000
133.16667
130.16667
113.25000
120.91667
148.58334
158.91667
112.33334
101.66667
111.00000
128.00000
125.25000
115.00000
130.16667
113.08334
78.58334
78.16667
90.91667
78.50000
78.41667
109.33334
106.25000
109.33334
89.91667
108.25000
133.50000
134.08334
158.25000
161.66667
155.58334
150.91667
145.00000
140.91667
136.25000
145.41667
131.33334
130.00000
125.91667
139.41667
129.50000
148.66667
144.75000
157.08334
178.75000
186.08334
189.33334
183.25000
169.66667
155.00000
162.91667
128.58334
135.08334
144.75000
122.66667
129.08334
163.50000
156.33334
139.91667
133.41667
134.41667
144.25000
133.75000
121.66667
132.08334
117.16667
92.58334
83.83334
90.50000
82.16667
80.08334
121.66667
107.83334
112.08334
92.75000
108.75000
141.00000
133.66667
161.50000
166.16667
165.83334
159.66667
151.66667
149.16667
154.58334
158.33334
149.25000
141.33334
152.83334
146.25000
147.83334
146.91667
153.50000
165.16667
182.00000
182.75000
186.41667
180.58334
173.75000
161.41667
159.41667
155.83334
152.16667
152.25000
148.08334
146.33334
150.33334
145.08334
146.58334
150.75000
152.75000
157.83334
146.83334
140.83334
138.08334
120.08334
107.16667
97.83334
88.25000
82.58334
82.25000
128.00000
113.41667
106.91667
102.58334
113.33334
141.25000
134.91667
163.08334
170.83334
171.50000
172.08334
166.00000
165.08334
163.16667
166.00000
165.75000
162.33334
158.41667
157.75000
155.58334
155.75000
159.25000
170.00000
179.58334
181.50000
184.00000
176.83334
174.08334
166.50000
165.66667
167.16667
166.16667
152.75000
148.50000
150.50000
151.41667
152.25000
151.83334
153.66667
165.66667
171.16667
158.75000
146.16667
138.83334
121.25000
112.33334
107.66667
97.33334
88.58334
84.00000
121.66667
120.75000
109.33334
110.16667
119.50000
130.58334
140.66667
164.33334
172.91667
177.33334
176.66667
177.41667
175.75000
172.91667
172.75000
170.08334
168.91667
169.00000
167.66667
164.91667
159.66667
163.16667
168.00000
179.25000
180.25000
186.25000
177.66667
173.41667
170.58334
169.66667
174.91667
175.75000
172.00000
164.00000
159.00000
159.08334
163.08334
166.25000
169.50000
174.50000
175.08334
162.58334
145.91667
133.91667
117.33334
112.83334
99.41667
97.50000
91.08334
87.66667
117.50000
112.08334
120.33334
114.50000
120.75000
132.58334
143.83334
164.50000
173.33334
179.33334
181.75000
179.33334
182.16667
179.91667
177.75000
176.41667
175.83334
178.16667
173.33334
164.41667
161.00000
162.08334
169.58334
182.08334
183.83334
186.66667
182.16667
173.75000
171.66667
170.16667
174.83334
181.50000
182.00000
177.16667
175.16667
175.25000
177.00000
178.25000
179.83334
179.75000
176.83334
164.08334
148.75000
136.08334
117.91667
117.00000
101.33334
100.91667
92.00000
93.75000
110.83334
115.41667
112.00000
119.33334
117.58334
125.08334
149.66667
159.83334
171.83334
179.66667
182.58334
186.00000
184.58334
184.00000
181.25000
181.16667
181.25000
179.66667
173.00000
164.25000
160.50000
163.50000
173.00000
182.33334
184.91667
186.58334
186.41667
173.41667
172.00000
168.08334
172.33334
181.00000
184.33334
185.00000
182.16667
182.16667
185.41667
186.33334
184.33334
181.75000
177.75000
164.91667
145.25000
135.41667
120.08334
119.75000
107.83334
98.83334
93.00000
91.25000
99.75000
108.08334
115.75000
116.25000
121.41667
121.33334
148.58334
155.08334
168.75000
177.16667
181.91667
184.75000
185.91667
186.00000
186.58334
184.00000
185.50000
182.08334
174.50000
159.91667
158.16667
162.58334
173.58334
181.33334
185.75000
187.75000
185.83334
174.83334
171.41667
163.08334
173.83334
181.91667
185.91667
188.25000
188.83334
187.58334
188.66667
188.16667
185.58334
181.91667
176.41667
160.91667
143.83334
134.66667
123.33334
116.16667
107.08334
101.83334
92.16667
96.33334
91.83334
109.08334
114.83334
103.41667
123.00000
121.91667
136.58334
151.50000
162.16667
171.41667
179.00000
183.50000
185.41667
185.50000
187.25000
186.25000
186.50000
182.58334
168.91667
156.50000
159.08334
163.08334
174.33334
184.41667
186.83334
186.91667
187.16667
175.83334
167.41667
160.66667
172.33334
183.58334
187.66667
185.83334
189.91667
188.75000
189.33334
188.66667
183.50000
179.41667
173.58334
153.91667
140.83334
136.50000
120.75000
102.00000
108.91667
102.25000
94.66667
92.00000
90.58334
105.00000
112.58334
103.66667
117.66667
115.83334
127.50000
145.91667
155.50000
166.16667
173.16667
179.50000
182.33334
184.83334
187.16667
187.58334
189.16667
183.08334
165.41667
159.41667
167.75000
168.83334
179.41667
190.25000
192.66667
187.50000
183.50000
177.41667
169.25000
164.33334
167.41667
184.16667
185.75000
186.75000
188.91667
187.83334
188.33334
185.33334
182.16667
176.16667
170.66667
150.25000
142.16667
131.66667
121.50000
112.50000
107.41667
97.08334
98.75000
84.25000
93.75000
97.08334
112.50000
107.08334
102.75000
118.91667
122.08334
143.91667
153.16667
159.75000
167.83334
174.91667
180.25000
184.50000
187.25000
188.91667
186.83334
179.58334
165.83334
164.41667
173.58334
177.83334
181.91667
190.41667
194.50000
190.16667
184.58334
178.58334
172.00000
166.66667
162.83334
172.08334
179.50000
188.50000
188.58334
187.41667
184.33334
181.75000
178.58334
172.50000
165.66667
148.41667
136.58334
127.25000
121.00000
110.08334
108.08334
99.91667
92.41667
86.16667
95.66667
100.16667
101.75000
107.33334
103.41667
109.25000
118.83334
122.41667
141.33334
154.66667
162.16667
169.00000
174.75000
180.58334
183.91667
186.75000
184.75000
179.25000
165.50000
159.75000
162.25000
160.33334
170.50000
181.33334
182.75000
179.83334
177.75000
171.50000
167.25000
163.75000
154.75000
164.25000
186.00000
187.83334
185.91667
184.66667
179.41667
176.75000
175.50000
171.25000
159.83334
144.25000
137.41667
126.25000
103.91667
100.58334
103.50000
97.83334
79.91667
84.16667
87.83334
100.58334
101.00000
105.41667
101.75000
104.25000
108.50000
123.66667
140.08334
154.00000
157.25000
164.41667
170.41667
178.16667
182.83334
184.83334
181.41667
175.08334
163.33334
150.33334
150.66667
139.41667
129.25000
147.91667
150.16667
158.33334
155.50000
141.25000
124.00000
138.66667
151.50000
169.83334
182.00000
185.41667
183.75000
183.33334
178.16667
172.83334
171.41667
165.83334
150.41667
139.00000
134.50000
118.58334
101.66667
92.58334
90.50000
79.08334
81.50000
85.66667
80.00000
84.91667
97.83334
100.41667
91.58334
91.08334
101.00000
116.75000
131.41667
147.16667
154.16667
159.25000
164.33334
172.16667
178.08334
179.58334
178.66667
171.83334
162.83334
152.00000
143.08334
152.50000
154.75000
147.16667
142.08334
138.83334
133.58334
142.41667
143.08334
135.16667
163.00000
182.41667
186.58334
181.08334
180.25000
179.16667
174.58334
169.08334
168.00000
157.83334
144.25000
133.66667
125.50000
114.66667
103.25000
93.83334
91.33334
80.33334
80.91667
81.16667
74.58334
82.33334
98.66667
97.83334
89.83334
96.25000
98.00000
113.25000
122.25000
138.33334
148.08334
155.83334
160.08334
167.83334
173.66667
174.33334
173.25000
172.33334
168.25000
165.25000
160.00000
155.83334
158.16667
158.08334
145.58334
143.33334
146.41667
137.33334
141.08334
163.41667
176.00000
181.58334
184.75000
182.00000
176.83334
173.41667
168.58334
168.75000
162.58334
150.75000
137.25000
124.50000
116.58334
110.83334
97.66667
90.91667
89.50000
81.08334
80.58334
83.50000
75.25000
73.58334
87.41667
91.75000
90.91667
95.83334
98.50000
110.41667
120.16667
132.75000
142.91667
151.83334
155.91667
161.00000
166.66667
167.33334
167.58334
169.75000
169.16667
165.58334
168.83334
167.58334
165.41667
165.58334
165.50000
167.08334
159.75000
156.83334
171.25000
176.25000
179.33334
181.16667
182.75000
179.25000
172.50000
165.58334
168.08334
162.33334
154.91667
139.66667
132.41667
115.00000
117.25000
109.00000
99.25000
92.50000
87.16667
86.00000
83.83334
85.91667
77.00000
74.83334
90.33334
87.08334
90.50000
93.00000
98.33334
111.00000
118.00000
127.16667
140.83334
143.33334
152.91667
156.75000
160.58334
160.25000
164.00000
164.83334
165.83334
167.50000
169.33334
171.33334
175.25000
176.91667
177.50000
174.75000
174.41667
176.91667
175.25000
176.33334
179.16667
174.91667
171.16667
168.50000
160.41667
163.25000
165.16667
159.00000
148.66667
136.41667
128.75000
116.08334
115.83334
93.16667
95.58334
88.58334
82.75000
89.16667
84.83334
83.08334
64.00000
76.58334
88.91667
88.91667
89.91667
91.16667
102.75000
111.33334
117.33334
125.00000
139.25000
141.25000
147.16667
154.00000
155.41667
156.66667
158.66667
162.25000
165.50000
166.25000
167.75000
173.00000
175.83334
177.33334
179.50000
177.50000
178.58334
178.08334
169.66667
169.33334
170.75000
166.33334
164.75000
163.08334
164.58334
162.66667
162.16667
155.00000
145.00000
138.91667
125.16667
113.00000
108.83334
98.16667
98.75000
90.25000
81.58334
87.58334
80.41667
83.91667
60.33334
65.83334
82.83334
84.50000
88.00000
88.83334
98.16667
105.41667
114.25000
125.41667
135.66667
139.58334
142.83334
151.75000
153.16667
153.58334
155.08334
160.41667
164.83334
166.16667
168.41667
171.33334
174.08334
178.00000
179.66667
176.00000
170.58334
170.08334
165.16667
160.08334
158.50000
153.58334
162.33334
167.91667
160.50000
161.33334
160.08334
150.08334
140.58334
139.75000
119.33334
107.50000
108.41667
100.25000
98.08334
88.75000
81.58334
84.83334
84.08334
86.41667
61.00000
65.08334
72.50000
81.00000
80.00000
84.75000
100.83334
104.08334
113.00000
123.00000
129.00000
138.83334
143.75000
146.00000
149.91667
151.41667
152.08334
152.00000
156.58334
155.41667
151.00000
148.83334
148.41667
153.25000
152.50000
145.58334
142.50000
142.50000
143.91667
148.00000
149.50000
149.16667
153.25000
159.25000
156.33334
161.16667
156.00000
148.83334
136.00000
136.75000
115.83334
108.75000
105.16667
101.91667
92.75000
93.91667
86.91667
84.50000
87.66667
88.50000
59.66667
64.50000
68.33334
80.66667
82.83334
76.08334
96.08334
103.25000
112.08334
121.33334
125.50000
137.50000
142.83334
145.16667
149.25000
149.16667
146.91667
134.66667
130.25000
134.08334
134.66667
142.08334
141.58334
145.50000
133.75000
132.41667
132.16667
141.91667
140.08334
141.33334
138.58334
136.08334
136.66667
153.66667
157.16667
158.25000
151.25000
147.00000
136.33334
134.16667
112.25000
111.08334
108.50000
101.50000
92.50000
93.16667
92.16667
85.91667
92.58334
88.50000
57.66667
64.41667
65.66667
81.08334
84.16667
79.75000
91.08334
102.25000
112.66667
116.25000
122.75000
132.66667
139.41667
141.00000
150.16667
147.33334
135.33334
121.00000
104.83334
105.25000
105.16667
107.00000
112.66667
113.33334
117.16667
118.58334
116.25000
122.50000
121.08334
120.33334
129.75000
138.66667
151.41667
159.66667
155.16667
154.50000
149.66667
141.50000
138.41667
128.08334
111.25000
108.75000
110.83334
99.91667
88.58334
92.41667
91.25000
87.16667
94.91667
90.50000
59.83334
65.08334
65.41667
80.41667
84.50000
81.66667
86.33334
98.83334
111.16667
114.00000
120.83334
123.83334
136.41667
137.83334
145.33334
146.91667
138.91667
132.00000
128.83334
127.33334
134.16667
134.91667
142.91667
146.08334
140.91667
141.91667
136.50000
136.33334
139.25000
145.25000
133.25000
143.75000
151.58334
159.66667
153.08334
150.75000
145.75000
139.66667
133.58334
123.08334
113.00000
111.83334
111.33334
105.58334
101.50000
101.16667
94.58334
102.66667
93.41667
91.75000
61.08334
63.00000
66.33334
77.00000
83.83334
84.08334
88.50000
95.91667
109.41667
114.91667
116.91667
121.33334
133.08334
135.66667
140.41667
147.66667
146.75000
142.41667
140.83334
139.50000
141.08334
144.83334
142.41667
145.83334
150.66667
152.83334
154.58334
147.83334
139.00000
135.25000
133.00000
149.25000
158.58334
155.83334
148.91667
146.75000
139.25000
134.25000
130.16667
118.25000
114.00000
112.33334
114.00000
107.66667
101.91667
94.91667
93.25000
103.50000
98.08334
94.33334
62.66667
66.16667
68.75000
73.41667
81.50000
80.66667
89.91667
94.50000
105.41667
116.08334
115.50000
118.25000
128.91667
131.91667
139.00000
145.16667
147.50000
144.83334
144.83334
146.25000
145.41667
152.58334
161.25000
157.91667
155.33334
160.75000
161.08334
156.33334
145.75000
137.66667
144.16667
151.33334
158.25000
151.25000
146.58334
141.33334
137.00000
130.33334
129.91667
110.91667
115.50000
108.91667
118.25000
112.25000
100.41667
92.50000
111.16667
109.66667
110.00000
102.16667
60.91667
62.33334
66.91667
72.58334
82.08334
79.08334
87.91667
96.25000
99.91667
112.16667
111.75000
112.33334
122.33334
128.66667
133.83334
139.58334
145.75000
146.16667
144.25000
144.50000
144.83334
144.50000
150.25000
154.25000
155.91667
151.66667
145.66667
136.66667
134.83334
135.16667
142.91667
152.00000
150.91667
147.41667
141.58334
137.33334
133.91667
130.58334
125.33334
106.83334
116.83334
104.25000
112.41667
115.50000
103.25000
112.66667
110.00000
103.66667
108.75000
123.58334
73.91667
74.83334
80.25000
86.00000
92.50000
90.91667
98.91667
108.66667
113.25000
119.58334
123.50000
125.50000
135.50000
139.91667
143.66667
148.91667
145.50000
145.08334
140.83334
136.66667
139.75000
140.41667
139.58334
138.08334
137.91667
137.16667
135.66667
134.41667
134.91667
138.83334
144.58334
148.00000
146.50000
145.33334
141.16667
133.16667
129.41667
125.58334
120.83334
108.91667
114.08334
104.91667
108.91667
110.25000
109.08334
114.16667
110.00000
109.16667
107.41667
136.08334
74.75000
76.41667
81.66667
84.00000
95.00000
88.50000
98.50000
104.50000
116.16667
108.16667
118.83334
126.50000
132.25000
131.83334
142.50000
147.58334
145.50000
147.25000
144.08334
139.16667
135.16667
137.91667
141.50000
142.66667
144.33334
140.41667
142.58334
139.08334
139.50000
140.58334
144.66667
148.33334
150.66667
143.41667
137.66667
127.41667
127.66667
122.83334
120.75000
110.08334
113.83334
102.58334
105.25000
114.83334
111.91667
125.33334
109.66667
113.16667
109.00000
135.08334
77.83334
80.25000
85.66667
88.66667
98.08334
92.25000
99.91667
105.75000
122.83334
115.66667
117.58334
127.75000
128.83334
137.50000
137.41667
139.83334
143.75000
148.83334
150.66667
150.33334
146.50000
145.33334
143.16667
140.00000
139.33334
140.50000
142.41667
141.41667
144.16667
148.25000
149.83334
146.00000
143.33334
142.25000
132.41667
121.83334
134.83334
120.66667
123.50000
116.41667
120.91667
103.91667
109.83334
116.83334
122.16667
123.58334
115.75000
112.16667
109.75000
128.83334
90.33334
95.66667
94.83334
100.41667
103.91667
109.08334
109.33334
128.41667
124.08334
123.58334
119.91667
135.41667
128.58334
135.91667
133.75000
140.25000
134.41667
147.66667
154.16667
154.08334
155.91667
153.08334
147.75000
145.50000
143.00000
141.00000
143.66667
147.25000
150.25000
150.08334
148.58334
144.00000
132.83334
134.50000
130.25000
124.91667
129.66667
126.25000
120.58334
107.00000
121.75000
113.08334
110.25000
113.50000
130.75000
123.66667
120.33334
116.41667
110.08334
129.58334
