60.25000
55.91667
45.41667
42.50000
45.00000
47.66667
56.50000
67.58334
73.25000
83.58334
94.16667
98.16667
101.66667
105.91667
103.58334
97.58334
91.75000
91.75000
81.75000
73.08334
69.91667
62.25000
53.00000
54.25000
54.75000
52.66667
46.58334
45.00000
40.58334
46.16667
50.41667
47.00000
45.33334
37.83334
32.16667
32.58334
28.58333
28.00000
29.08333
32.75000
33.91667
31.50000
33.16667
40.16667
45.00000
48.33334
84.50000
89.91667
111.25000
119.00000
52.83334
45.91667
40.83334
45.66667
46.25000
56.33334
64.58334
74.75000
86.91667
102.75000
116.75000
126.08334
130.58334
135.08334
143.33334
135.91667
113.50000
108.58334
92.75000
88.25000
90.25000
82.58334
77.25000
89.83334
86.75000
81.16667
69.25000
56.75000
54.41667
58.58334
70.50000
65.00000
62.75000
51.41667
44.00000
41.00000
33.08334
29.16667
26.75000
36.25000
31.50000
30.16667
37.33334
42.66667
45.66667
47.75000
89.58334
101.91667
124.33334
129.00000
42.33334
39.66667
38.91667
42.66667
48.58334
58.50000
67.00000
77.58334
91.25000
114.58334
132.83334
139.08334
143.41667
148.25000
154.83334
161.58334
149.83334
125.00000
112.25000
108.25000
102.08334
94.33334
98.83334
119.33334
124.41667
101.16667
81.75000
67.75000
70.50000
78.25000
96.58334
102.75000
94.41667
78.58334
58.75000
42.16667
35.08334
27.75000
25.33333
31.91667
31.58333
33.25000
42.16667
55.33334
54.16667
51.41667
79.41667
98.41667
123.41667
132.16667
34.58334
31.66667
32.08334
36.41667
42.83334
55.41667
64.41667
74.25000
96.00000
121.41667
141.50000
148.41667
147.75000
149.58334
157.08334
164.75000
167.50000
148.33334
120.83334
105.41667
108.33334
104.00000
122.58334
136.00000
154.66667
118.16667
81.41667
76.83334
93.50000
109.91667
141.33334
140.08334
127.75000
94.33334
66.16667
54.41667
44.08334
34.08334
30.58333
41.91667
32.25000
33.91667
38.16667
53.16667
68.33334
68.00000
96.83334
120.50000
130.91667
131.83334
33.08334
27.58333
28.25000
34.08334
50.16667
58.25000
67.08334
78.66667
101.08334
133.50000
146.16667
147.91667
148.58334
151.66667
161.08334
168.16667
182.50000
186.83334
164.16667
141.83334
132.25000
132.58334
147.08334
153.41667
162.33334
123.75000
105.33334
108.41667
135.75000
157.50000
167.91667
167.66667
151.16667
112.00000
87.50000
82.50000
74.83334
64.83334
63.83334
74.66667
58.75000
53.16667
40.25000
58.16667
77.91667
75.33334
103.25000
121.66667
138.33334
145.75000
28.00000
26.75000
25.66667
49.50000
59.83334
75.83334
75.66667
84.16667
107.33334
136.91667
159.25000
162.91667
161.16667
160.83334
167.16667
175.08334
185.25000
195.83334
200.41667
187.33334
172.50000
169.58334
181.16667
178.41667
181.41667
163.50000
140.33334
146.08334
169.66667
182.16667
187.58334
188.66667
172.50000
157.16667
144.16667
131.16667
120.66667
107.00000
93.50000
98.33334
80.25000
68.75000
61.33334
55.75000
70.08334
78.00000
114.25000
130.50000
142.16667
156.91667
26.08333
24.33333
30.50000
51.91667
55.91667
80.00000
83.16667
87.50000
112.25000
144.50000
161.33334
176.08334
175.16667
170.91667
173.83334
178.16667
190.08334
197.58334
200.58334
200.25000
193.08334
197.75000
209.83334
210.66667
205.75000
202.41667
197.83334
190.50000
192.16667
192.58334
197.00000
193.83334
181.83334
172.66667
162.25000
157.66667
148.66667
134.16667
121.25000
117.91667
97.58334
82.33334
73.33334
63.50000
72.33334
68.83334
111.00000
120.41667
144.16667
168.16667
24.00000
21.50000
43.83334
52.00000
60.75000
83.66667
101.75000
100.08334
122.50000
148.58334
178.50000
193.83334
195.50000
192.33334
191.50000
191.50000
194.66667
205.25000
208.41667
205.91667
204.91667
213.75000
217.08334
218.33334
217.66667
214.66667
213.25000
210.25000
203.50000
198.41667
198.33334
192.16667
181.16667
173.00000
169.16667
166.75000
162.41667
150.25000
137.25000
133.58334
114.91667
92.58334
74.91667
74.75000
73.50000
77.66667
108.75000
131.75000
136.33334
162.91667
23.83333
20.25000
49.66667
55.50000
65.33334
87.08334
109.00000
103.83334
127.41667
151.83334
186.08334
196.25000
194.66667
193.91667
197.25000
201.75000
204.50000
206.58334
207.08334
209.33334
214.58334
214.00000
214.00000
215.58334
216.66667
213.75000
211.75000
211.08334
211.16667
208.91667
198.91667
189.75000
178.41667
174.50000
172.33334
173.00000
171.66667
163.33334
144.33334
138.66667
123.41667
99.00000
70.91667
77.58334
78.58334
78.16667
84.00000
120.00000
138.25000
162.66667
37.83334
23.75000
50.08334
56.50000
72.08334
95.66667
113.00000
112.66667
135.00000
157.08334
182.08334
195.41667
200.41667
204.00000
206.33334
208.25000
208.58334
209.75000
210.41667
210.50000
212.75000
212.91667
213.16667
214.58334
215.83334
213.58334
211.83334
210.25000
210.83334
210.75000
209.08334
204.33334
196.83334
185.83334
182.83334
182.58334
175.75000
164.16667
148.25000
140.08334
124.91667
105.08334
79.33334
83.83334
80.75000
86.00000
82.91667
112.91667
149.75000
169.91667
46.41667
32.75000
53.58334
60.00000
82.41667
105.33334
122.58334
128.25000
150.50000
177.33334
178.91667
193.08334
199.08334
203.00000
205.91667
207.41667
210.08334
211.08334
212.16667
213.58334
213.91667
214.08334
214.66667
214.50000
215.08334
214.41667
212.16667
210.33334
210.83334
210.66667
208.08334
204.50000
199.50000
195.16667
190.25000
184.16667
177.75000
168.75000
154.58334
152.25000
133.16667
112.91667
97.58334
98.08334
87.75000
90.83334
84.33334
133.25000
156.08334
179.75000
45.41667
45.58334
61.66667
72.16667
96.25000
113.75000
130.66667
142.75000
167.25000
184.33334
187.83334
190.66667
195.75000
202.25000
204.75000
207.83334
211.16667
214.00000
213.16667
214.16667
215.66667
216.58334
216.75000
216.41667
215.83334
215.41667
214.75000
212.25000
212.50000
211.83334
208.83334
202.41667
191.83334
182.58334
175.83334
169.58334
167.75000
163.41667
157.41667
163.50000
149.00000
130.25000
116.00000
113.33334
100.33334
92.00000
98.16667
142.33334
171.00000
199.00000
51.58334
62.83334
79.08334
88.16667
102.16667
119.41667
138.16667
160.75000
179.08334
184.83334
187.41667
194.00000
195.75000
196.33334
197.91667
195.83334
197.58334
200.83334
201.16667
209.25000
215.58334
217.83334
219.00000
219.00000
218.66667
219.00000
217.08334
215.91667
214.66667
211.33334
206.66667
195.91667
185.16667
174.91667
169.33334
161.58334
157.16667
156.33334
152.91667
160.75000
151.75000
137.75000
127.41667
124.41667
116.91667
95.08334
100.33334
160.08334
194.08334
207.00000
59.33334
66.66667
88.08334
94.16667
106.66667
124.41667
146.33334
173.66667
182.66667
185.33334
187.41667
193.58334
189.41667
181.00000
180.25000
188.16667
187.83334
192.50000
197.00000
201.83334
207.91667
214.41667
217.00000
218.08334
220.00000
218.08334
215.25000
213.41667
207.58334
202.08334
193.66667
184.50000
173.25000
167.08334
158.00000
149.91667
138.41667
133.00000
141.41667
152.83334
152.00000
150.08334
136.41667
118.25000
118.66667
103.50000
100.08334
155.58334
199.91667
216.25000
69.00000
70.33334
90.91667
104.75000
119.50000
139.16667
151.75000
175.91667
181.75000
183.58334
182.91667
170.58334
144.58334
149.83334
157.83334
169.83334
178.33334
180.33334
183.75000
187.66667
188.91667
196.00000
202.58334
205.66667
212.08334
212.25000
204.91667
199.58334
187.41667
182.50000
172.00000
161.33334
155.25000
145.41667
137.50000
127.33334
116.16667
108.91667
109.50000
135.00000
142.83334
152.41667
141.33334
125.25000
120.75000
110.16667
117.00000
172.50000
211.00000
210.91667
74.91667
72.16667
94.66667
111.08334
127.50000
146.91667
160.91667
173.33334
175.00000
164.08334
145.91667
132.75000
124.25000
119.58334
121.08334
122.83334
135.33334
137.91667
158.33334
163.41667
166.16667
169.00000
169.08334
171.66667
190.33334
196.33334
179.58334
164.91667
147.66667
141.91667
133.50000
127.16667
116.08334
111.66667
102.50000
102.16667
99.66667
91.50000
88.66667
113.75000
122.50000
147.41667
141.33334
135.91667
125.33334
113.50000
132.66667
186.75000
197.66667
204.66667
75.41667
81.25000
92.25000
111.91667
142.25000
154.00000
169.41667
166.41667
152.16667
134.08334
125.66667
118.41667
115.16667
107.91667
107.00000
99.41667
98.58334
99.25000
106.08334
96.58334
98.50000
115.33334
124.58334
125.58334
152.83334
169.00000
160.91667
133.75000
106.16667
91.41667
79.83334
77.33334
76.75000
84.00000
86.00000
95.00000
104.83334
101.58334
97.00000
96.25000
115.00000
139.50000
139.25000
145.25000
124.33334
118.58334
141.50000
204.41667
203.58334
187.25000
72.66667
76.91667
85.33334
111.41667
143.83334
155.66667
169.50000
157.66667
145.16667
136.66667
138.58334
141.83334
152.25000
156.16667
153.25000
129.58334
107.83334
107.83334
86.66667
80.91667
100.75000
104.16667
95.08334
127.50000
173.66667
161.66667
147.00000
117.16667
95.75000
87.83334
81.08334
91.91667
97.00000
132.33334
136.66667
147.33334
145.75000
131.58334
115.08334
123.08334
115.33334
136.08334
140.91667
150.08334
132.08334
125.75000
166.66667
201.91667
205.33334
178.66667
87.50000
94.41667
109.41667
112.58334
138.75000
155.00000
163.33334
163.33334
153.75000
147.75000
149.08334
151.91667
143.00000
130.33334
122.50000
100.25000
85.25000
86.00000
87.08334
97.25000
105.91667
121.08334
139.41667
174.16667
194.00000
182.41667
168.25000
132.66667
111.08334
113.91667
117.41667
108.08334
113.91667
110.33334
129.16667
131.41667
133.33334
137.41667
131.83334
137.25000
126.00000
123.91667
141.58334
150.75000
141.41667
118.91667
190.58334
198.91667
200.25000
172.33334
95.66667
102.50000
125.50000
119.91667
150.08334
169.25000
169.50000
169.33334
165.33334
157.08334
143.91667
120.83334
94.75000
86.33334
90.75000
96.16667
79.83334
131.25000
122.75000
115.41667
134.66667
148.00000
161.75000
178.00000
198.91667
187.41667
171.58334
146.16667
133.08334
124.91667
117.25000
133.75000
111.58334
79.66667
92.50000
85.75000
94.58334
104.25000
112.58334
131.83334
137.33334
131.58334
130.91667
147.75000
138.25000
145.00000
179.33334
198.16667
199.58334
195.16667
109.33334
107.58334
134.66667
138.75000
150.83334
173.41667
178.16667
175.75000
164.50000
137.83334
131.66667
108.66667
116.25000
152.91667
113.25000
83.83334
95.58334
158.16667
151.08334
148.91667
154.58334
154.08334
162.08334
170.75000
195.33334
188.58334
169.08334
140.75000
137.16667
138.25000
124.91667
161.08334
132.33334
115.75000
109.25000
94.33334
111.75000
94.66667
99.33334
127.00000
139.75000
144.50000
149.08334
152.66667
135.66667
147.41667
167.91667
170.91667
182.08334
200.58334
107.58334
110.50000
129.08334
153.50000
155.33334
175.83334
184.33334
183.16667
169.66667
160.08334
157.33334
153.16667
150.75000
150.41667
148.58334
133.00000
143.16667
162.58334
165.16667
160.91667
167.58334
153.50000
165.83334
180.00000
196.83334
191.58334
163.50000
136.58334
143.16667
138.50000
141.50000
160.91667
140.83334
115.41667
102.66667
132.91667
143.00000
129.00000
122.33334
128.08334
140.16667
152.75000
157.66667
159.83334
140.16667
166.33334
180.16667
175.00000
181.41667
211.50000
102.25000
116.75000
120.41667
153.25000
159.66667
175.50000
187.33334
187.08334
181.16667
182.25000
161.75000
174.41667
172.41667
174.25000
174.25000
164.16667
161.08334
182.41667
179.33334
180.58334
178.58334
166.75000
165.16667
181.16667
193.83334
183.50000
157.08334
138.66667
133.00000
146.08334
155.83334
162.83334
167.41667
154.33334
144.16667
145.66667
135.83334
130.16667
136.33334
141.25000
138.58334
155.33334
152.83334
169.16667
145.33334
171.83334
183.50000
183.16667
197.91667
203.91667
108.00000
119.00000
112.83334
144.00000
160.16667
175.16667
187.58334
192.83334
186.91667
186.58334
176.83334
175.58334
184.08334
186.58334
195.41667
189.75000
193.66667
195.08334
191.83334
190.25000
182.00000
165.16667
170.33334
185.58334
191.16667
183.66667
162.75000
137.75000
130.16667
155.91667
167.25000
175.41667
185.25000
179.75000
173.83334
168.16667
163.91667
152.58334
148.91667
157.41667
162.16667
160.16667
167.25000
167.33334
150.83334
169.66667
182.25000
169.75000
201.00000
191.08334
110.66667
120.41667
113.00000
135.08334
160.83334
174.08334
186.16667
188.33334
192.08334
186.25000
184.66667
186.75000
187.00000
195.25000
197.16667
202.25000
203.08334
204.16667
207.83334
205.16667
186.58334
171.25000
176.33334
185.50000
193.25000
187.41667
168.00000
150.91667
136.16667
157.16667
172.25000
185.41667
196.75000
195.08334
184.91667
179.41667
173.75000
164.91667
160.58334
156.33334
170.16667
164.75000
177.41667
161.75000
173.75000
170.25000
192.83334
174.66667
208.25000
177.08334
105.58334
115.91667
108.50000
135.41667
158.75000
171.66667
183.41667
187.50000
195.66667
192.66667
198.58334
198.00000
199.50000
199.41667
196.00000
198.08334
198.66667
200.66667
196.66667
201.16667
185.50000
174.00000
178.33334
185.41667
194.08334
190.50000
171.83334
153.00000
146.83334
145.50000
174.91667
187.50000
198.25000
203.00000
202.08334
198.08334
188.25000
177.00000
174.25000
163.66667
175.83334
166.75000
177.66667
158.91667
178.83334
184.66667
195.91667
179.08334
208.75000
210.00000
103.25000
112.75000
108.66667
136.66667
159.75000
168.83334
180.58334
189.66667
196.66667
201.08334
202.41667
208.50000
207.75000
202.91667
209.25000
210.58334
211.08334
209.66667
206.83334
202.41667
186.58334
178.50000
177.66667
183.83334
195.66667
192.75000
176.25000
154.41667
145.25000
153.08334
158.41667
185.91667
200.00000
205.50000
207.00000
203.00000
195.66667
187.66667
179.75000
170.83334
184.83334
173.41667
166.50000
159.16667
170.08334
181.33334
180.41667
197.75000
192.66667
208.83334
99.33334
109.16667
106.16667
137.25000
156.66667
172.16667
182.16667
190.75000
199.33334
205.08334
205.66667
207.41667
215.16667
214.08334
214.75000
214.16667
214.25000
212.75000
212.50000
198.75000
184.50000
177.41667
178.91667
188.08334
199.83334
196.91667
179.75000
157.33334
149.58334
155.50000
170.83334
180.58334
193.50000
195.91667
201.08334
200.75000
197.83334
190.00000
182.08334
178.00000
179.91667
183.16667
160.50000
171.58334
178.91667
171.16667
160.50000
209.75000
180.66667
192.08334
98.75000
100.08334
102.16667
130.91667
143.08334
165.08334
179.91667
190.50000
198.50000
205.00000
209.83334
213.08334
213.66667
216.83334
218.83334
218.33334
215.08334
210.83334
209.16667
202.83334
175.66667
176.25000
179.25000
189.08334
202.16667
200.58334
179.91667
157.58334
148.66667
151.16667
168.83334
186.25000
204.16667
208.58334
206.25000
204.75000
200.00000
195.58334
188.83334
179.83334
177.25000
183.16667
160.50000
176.25000
181.75000
185.16667
182.16667
211.33334
188.83334
216.41667
98.58334
98.83334
101.91667
123.50000
132.08334
166.00000
178.83334
186.75000
195.00000
204.08334
209.00000
213.25000
217.66667
219.50000
222.91667
220.66667
218.83334
215.25000
205.83334
193.75000
178.41667
170.33334
162.33334
174.91667
191.75000
190.50000
169.66667
145.83334
139.91667
150.41667
171.75000
177.91667
198.00000
210.75000
212.00000
208.91667
202.41667
196.00000
189.41667
178.66667
177.33334
174.83334
158.75000
171.08334
177.50000
178.00000
190.33334
189.58334
206.66667
227.58334
102.41667
99.83334
108.41667
121.25000
123.50000
169.66667
171.33334
183.58334
192.16667
201.50000
208.08334
213.50000
216.75000
220.41667
221.16667
220.83334
218.08334
211.91667
200.25000
187.16667
174.08334
164.41667
156.08334
147.16667
160.50000
157.00000
142.25000
135.00000
134.91667
148.41667
172.00000
185.25000
203.66667
209.33334
207.50000
207.41667
203.33334
194.50000
185.25000
174.66667
185.16667
167.25000
169.08334
176.91667
176.08334
168.83334
207.66667
186.16667
193.33334
193.83334
113.08334
109.16667
108.25000
99.83334
127.83334
167.50000
168.16667
184.25000
190.91667
198.33334
206.41667
213.41667
217.16667
218.66667
217.91667
217.41667
214.08334
208.58334
202.41667
192.91667
175.33334
159.08334
152.33334
152.00000
154.91667
148.08334
143.66667
135.91667
139.25000
151.66667
176.08334
190.08334
201.50000
206.00000
205.00000
204.00000
200.41667
192.91667
183.33334
172.08334
182.41667
172.00000
177.58334
180.66667
180.83334
176.91667
214.00000
193.58334
200.66667
185.83334
115.58334
108.41667
111.16667
91.00000
134.91667
156.33334
165.66667
183.66667
188.83334
197.00000
204.41667
209.83334
215.08334
214.66667
214.66667
212.66667
211.00000
207.58334
200.66667
191.50000
177.83334
171.08334
162.75000
158.83334
159.83334
154.83334
147.83334
143.00000
147.75000
160.83334
178.58334
189.41667
197.58334
201.50000
201.91667
201.33334
196.83334
189.33334
178.58334
178.41667
172.83334
168.50000
165.91667
167.58334
157.25000
158.58334
201.33334
200.58334
212.66667
208.66667
126.41667
113.50000
103.16667
84.75000
135.41667
147.00000
164.08334
180.58334
186.50000
194.33334
202.50000
207.33334
211.41667
209.66667
208.66667
207.91667
204.25000
199.33334
190.41667
184.00000
178.83334
173.33334
166.08334
167.91667
163.08334
162.00000
156.66667
146.83334
147.00000
158.00000
171.91667
184.00000
194.08334
198.66667
198.75000
197.33334
191.83334
185.00000
179.83334
177.58334
170.58334
167.25000
157.66667
160.91667
142.83334
153.50000
147.33334
147.08334
183.75000
216.50000
131.83334
103.50000
95.50000
87.91667
142.33334
132.33334
155.83334
175.50000
185.66667
190.50000
198.83334
205.16667
206.91667
205.58334
203.91667
205.41667
197.50000
186.25000
177.41667
175.58334
172.83334
173.08334
167.25000
168.50000
159.91667
160.00000
154.66667
147.08334
147.16667
152.83334
165.08334
173.33334
182.16667
190.83334
194.16667
193.83334
189.00000
179.16667
178.66667
177.41667
178.66667
176.50000
170.83334
165.66667
137.16667
168.00000
170.58334
176.50000
178.33334
197.16667
123.83334
98.58334
90.08334
98.91667
140.16667
121.25000
148.91667
171.41667
181.58334
186.83334
192.83334
200.41667
203.08334
204.83334
203.75000
196.75000
189.08334
183.41667
178.66667
173.50000
166.33334
169.25000
168.08334
171.16667
167.58334
163.83334
163.91667
157.00000
150.66667
146.83334
154.58334
161.50000
169.25000
173.50000
180.50000
187.00000
183.66667
183.16667
180.91667
171.08334
172.25000
167.83334
176.58334
157.08334
127.58334
143.08334
166.50000
201.33334
187.08334
182.41667
106.83334
92.41667
94.08334
124.00000
126.50000
111.58334
146.08334
163.91667
173.00000
178.50000
190.00000
195.16667
200.66667
201.75000
201.58334
199.33334
189.16667
184.16667
180.50000
173.00000
167.75000
169.83334
169.75000
166.83334
167.08334
170.00000
165.25000
160.00000
153.41667
145.91667
149.66667
159.33334
164.16667
168.16667
175.33334
184.41667
177.50000
173.33334
170.50000
168.50000
159.66667
161.83334
167.00000
151.75000
152.75000
132.91667
144.91667
181.91667
196.75000
170.58334
88.16667
90.75000
101.91667
136.50000
117.58334
110.08334
145.25000
147.58334
165.16667
172.25000
182.50000
191.16667
195.08334
198.50000
196.91667
192.83334
185.66667
178.25000
173.33334
175.41667
174.91667
177.50000
165.41667
167.50000
164.75000
157.66667
161.41667
159.58334
151.25000
149.25000
149.16667
156.08334
162.50000
159.91667
165.66667
174.83334
172.08334
162.16667
165.50000
180.83334
170.66667
157.91667
171.83334
156.08334
159.83334
132.58334
157.25000
151.16667
210.33334
191.91667
70.00000
80.91667
89.58334
132.33334
115.08334
114.75000
132.33334
138.75000
154.41667
168.08334
173.58334
187.00000
192.41667
196.50000
193.58334
188.25000
179.58334
174.83334
171.66667
166.83334
160.50000
158.75000
164.50000
160.75000
161.50000
155.75000
153.83334
154.25000
151.41667
149.83334
148.91667
156.75000
156.50000
150.33334
155.08334
164.41667
164.58334
157.58334
155.16667
171.83334
160.16667
149.08334
161.75000
143.33334
146.83334
149.66667
165.58334
151.08334
180.83334
176.66667
61.75000
81.16667
90.08334
128.00000
113.41667
120.66667
118.41667
132.91667
149.41667
157.66667
169.50000
182.91667
190.41667
191.33334
188.00000
182.33334
175.83334
172.00000
160.50000
151.08334
150.25000
152.66667
147.41667
151.08334
146.08334
144.58334
140.08334
138.41667
139.25000
136.25000
141.41667
150.50000
157.83334
153.41667
152.75000
157.25000
161.41667
149.91667
151.83334
146.33334
160.25000
152.58334
149.50000
139.75000
158.50000
133.33334
144.83334
163.83334
162.08334
165.66667
65.58334
84.00000
90.25000
119.00000
108.00000
127.75000
111.08334
135.50000
147.66667
148.66667
159.25000
179.16667
180.41667
188.41667
186.25000
178.00000
169.16667
166.41667
163.33334
161.66667
158.16667
152.91667
151.91667
151.16667
148.50000
142.58334
140.58334
140.41667
141.50000
143.66667
144.83334
152.75000
156.91667
154.25000
150.83334
155.00000
152.41667
143.08334
141.08334
142.83334
138.41667
157.41667
140.08334
145.58334
169.75000
144.00000
139.16667
165.83334
171.00000
145.50000
63.66667
90.91667
79.50000
109.00000
102.50000
125.25000
109.83334
132.58334
144.00000
145.16667
145.83334
174.66667
173.58334
180.66667
181.50000
176.16667
172.16667
179.58334
188.50000
179.50000
174.25000
169.83334
172.58334
168.50000
165.08334
164.25000
165.66667
162.91667
156.58334
147.91667
146.08334
149.41667
154.00000
156.91667
153.25000
151.33334
143.16667
142.83334
144.50000
125.25000
114.91667
128.33334
132.75000
155.33334
149.75000
152.50000
153.66667
153.66667
147.33334
147.16667
68.00000
90.50000
66.66667
108.58334
105.33334
114.16667
111.91667
129.58334
143.75000
145.83334
143.16667
166.75000
167.58334
170.50000
175.75000
176.58334
179.00000
189.58334
187.00000
184.83334
180.08334
174.33334
171.58334
164.91667
158.41667
153.25000
150.75000
150.58334
149.16667
149.41667
150.16667
148.75000
155.91667
152.91667
152.08334
142.91667
136.16667
129.00000
139.91667
129.66667
115.25000
109.66667
131.91667
140.16667
125.33334
144.08334
166.66667
149.75000
136.58334
139.00000
75.58334
90.83334
70.25000
108.91667
103.50000
100.75000
118.50000
124.33334
145.16667
146.91667
142.91667
164.16667
156.00000
160.41667
165.25000
172.41667
180.25000
185.58334
184.16667
181.75000
177.41667
168.25000
158.25000
152.41667
149.58334
148.00000
146.33334
143.83334
147.50000
149.08334
148.50000
148.75000
155.50000
146.41667
149.91667
138.25000
128.75000
121.75000
121.33334
126.75000
123.66667
113.25000
118.25000
136.00000
113.25000
127.16667
152.33334
147.83334
143.66667
129.91667
82.91667
90.25000
79.41667
94.08334
117.33334
110.58334
118.00000
128.41667
137.66667
146.25000
144.00000
162.41667
154.41667
147.66667
153.91667
166.00000
173.75000
180.00000
181.83334
179.75000
176.16667
167.33334
159.91667
154.58334
148.75000
145.33334
144.16667
144.91667
149.08334
148.41667
147.66667
149.25000
150.75000
141.58334
142.00000
131.00000
122.83334
116.08334
111.08334
115.25000
120.58334
104.08334
96.25000
116.75000
120.58334
130.16667
141.91667
128.16667
151.83334
134.83334
90.58334
95.33334
72.16667
97.25000
121.33334
107.75000
116.41667
121.50000
129.08334
142.33334
145.66667
158.00000
152.50000
140.41667
144.00000
153.83334
163.66667
168.08334
171.83334
173.00000
169.58334
164.00000
162.41667
159.33334
157.66667
153.58334
150.58334
147.66667
148.91667
152.58334
146.83334
147.08334
146.58334
137.83334
130.58334
129.25000
116.75000
111.41667
114.25000
104.75000
108.75000
92.83334
81.91667
98.33334
96.00000
121.83334
121.83334
140.83334
137.16667
116.41667
98.66667
100.41667
93.75000
95.25000
111.41667
106.75000
121.41667
115.58334
120.83334
135.66667
145.58334
158.58334
153.50000
137.91667
139.58334
142.91667
155.33334
160.08334
159.00000
161.33334
163.25000
164.00000
162.58334
162.50000
159.33334
155.41667
151.66667
148.58334
152.16667
153.00000
142.33334
144.25000
132.50000
132.75000
124.58334
118.66667
109.58334
111.00000
110.33334
103.00000
96.50000
92.08334
89.33334
84.08334
102.83334
145.33334
105.00000
141.16667
148.83334
130.50000
110.41667
94.41667
94.25000
90.00000
103.41667
112.41667
127.50000
116.66667
116.66667
125.16667
142.50000
157.75000
159.50000
144.66667
136.83334
139.83334
145.58334
152.08334
154.75000
151.00000
150.83334
152.58334
155.75000
159.00000
158.66667
156.75000
153.41667
148.66667
145.16667
140.08334
140.25000
138.91667
126.00000
126.00000
120.08334
103.41667
109.91667
105.58334
95.83334
101.58334
91.66667
81.33334
98.75000
97.91667
100.25000
140.41667
122.66667
96.83334
126.08334
136.83334
106.58334
111.16667
104.41667
91.75000
93.00000
112.16667
130.66667
116.58334
113.33334
121.50000
135.00000
151.91667
158.91667
145.75000
139.08334
142.33334
142.25000
150.58334
148.58334
147.83334
149.66667
153.41667
157.33334
158.75000
154.66667
149.75000
149.41667
142.91667
140.16667
134.58334
132.75000
118.83334
119.83334
122.16667
110.00000
104.25000
105.91667
97.83334
92.83334
102.41667
87.75000
83.66667
94.91667
99.75000
104.75000
105.91667
124.58334
111.33334
112.50000
133.66667
109.66667
107.91667
117.41667
92.91667
95.00000
113.58334
137.25000
124.33334
113.16667
112.41667
128.58334
144.75000
146.00000
145.58334
138.91667
138.75000
142.58334
147.58334
150.25000
149.41667
149.83334
147.91667
151.08334
152.83334
149.41667
145.58334
144.08334
139.25000
134.75000
134.00000
118.08334
113.00000
115.66667
114.83334
105.25000
101.33334
101.08334
86.58334
97.16667
104.66667
70.75000
86.33334
103.58334
90.83334
96.58334
83.33334
92.58334
125.91667
114.50000
111.50000
