47.50000
44.91667
40.08334
35.16667
32.08334
34.08334
35.41667
39.83334
43.41667
43.91667
40.66667
41.33334
40.25000
38.75000
37.25000
38.41667
37.00000
35.91667
40.00000
38.08334
39.41667
43.33334
49.25000
63.00000
78.08334
95.66667
100.08334
126.25000
146.91667
177.33334
193.66667
191.00000
185.91667
173.08334
157.16667
144.00000
126.25000
105.75000
81.16667
68.41667
52.08334
37.08334
27.58333
21.41667
17.33333
19.58333
30.58333
44.66667
61.16667
56.50000
41.00000
37.50000
37.91667
35.75000
32.33334
35.75000
39.83334
41.08334
41.58334
39.66667
37.58334
36.66667
35.66667
37.16667
41.58334
44.58334
43.25000
42.33334
44.00000
51.75000
58.25000
63.83334
77.58334
103.50000
117.00000
109.25000
124.75000
150.25000
182.50000
195.91667
198.50000
198.41667
191.33334
179.16667
170.33334
157.91667
139.91667
119.58334
92.08334
74.33334
58.66667
44.00000
34.91667
26.33333
19.25000
19.00000
30.66667
51.41667
63.50000
53.83334
36.00000
52.25000
43.83334
33.33334
34.08334
39.08334
37.83334
38.33334
37.00000
36.41667
40.16667
37.75000
35.91667
46.00000
51.83334
52.25000
55.41667
57.66667
64.08334
74.00000
82.58334
102.83334
116.16667
142.25000
134.33334
134.66667
150.50000
170.66667
199.75000
202.66667
201.08334
198.91667
191.25000
187.41667
184.08334
167.00000
153.50000
127.16667
102.50000
81.33334
58.16667
49.16667
34.58334
31.16667
20.91667
21.41667
27.83333
41.41667
56.83334
54.33334
33.50000
49.41667
37.25000
36.58334
41.41667
43.25000
39.33334
39.91667
44.08334
42.75000
42.33334
45.33334
56.83334
67.75000
64.08334
66.00000
69.83334
79.66667
86.50000
94.00000
114.41667
126.25000
140.91667
142.58334
127.16667
146.16667
165.25000
199.83334
203.91667
204.16667
202.25000
200.00000
195.83334
189.33334
187.08334
166.91667
151.33334
134.25000
117.50000
88.00000
65.66667
49.75000
39.66667
38.41667
29.33333
24.83333
28.25000
43.00000
51.83334
65.91667
37.91667
47.83334
47.83334
39.16667
46.83334
50.91667
46.83334
50.16667
53.33334
55.66667
59.66667
72.91667
77.25000
70.58334
70.58334
81.91667
89.08334
100.16667
109.00000
116.50000
117.66667
124.41667
121.25000
119.08334
138.75000
161.83334
190.66667
204.66667
206.50000
206.41667
205.75000
205.08334
199.91667
192.58334
181.00000
170.75000
162.41667
146.66667
119.75000
97.08334
72.33334
51.08334
49.91667
53.33334
34.00000
24.83333
30.91667
48.16667
54.75000
71.41667
53.83334
37.41667
59.66667
40.50000
49.25000
54.41667
54.33334
67.25000
75.58334
72.50000
96.16667
107.50000
106.16667
104.50000
107.66667
106.83334
112.00000
128.08334
149.58334
147.08334
143.16667
130.66667
142.08334
159.00000
186.66667
201.00000
208.08334
210.66667
210.58334
211.66667
209.16667
207.00000
203.00000
202.08334
197.25000
188.41667
173.41667
149.50000
136.66667
115.58334
84.25000
73.33334
64.25000
56.25000
38.33334
28.66667
30.66667
43.25000
58.83334
70.16667
57.41667
34.75000
64.50000
37.58334
50.33334
52.08334
61.83334
69.91667
87.41667
95.25000
124.83334
148.16667
143.25000
151.66667
147.91667
147.00000
161.16667
168.91667
170.08334
167.50000
179.33334
189.00000
200.66667
206.58334
209.00000
210.83334
212.75000
212.08334
210.50000
210.08334
208.66667
208.25000
204.41667
203.50000
200.25000
193.41667
184.91667
170.41667
156.75000
137.00000
105.25000
85.16667
78.50000
61.25000
45.58334
32.25000
30.58333
36.66667
58.58334
64.58334
69.33334
31.33333
63.50000
38.08334
57.58334
61.00000
70.91667
79.91667
102.25000
118.00000
138.66667
158.25000
167.66667
167.33334
172.25000
175.91667
184.83334
187.00000
194.33334
204.00000
206.00000
207.66667
209.16667
212.33334
213.08334
214.33334
214.66667
213.25000
211.41667
211.00000
209.91667
208.41667
205.50000
203.00000
200.41667
195.83334
188.33334
176.33334
161.58334
139.50000
112.66667
92.75000
80.66667
54.00000
50.33334
36.91667
33.91667
43.25000
56.83334
58.41667
77.08334
39.50000
66.41667
40.00000
57.33334
67.58334
73.50000
89.75000
108.91667
126.83334
153.00000
174.16667
176.41667
185.08334
194.16667
201.83334
205.25000
208.41667
209.66667
210.00000
211.50000
212.33334
214.00000
214.66667
214.16667
214.58334
213.83334
214.83334
214.16667
214.08334
211.75000
209.50000
207.00000
203.08334
200.00000
195.25000
189.08334
178.75000
164.25000
144.50000
124.50000
94.75000
80.58334
67.75000
53.25000
42.08334
40.75000
48.25000
64.33334
67.83334
75.33334
42.50000
66.08334
48.00000
59.58334
74.41667
85.33334
96.58334
122.08334
141.33334
172.41667
186.16667
192.75000
201.50000
203.66667
207.75000
211.91667
214.08334
216.16667
216.08334
215.66667
215.66667
216.00000
216.58334
217.33334
218.00000
219.00000
218.83334
217.75000
216.33334
214.33334
212.25000
209.83334
206.66667
202.58334
197.58334
191.08334
179.50000
166.16667
150.33334
126.16667
92.66667
84.91667
71.25000
52.75000
46.08334
46.25000
55.08334
67.58334
69.33334
67.25000
53.33334
60.08334
56.83334
57.50000
81.58334
91.25000
108.16667
134.08334
151.58334
185.08334
197.16667
202.41667
207.00000
212.25000
215.58334
217.16667
218.16667
219.66667
219.33334
219.41667
220.16667
221.16667
221.58334
222.16667
221.33334
222.00000
221.50000
220.08334
218.91667
217.33334
215.25000
212.16667
209.41667
206.25000
203.08334
196.08334
182.50000
166.25000
152.41667
131.33334
94.58334
82.66667
69.41667
55.16667
51.41667
46.16667
60.58334
67.33334
68.66667
60.75000
61.25000
57.83334
60.58334
54.25000
86.50000
93.75000
111.50000
134.16667
153.08334
184.66667
201.00000
207.08334
212.75000
217.08334
220.66667
222.08334
222.08334
222.91667
221.50000
221.41667
223.50000
224.16667
223.66667
223.00000
223.91667
223.66667
223.25000
221.83334
219.00000
217.00000
215.50000
214.66667
211.66667
209.16667
205.58334
201.33334
192.91667
170.41667
152.58334
129.08334
97.16667
78.66667
70.25000
62.75000
55.00000
48.75000
65.16667
65.75000
65.50000
62.00000
69.16667
51.58334
66.41667
53.75000
88.25000
94.83334
115.83334
132.91667
159.75000
191.91667
202.66667
207.33334
211.00000
215.83334
220.08334
221.83334
223.50000
223.58334
222.91667
223.25000
224.25000
224.08334
224.16667
223.50000
222.75000
224.83334
223.91667
220.16667
217.33334
215.25000
214.16667
212.58334
210.33334
205.33334
201.41667
198.33334
194.00000
181.33334
158.00000
130.50000
91.58334
77.25000
69.41667
63.66667
57.33334
54.08334
65.41667
66.75000
59.91667
69.00000
72.91667
46.58334
72.16667
52.33334
93.00000
98.25000
116.16667
134.58334
167.66667
191.08334
196.08334
192.41667
190.00000
190.25000
192.08334
201.66667
214.41667
220.83334
222.16667
222.00000
221.25000
220.91667
221.00000
219.75000
218.66667
219.25000
217.58334
216.00000
214.50000
210.83334
205.00000
193.66667
192.41667
192.33334
187.00000
178.16667
171.66667
170.08334
162.91667
138.58334
95.66667
76.08334
68.91667
62.33334
53.91667
58.25000
64.00000
65.41667
56.08334
70.25000
75.16667
51.91667
75.25000
54.50000
93.50000
106.41667
118.25000
141.83334
166.33334
180.25000
179.16667
166.33334
156.33334
143.41667
126.91667
119.50000
130.66667
159.33334
192.25000
211.16667
215.25000
217.33334
217.08334
214.08334
213.58334
211.66667
210.58334
206.83334
189.00000
173.08334
154.41667
137.25000
132.50000
129.16667
139.83334
144.25000
146.25000
147.58334
154.08334
144.83334
109.75000
79.58334
71.41667
59.83334
54.58334
61.33334
66.75000
65.91667
63.41667
70.50000
77.50000
54.50000
73.00000
62.83334
94.91667
115.16667
119.91667
143.50000
165.91667
178.91667
178.91667
173.91667
162.91667
137.25000
108.75000
93.58334
85.83334
92.75000
130.08334
177.08334
199.75000
207.08334
209.41667
207.91667
207.50000
204.83334
197.58334
180.91667
152.33334
109.00000
72.83334
56.75000
64.66667
73.58334
102.08334
116.66667
126.33334
123.08334
131.16667
136.66667
122.33334
85.33334
80.25000
63.91667
57.25000
64.58334
74.50000
66.58334
73.83334
66.41667
77.58334
50.58334
82.83334
74.75000
99.08334
136.25000
123.83334
150.33334
170.66667
183.41667
177.33334
162.41667
141.58334
122.33334
100.41667
92.58334
102.08334
106.41667
119.91667
144.75000
172.91667
192.16667
204.25000
208.91667
204.91667
192.33334
174.08334
146.83334
113.08334
82.83334
72.16667
64.50000
64.75000
92.25000
113.16667
121.33334
126.58334
123.00000
117.25000
119.41667
119.50000
85.16667
85.41667
73.83334
57.00000
71.33334
70.50000
77.50000
70.91667
63.91667
84.00000
51.08334
89.50000
93.00000
110.33334
142.91667
129.91667
161.08334
173.66667
172.33334
137.33334
106.08334
119.50000
83.91667
76.00000
73.25000
112.00000
106.83334
117.75000
133.08334
164.25000
188.33334
208.83334
217.50000
211.75000
190.33334
156.00000
115.16667
90.50000
85.66667
110.33334
104.00000
85.08334
70.66667
91.08334
90.66667
119.58334
128.75000
122.25000
119.16667
112.75000
88.33334
91.50000
80.66667
75.83334
76.91667
76.75000
78.75000
61.75000
80.91667
89.83334
61.58334
90.75000
100.25000
116.33334
142.41667
144.00000
169.00000
178.83334
150.66667
108.08334
114.25000
125.91667
82.75000
66.33334
77.16667
139.58334
134.16667
121.41667
138.41667
163.50000
192.16667
215.00000
223.00000
217.75000
194.58334
148.75000
106.58334
100.91667
105.66667
138.75000
122.16667
105.33334
87.00000
97.33334
87.75000
71.91667
117.25000
135.50000
135.41667
122.33334
110.50000
91.50000
91.16667
92.16667
85.83334
83.66667
82.25000
58.66667
83.91667
100.25000
73.00000
88.33334
100.16667
119.33334
145.16667
159.00000
174.41667
177.00000
147.75000
122.08334
120.16667
127.75000
117.83334
102.33334
115.00000
153.75000
142.83334
142.33334
168.08334
168.25000
191.91667
212.75000
220.50000
216.58334
193.08334
146.33334
116.25000
121.41667
117.41667
109.16667
141.83334
99.58334
89.50000
104.16667
107.75000
104.58334
85.58334
120.83334
135.08334
134.08334
132.50000
107.16667
103.58334
115.25000
96.33334
87.83334
87.00000
74.08334
84.00000
97.41667
89.08334
93.25000
110.33334
125.25000
150.08334
166.75000
172.25000
178.75000
168.25000
147.50000
152.08334
146.75000
164.83334
129.00000
122.25000
136.41667
139.50000
159.00000
177.41667
182.75000
193.75000
210.91667
216.66667
213.75000
191.25000
154.16667
133.91667
147.00000
126.41667
104.50000
120.75000
123.50000
119.83334
122.00000
119.08334
118.16667
111.83334
120.50000
139.50000
142.33334
138.25000
121.33334
102.08334
127.16667
126.83334
92.91667
91.00000
93.25000
89.66667
92.50000
102.16667
98.41667
115.66667
128.33334
156.00000
177.41667
184.08334
189.16667
175.41667
163.66667
171.25000
183.25000
161.66667
150.58334
134.50000
122.50000
131.83334
168.58334
191.41667
191.00000
195.50000
206.66667
212.91667
208.41667
185.08334
156.08334
154.83334
147.41667
142.58334
123.66667
116.33334
133.75000
143.75000
142.41667
140.58334
139.75000
139.33334
147.41667
151.25000
149.16667
139.58334
129.91667
123.58334
147.83334
127.25000
101.91667
94.83334
99.83334
93.00000
109.83334
128.66667
111.33334
137.66667
130.91667
167.91667
192.33334
198.33334
196.83334
182.33334
185.08334
189.00000
187.41667
178.91667
168.00000
156.33334
156.08334
164.58334
187.16667
192.75000
195.66667
198.25000
205.83334
213.91667
209.66667
189.33334
160.58334
163.91667
162.58334
163.25000
149.75000
143.58334
153.75000
162.16667
164.08334
162.91667
162.91667
165.16667
172.66667
175.00000
168.41667
163.00000
152.50000
156.25000
152.16667
138.91667
114.25000
93.00000
99.25000
104.91667
117.00000
120.58334
111.25000
144.75000
147.83334
169.50000
198.66667
202.50000
199.83334
200.91667
200.33334
201.00000
197.00000
195.41667
193.41667
188.33334
189.41667
192.75000
197.66667
199.58334
197.16667
201.91667
209.00000
217.66667
211.33334
192.50000
165.00000
165.08334
172.41667
180.91667
182.25000
183.16667
185.00000
184.83334
183.83334
186.50000
188.16667
187.25000
182.16667
182.00000
180.75000
177.58334
169.00000
165.33334
163.33334
146.83334
123.66667
108.50000
125.50000
116.75000
125.83334
131.08334
127.41667
139.25000
163.75000
173.00000
200.00000
205.58334
208.58334
209.50000
208.91667
206.58334
205.08334
204.41667
202.83334
205.08334
205.33334
205.00000
204.66667
203.08334
198.16667
203.91667
209.91667
216.83334
210.41667
196.00000
169.08334
164.33334
169.08334
185.25000
195.58334
199.41667
200.33334
199.91667
200.91667
204.16667
202.50000
198.66667
192.50000
188.00000
186.83334
182.75000
166.83334
168.33334
165.41667
147.91667
131.41667
119.33334
135.16667
134.41667
143.66667
139.66667
139.75000
143.58334
163.50000
174.00000
197.58334
205.83334
210.75000
210.58334
214.50000
212.25000
211.33334
210.83334
210.66667
211.33334
211.33334
209.25000
206.83334
201.66667
201.33334
203.41667
210.58334
216.50000
210.33334
196.75000
175.58334
162.50000
166.75000
182.50000
195.83334
203.25000
205.91667
206.50000
205.58334
207.58334
207.83334
205.41667
197.50000
189.50000
186.66667
180.41667
168.16667
161.33334
163.58334
152.75000
135.58334
126.83334
142.83334
142.08334
141.75000
143.25000
145.83334
157.00000
150.66667
181.08334
198.83334
203.58334
208.41667
214.16667
214.83334
215.16667
213.33334
213.25000
214.25000
214.50000
212.75000
209.83334
205.91667
199.33334
203.91667
206.00000
212.00000
215.25000
211.83334
199.16667
178.50000
162.33334
161.75000
177.25000
193.91667
203.00000
206.41667
209.00000
208.00000
209.08334
209.83334
207.58334
200.91667
191.66667
186.75000
179.25000
168.41667
165.50000
161.16667
161.75000
135.83334
139.83334
167.91667
143.91667
131.58334
141.08334
149.66667
160.75000
159.08334
180.75000
199.41667
201.83334
207.41667
212.91667
215.08334
215.83334
215.33334
215.08334
214.83334
214.00000
211.66667
211.16667
203.00000
199.25000
204.83334
207.91667
212.16667
215.58334
212.75000
200.75000
181.83334
166.75000
162.66667
167.50000
188.00000
200.41667
206.00000
209.66667
210.16667
210.41667
210.25000
207.08334
201.08334
192.75000
182.91667
171.58334
161.41667
166.50000
161.33334
160.41667
133.08334
161.41667
164.91667
142.83334
121.08334
130.66667
159.50000
157.75000
167.16667
177.58334
194.83334
201.91667
207.33334
212.00000
215.33334
217.00000
216.25000
214.91667
215.58334
211.25000
209.41667
208.16667
202.08334
202.41667
206.25000
207.41667
211.16667
216.91667
213.00000
203.75000
187.33334
172.83334
165.50000
170.58334
179.33334
193.83334
202.66667
208.16667
210.08334
211.08334
209.08334
205.41667
200.08334
190.91667
181.66667
164.50000
156.83334
162.33334
154.33334
157.25000
131.16667
164.25000
168.58334
131.75000
142.08334
133.66667
165.58334
156.83334
164.66667
174.08334
198.16667
199.75000
204.83334
209.08334
213.33334
215.25000
216.66667
215.66667
213.58334
208.91667
207.75000
204.50000
202.00000
202.25000
204.75000
208.83334
213.16667
216.75000
212.58334
207.33334
193.33334
164.16667
164.66667
172.75000
175.50000
185.58334
194.58334
202.41667
207.08334
209.41667
208.41667
204.58334
198.33334
188.08334
178.58334
169.83334
156.08334
160.41667
152.16667
154.00000
136.91667
169.50000
183.00000
127.08334
137.58334
138.41667
164.50000
144.58334
143.50000
170.33334
193.16667
198.08334
202.41667
208.50000
212.41667
214.33334
214.08334
212.75000
210.08334
206.91667
203.00000
197.25000
199.16667
191.25000
195.75000
192.66667
195.83334
208.58334
201.75000
193.58334
171.91667
161.00000
144.91667
156.25000
169.16667
185.33334
186.16667
194.91667
204.41667
207.75000
206.66667
203.08334
195.50000
185.41667
171.16667
157.75000
150.83334
153.25000
142.83334
143.41667
152.33334
177.75000
181.66667
127.91667
128.16667
140.91667
162.91667
158.41667
133.75000
154.50000
181.33334
194.91667
199.16667
205.58334
209.66667
210.66667
211.50000
209.66667
205.58334
203.83334
202.75000
196.66667
177.41667
149.58334
149.83334
171.33334
182.66667
188.58334
157.00000
141.33334
143.25000
123.00000
130.33334
153.41667
168.41667
185.50000
189.33334
192.00000
201.25000
205.00000
203.58334
199.66667
192.33334
178.33334
167.75000
159.00000
146.58334
141.58334
152.83334
141.50000
154.16667
180.58334
184.66667
140.25000
131.83334
125.66667
159.50000
149.91667
140.08334
152.50000
156.25000
193.91667
194.83334
201.66667
205.58334
206.83334
205.00000
204.16667
200.16667
204.25000
202.91667
197.50000
184.50000
172.25000
170.75000
162.66667
149.58334
131.58334
135.83334
132.41667
134.41667
132.91667
146.83334
160.25000
176.75000
190.50000
194.50000
192.58334
195.33334
199.91667
200.58334
196.50000
187.58334
171.16667
161.41667
158.66667
145.91667
146.41667
154.16667
132.41667
153.58334
184.33334
177.75000
133.25000
122.83334
121.50000
140.16667
138.58334
138.00000
158.91667
145.16667
180.41667
192.66667
197.41667
201.91667
200.91667
201.83334
197.16667
201.16667
202.25000
203.33334
201.58334
198.75000
190.33334
189.50000
188.50000
176.41667
166.25000
168.16667
153.16667
163.41667
160.41667
161.58334
176.41667
181.75000
190.41667
191.33334
188.75000
187.00000
190.41667
194.83334
191.50000
180.91667
163.41667
157.16667
150.83334
143.00000
152.66667
141.33334
149.08334
176.08334
191.00000
175.50000
90.41667
134.25000
92.25000
113.00000
141.25000
142.58334
163.33334
140.66667
173.66667
191.16667
194.16667
197.83334
197.00000
197.66667
198.33334
201.66667
201.16667
201.25000
198.91667
198.75000
194.66667
195.75000
195.66667
193.58334
192.50000
195.75000
185.66667
184.16667
182.75000
181.16667
187.66667
184.91667
183.91667
179.41667
180.41667
179.91667
183.00000
185.58334
185.91667
175.50000
162.58334
160.00000
150.91667
129.91667
148.25000
130.16667
155.50000
178.25000
184.25000
171.08334
91.25000
124.91667
101.08334
123.91667
106.00000
140.91667
155.00000
126.66667
168.41667
188.33334
190.00000
196.33334
192.58334
196.00000
198.08334
195.66667
195.58334
194.75000
197.66667
199.08334
198.41667
202.41667
203.25000
199.75000
204.50000
202.83334
198.08334
201.08334
199.91667
195.50000
191.41667
186.41667
183.41667
176.50000
177.00000
176.25000
177.50000
180.58334
180.41667
170.75000
159.75000
161.50000
150.08334
134.66667
146.50000
125.66667
160.25000
165.91667
172.91667
145.83334
80.33334
126.16667
110.66667
115.66667
96.75000
137.41667
126.16667
120.75000
162.91667
184.91667
191.91667
194.41667
193.58334
196.16667
195.58334
191.83334
189.08334
189.50000
192.75000
194.00000
196.66667
199.33334
196.25000
198.41667
199.16667
198.83334
192.91667
192.41667
193.75000
186.75000
185.58334
181.00000
171.16667
166.91667
165.75000
166.58334
177.16667
172.83334
176.66667
164.33334
159.08334
160.25000
146.91667
147.50000
144.41667
138.66667
156.66667
160.58334
168.50000
168.66667
85.08334
136.83334
107.91667
117.25000
96.75000
122.00000
116.83334
124.75000
141.58334
180.41667
192.66667
193.50000
194.50000
193.58334
191.75000
185.25000
178.75000
180.33334
185.08334
193.50000
187.91667
189.83334
184.41667
187.58334
189.41667
190.50000
182.83334
169.33334
168.91667
151.58334
145.41667
134.83334
137.00000
134.75000
144.00000
152.16667
170.66667
174.08334
174.00000
160.75000
155.33334
159.66667
141.50000
160.83334
142.58334
169.91667
179.83334
187.83334
164.83334
200.08334
102.91667
123.66667
113.41667
120.25000
93.58334
114.00000
109.83334
128.33334
129.41667
173.00000
192.75000
195.50000
196.50000
193.41667
194.50000
191.83334
176.41667
163.83334
150.00000
159.33334
165.83334
162.58334
177.16667
168.41667
175.00000
165.16667
165.66667
169.91667
164.75000
172.25000
153.66667
132.08334
119.66667
129.58334
142.66667
158.66667
171.91667
179.08334
170.08334
156.91667
156.41667
157.91667
140.58334
162.83334
129.25000
192.00000
184.50000
191.16667
168.25000
200.16667
114.16667
118.25000
120.58334
110.33334
95.91667
105.00000
96.16667
138.50000
126.58334
170.00000
191.58334
196.16667
195.91667
195.50000
196.00000
188.75000
158.41667
135.08334
138.08334
144.91667
168.16667
173.25000
174.00000
163.91667
166.16667
161.25000
164.33334
167.50000
165.16667
161.25000
155.08334
144.00000
140.83334
156.00000
156.16667
171.08334
171.75000
175.00000
161.33334
150.75000
163.58334
151.58334
146.00000
158.25000
130.08334
179.25000
183.50000
187.16667
177.00000
199.25000
129.66667
97.83334
99.91667
100.83334
104.41667
99.08334
74.08334
138.83334
122.75000
163.75000
187.08334
195.50000
197.00000
198.41667
197.50000
180.16667
163.50000
146.08334
146.00000
157.41667
144.25000
130.08334
140.50000
144.41667
159.58334
162.00000
150.58334
152.66667
140.58334
143.00000
140.16667
133.08334
141.66667
150.33334
153.25000
169.00000
176.41667
165.33334
152.66667
147.25000
164.41667
147.58334
163.50000
150.00000
172.00000
177.16667
191.16667
193.58334
201.66667
193.08334
123.50000
96.08334
105.08334
96.83334
111.08334
98.00000
75.75000
138.25000
120.91667
142.83334
174.33334
192.33334
198.66667
200.16667
198.91667
195.00000
185.41667
166.75000
158.58334
153.66667
152.25000
148.58334
169.33334
153.00000
165.16667
162.83334
155.00000
156.50000
153.83334
133.91667
118.25000
125.50000
141.91667
155.50000
160.25000
167.08334
171.41667
157.33334
144.00000
149.58334
159.08334
142.25000
164.66667
140.25000
197.58334
188.58334
192.25000
184.50000
210.83334
193.25000
123.75000
95.50000
113.50000
87.00000
97.66667
91.16667
88.83334
128.00000
103.66667
123.91667
145.50000
185.16667
195.83334
199.66667
199.91667
197.41667
196.08334
191.66667
187.91667
182.16667
182.41667
182.25000
177.66667
176.66667
178.50000
183.00000
175.08334
167.50000
158.50000
140.33334
134.25000
137.41667
155.33334
160.08334
161.58334
167.91667
164.41667
150.58334
139.25000
160.33334
153.16667
147.50000
155.75000
131.58334
189.25000
191.16667
199.83334
177.16667
202.08334
183.33334
122.75000
87.25000
130.33334
89.91667
97.33334
80.66667
93.25000
114.08334
80.33334
110.16667
131.41667
171.75000
189.58334
197.41667
199.50000
197.91667
198.66667
198.50000
196.16667
193.00000
185.83334
179.33334
183.91667
180.41667
177.41667
173.33334
166.41667
160.00000
155.16667
157.75000
154.08334
151.16667
155.83334
159.91667
172.00000
171.50000
159.00000
145.50000
139.75000
155.33334
140.25000
143.33334
145.00000
159.41667
183.25000
183.58334
194.50000
193.83334
202.33334
186.75000
124.75000
91.41667
131.00000
79.16667
80.66667
66.16667
99.91667
95.00000
72.91667
97.00000
123.25000
156.00000
179.91667
191.91667
196.08334
196.00000
197.08334
198.33334
198.16667
197.25000
192.83334
185.66667
183.08334
182.75000
175.75000
178.25000
174.83334
176.08334
171.50000
168.58334
161.75000
160.58334
163.25000
165.75000
172.50000
170.50000
156.25000
141.00000
135.25000
126.83334
129.00000
130.75000
112.83334
160.33334
177.00000
179.58334
175.91667
202.08334
201.91667
193.91667
124.91667
98.08334
118.83334
86.41667
79.08334
64.50000
100.50000
91.16667
79.58334
84.16667
106.91667
139.33334
161.08334
180.41667
192.16667
196.33334
196.91667
197.00000
198.41667
199.08334
199.00000
196.66667
194.25000
191.00000
186.16667
182.00000
181.08334
181.75000
179.75000
177.00000
170.33334
167.08334
164.16667
170.08334
175.41667
167.00000
152.16667
134.58334
129.91667
122.58334
114.91667
115.91667
103.33334
126.08334
152.33334
170.08334
167.00000
195.83334
192.66667
197.16667
110.50000
101.33334
106.25000
91.58334
85.83334
75.50000
93.16667
79.00000
73.25000
78.83334
89.83334
124.33334
148.83334
159.33334
180.33334
192.00000
196.58334
197.08334
198.25000
200.50000
200.83334
201.08334
199.66667
194.83334
194.25000
194.00000
196.00000
192.91667
193.16667
187.41667
183.16667
176.25000
171.41667
176.83334
175.58334
163.08334
141.66667
132.16667
123.16667
114.58334
110.08334
94.66667
87.91667
116.66667
138.16667
166.91667
164.33334
190.75000
181.66667
190.25000
119.58334
118.33334
107.66667
98.75000
93.75000
82.66667
86.41667
76.33334
70.00000
77.91667
77.66667
107.91667
141.50000
153.25000
161.91667
179.66667
193.25000
197.50000
199.00000
201.75000
204.33334
206.08334
204.08334
202.66667
201.41667
202.33334
199.83334
198.33334
196.08334
193.50000
188.16667
182.83334
177.83334
181.33334
167.58334
151.83334
130.00000
124.75000
115.16667
109.41667
103.50000
86.75000
91.91667
104.91667
118.50000
137.41667
153.16667
184.91667
167.33334
176.50000
125.75000
134.83334
105.75000
110.58334
108.08334
94.08334
86.91667
77.66667
72.75000
72.75000
81.00000
91.16667
122.25000
137.66667
151.50000
160.41667
176.75000
188.25000
196.50000
200.83334
206.25000
208.00000
207.08334
206.83334
207.75000
205.25000
203.16667
202.58334
199.50000
199.16667
193.75000
187.08334
182.91667
174.50000
154.75000
133.66667
128.66667
117.50000
103.00000
87.83334
88.83334
76.75000
86.66667
108.00000
105.50000
103.75000
163.16667
172.58334
186.33334
180.83334
121.50000
132.33334
104.08334
112.25000
113.58334
95.33334
94.66667
80.66667
74.83334
68.50000
79.25000
86.08334
106.00000
117.25000
129.33334
147.75000
159.41667
169.41667
185.58334
194.83334
203.25000
205.25000
207.91667
208.25000
206.75000
205.50000
204.66667
202.91667
200.50000
199.16667
194.75000
185.25000
179.00000
161.33334
135.16667
119.83334
115.41667
104.58334
89.58334
83.08334
89.00000
69.08334
85.66667
105.66667
110.41667
89.75000
158.58334
142.16667
170.41667
195.41667
