73.08334
54.41667
46.50000
41.41667
42.41667
37.33334
26.75000
26.00000
24.66667
26.91667
29.00000
26.91667
27.75000
30.08333
21.66667
20.08333
18.00000
13.75000
16.25000
15.75000
14.91667
16.33333
14.50000
13.00000
11.16667
9.25000
7.83333
8.08333
7.16667
6.75000
6.25000
5.50000
7.50000
8.16667
10.33333
11.75000
10.08333
8.08333
9.75000
15.66667
23.00000
30.00000
30.83333
40.66667
46.75000
60.08334
62.50000
86.58334
94.33334
96.16667
66.08334
43.33334
46.33334
43.16667
41.16667
32.41667
25.16667
24.58333
27.66667
27.58333
24.58333
25.50000
19.50000
26.16667
25.91667
25.00000
19.33333
18.33333
15.83333
15.16667
18.33333
17.91667
14.66667
16.50000
14.50000
11.50000
9.75000
9.91667
8.75000
9.91667
9.50000
10.66667
9.66667
10.83333
8.58333
7.41667
9.41667
12.66667
12.08333
8.75000
18.08333
29.75000
34.66667
37.00000
42.50000
49.66667
58.25000
82.25000
92.33334
94.91667
54.16667
43.25000
45.16667
44.83334
42.25000
33.83334
35.91667
31.83333
34.16667
27.08333
25.83333
20.16667
21.83333
18.58333
21.33333
25.08333
16.91667
17.33333
20.00000
17.91667
20.66667
22.83333
24.00000
19.75000
19.33333
20.75000
19.83333
18.08333
16.00000
14.41667
14.08333
10.58333
11.58333
11.00000
10.16667
13.08333
9.25000
9.50000
8.91667
10.16667
17.75000
23.75000
34.33334
42.00000
42.08334
44.41667
61.08334
67.41667
81.41667
92.66667
51.58334
51.33334
52.58334
49.16667
40.75000
37.75000
44.41667
44.00000
33.08334
35.58334
27.66667
21.33333
16.75000
23.25000
29.50000
29.41667
29.75000
37.41667
37.41667
35.41667
39.66667
43.08334
44.83334
47.66667
48.08334
42.50000
42.16667
37.41667
33.00000
27.91667
20.83333
15.83333
14.33333
12.75000
18.33333
16.83333
16.75000
16.75000
13.50000
13.00000
14.33333
23.66667
34.41667
39.33334
41.16667
45.33334
53.08334
62.08334
73.41667
89.83334
47.25000
52.66667
44.25000
42.66667
33.00000
39.08334
44.25000
38.25000
36.50000
35.25000
31.50000
29.00000
24.08333
27.16667
35.83334
48.00000
52.91667
63.50000
62.75000
61.58334
69.33334
72.66667
74.58334
85.41667
86.33334
86.08334
82.41667
78.00000
69.33334
58.83334
43.41667
36.00000
29.83333
24.16667
18.58333
15.66667
14.58333
16.00000
19.00000
18.75000
21.58333
24.58333
36.75000
36.91667
37.83334
40.75000
52.91667
63.08334
65.41667
83.83334
47.25000
40.75000
45.50000
37.83334
33.16667
32.75000
32.41667
32.91667
38.00000
40.58334
34.00000
29.50000
28.33333
38.33334
53.00000
62.08334
77.25000
82.75000
82.25000
85.91667
94.83334
96.25000
98.75000
102.58334
109.83334
118.08334
114.41667
104.50000
103.83334
92.83334
89.41667
79.41667
63.83334
55.08334
37.16667
31.58333
27.50000
24.50000
21.08333
25.16667
22.58333
24.08333
35.50000
43.75000
39.58334
34.00000
42.66667
53.83334
63.83334
76.83334
44.25000
40.50000
38.08334
36.75000
38.50000
36.33334
26.16667
29.91667
43.50000
49.33334
41.33334
38.08334
41.58334
62.08334
71.50000
79.41667
91.75000
99.16667
104.50000
107.66667
117.25000
116.16667
120.58334
128.66667
133.83334
134.83334
131.75000
129.08334
128.08334
118.75000
113.58334
108.91667
98.91667
94.16667
80.66667
63.75000
44.41667
38.50000
33.08334
26.66667
30.41667
32.75000
36.75000
33.33334
36.25000
37.50000
35.00000
51.00000
58.16667
71.83334
46.16667
37.66667
30.91667
36.66667
34.25000
33.50000
31.41667
37.75000
53.66667
54.16667
55.33334
64.00000
57.16667
84.25000
83.58334
91.16667
106.00000
110.83334
119.08334
123.00000
129.08334
134.50000
137.50000
141.25000
145.75000
148.41667
146.25000
146.75000
141.75000
133.83334
130.00000
127.58334
126.25000
120.41667
107.83334
96.08334
73.91667
50.66667
39.50000
36.83334
38.16667
36.25000
35.33334
35.91667
28.75000
26.66667
32.08334
44.66667
56.50000
69.83334
46.50000
35.58334
29.66667
39.00000
40.75000
32.50000
36.83334
44.25000
59.08334
73.33334
77.50000
79.33334
83.75000
93.75000
87.16667
103.16667
112.08334
119.33334
125.50000
130.91667
137.50000
140.41667
145.08334
151.16667
157.16667
156.58334
157.00000
151.41667
149.91667
148.16667
143.75000
141.91667
139.50000
130.91667
120.50000
109.25000
98.41667
79.08334
61.16667
48.25000
41.33334
37.66667
32.83334
34.66667
29.66667
24.66667
29.25000
39.00000
53.41667
66.16667
46.58334
34.33334
32.91667
39.75000
43.75000
43.91667
49.25000
54.08334
71.16667
76.91667
87.00000
96.75000
105.33334
107.50000
109.83334
112.83334
127.16667
130.33334
137.91667
141.16667
147.83334
155.33334
158.75000
160.75000
165.25000
164.66667
167.25000
167.00000
162.91667
160.83334
160.91667
154.33334
147.16667
143.83334
134.08334
122.00000
117.16667
97.41667
75.91667
60.25000
43.91667
41.83334
32.00000
29.33333
34.16667
27.25000
30.41667
40.50000
51.50000
63.58334
45.83334
32.50000
37.91667
42.33334
49.66667
50.00000
55.66667
65.00000
78.33334
86.75000
100.83334
111.91667
114.41667
118.91667
127.33334
133.58334
137.75000
148.83334
154.16667
155.16667
165.16667
169.91667
173.00000
174.33334
172.91667
175.50000
176.41667
176.83334
173.83334
172.33334
170.08334
165.41667
157.25000
153.41667
147.41667
136.50000
127.91667
113.00000
91.25000
75.41667
50.91667
43.00000
43.08334
37.91667
29.58333
25.83333
39.41667
44.00000
59.41667
61.50000
47.58334
40.83334
40.58334
50.33334
60.08334
67.41667
72.33334
78.08334
85.08334
97.58334
110.58334
117.66667
118.91667
124.91667
135.83334
142.00000
144.58334
155.50000
169.75000
172.25000
178.50000
179.16667
183.16667
184.41667
188.00000
189.08334
192.08334
190.25000
186.66667
181.08334
177.33334
172.83334
175.50000
173.25000
167.33334
150.75000
135.25000
123.16667
106.25000
84.83334
60.25000
45.75000
36.83334
41.58334
22.66667
20.25000
34.16667
41.00000
59.16667
64.33334
53.00000
47.08334
46.91667
58.16667
74.00000
74.66667
88.50000
94.00000
92.83334
101.83334
112.91667
114.50000
120.16667
133.75000
142.66667
147.33334
149.75000
154.16667
166.08334
174.41667
178.25000
181.08334
186.00000
188.66667
193.00000
200.91667
200.41667
197.75000
191.16667
187.83334
181.75000
179.33334
177.33334
176.08334
171.66667
161.75000
144.83334
130.00000
114.83334
89.50000
68.00000
47.08334
35.50000
34.33334
28.33333
20.91667
31.33333
39.75000
52.41667
65.41667
55.50000
55.25000
50.16667
63.33334
76.83334
86.91667
99.83334
107.08334
104.58334
114.16667
114.83334
117.58334
133.75000
144.16667
142.75000
150.08334
153.33334
158.33334
163.08334
171.91667
181.00000
182.91667
185.75000
189.75000
190.58334
199.33334
202.58334
198.58334
190.33334
183.66667
182.16667
181.25000
176.50000
174.75000
171.00000
162.58334
145.16667
133.33334
120.91667
94.33334
71.75000
54.75000
33.16667
29.83333
31.75000
19.50000
34.66667
42.33334
54.25000
67.50000
60.66667
57.66667
61.66667
68.08334
77.91667
87.75000
99.25000
113.41667
108.16667
114.25000
110.91667
119.25000
115.66667
117.50000
118.00000
121.66667
123.08334
122.16667
128.41667
141.50000
151.00000
173.50000
183.00000
185.91667
191.50000
194.25000
192.25000
189.66667
187.08334
182.33334
171.75000
173.25000
167.08334
170.25000
165.41667
165.00000
158.66667
142.91667
121.33334
101.83334
80.58334
58.08334
32.66667
26.16667
26.50000
23.50000
40.83334
40.33334
50.83334
72.91667
70.66667
64.16667
62.91667
74.83334
78.58334
96.58334
107.41667
117.58334
108.91667
108.16667
104.08334
92.33334
89.91667
93.75000
105.16667
103.50000
98.66667
82.33334
90.58334
102.00000
116.83334
129.50000
165.00000
185.33334
184.33334
185.91667
179.83334
176.16667
178.08334
171.25000
158.25000
149.25000
139.66667
134.91667
123.83334
127.58334
129.50000
136.41667
124.66667
105.33334
82.91667
59.25000
33.83334
24.08333
29.91667
39.33334
43.91667
42.08334
45.50000
75.66667
78.50000
69.41667
65.50000
76.41667
82.41667
107.33334
113.91667
109.00000
105.66667
106.33334
95.75000
113.50000
127.83334
135.33334
139.08334
133.16667
124.50000
115.41667
93.75000
80.50000
102.41667
119.41667
140.58334
170.25000
180.00000
180.91667
174.50000
171.00000
168.41667
141.58334
120.83334
111.16667
94.16667
90.75000
94.50000
104.25000
115.50000
122.08334
109.08334
104.25000
83.50000
60.50000
45.25000
25.58333
39.33334
53.41667
53.16667
47.66667
49.08334
76.00000
95.33334
75.58334
69.25000
74.75000
97.75000
108.66667
115.41667
109.91667
116.41667
121.25000
131.58334
143.08334
146.41667
148.75000
139.25000
130.00000
131.58334
133.41667
132.16667
140.58334
142.33334
132.50000
137.00000
159.91667
178.16667
179.83334
169.33334
164.50000
153.58334
121.50000
91.91667
71.08334
65.00000
68.66667
92.00000
93.50000
98.16667
104.58334
99.58334
84.50000
80.41667
61.83334
44.50000
32.50000
50.91667
57.33334
58.66667
58.33334
61.75000
75.91667
100.75000
88.25000
80.50000
83.33334
106.41667
112.25000
121.58334
119.25000
128.41667
141.91667
148.33334
147.66667
140.91667
126.91667
123.66667
110.00000
116.33334
124.75000
123.08334
125.16667
134.50000
139.50000
141.91667
157.91667
173.33334
185.58334
181.08334
167.91667
143.16667
130.08334
120.16667
106.83334
111.50000
103.91667
115.41667
118.16667
128.33334
135.75000
126.66667
96.50000
78.08334
71.66667
57.75000
41.25000
68.08334
59.16667
58.83334
64.25000
71.66667
82.50000
100.41667
108.83334
91.83334
84.58334
110.66667
115.58334
127.16667
128.41667
133.41667
144.75000
154.33334
145.50000
132.41667
107.00000
117.08334
121.00000
107.50000
106.58334
132.58334
130.00000
131.00000
149.33334
156.00000
165.50000
185.75000
188.33334
192.83334
167.00000
142.16667
135.25000
134.16667
133.66667
130.50000
118.33334
112.16667
113.50000
116.41667
131.50000
135.33334
125.75000
95.08334
75.83334
66.58334
51.66667
75.41667
60.75000
61.41667
66.50000
73.16667
86.91667
106.41667
115.75000
112.25000
99.91667
103.83334
122.08334
129.91667
141.16667
143.41667
156.75000
157.50000
150.25000
148.00000
141.16667
141.66667
129.16667
131.08334
133.41667
151.16667
147.50000
148.58334
155.50000
167.16667
172.08334
185.66667
193.50000
193.91667
169.25000
137.00000
139.41667
121.75000
145.08334
151.91667
108.33334
113.08334
109.33334
117.16667
118.16667
132.16667
136.16667
113.08334
86.50000
72.58334
74.33334
77.33334
66.75000
67.41667
67.25000
68.00000
83.58334
108.25000
117.58334
134.41667
107.41667
106.00000
119.50000
133.50000
155.66667
154.58334
168.00000
166.83334
168.33334
168.66667
162.25000
158.75000
165.00000
165.83334
159.16667
160.66667
166.91667
171.25000
172.41667
169.91667
169.91667
188.25000
194.16667
192.66667
169.41667
146.75000
150.91667
145.00000
143.08334
152.00000
122.00000
100.91667
121.25000
135.75000
103.25000
120.16667
141.50000
137.83334
104.50000
79.50000
90.00000
78.25000
79.16667
77.41667
61.08334
70.91667
88.75000
103.66667
122.33334
142.75000
123.91667
114.66667
130.75000
145.08334
161.91667
158.50000
165.16667
167.83334
182.00000
173.00000
187.25000
180.58334
186.91667
178.41667
174.16667
173.91667
178.58334
181.25000
176.83334
165.75000
172.50000
193.33334
197.58334
196.66667
171.25000
153.08334
162.83334
167.41667
157.00000
148.08334
153.25000
146.08334
143.66667
142.75000
136.41667
129.33334
147.08334
153.16667
123.50000
93.50000
91.16667
86.58334
81.50000
81.75000
69.25000
67.16667
86.50000
103.41667
122.41667
142.16667
135.58334
122.00000
130.41667
149.50000
159.58334
157.16667
167.08334
178.83334
188.00000
191.58334
191.16667
192.66667
194.00000
193.75000
192.66667
193.66667
194.33334
189.91667
172.41667
167.41667
179.66667
197.83334
201.00000
198.41667
177.91667
152.91667
168.00000
178.08334
178.00000
176.00000
168.33334
164.33334
173.83334
177.83334
177.50000
163.33334
155.08334
160.75000
136.33334
112.08334
95.08334
91.50000
84.33334
85.41667
77.16667
65.00000
81.33334
106.16667
120.08334
143.08334
144.00000
128.66667
128.08334
152.08334
159.25000
160.58334
170.66667
179.41667
186.16667
198.66667
201.16667
203.00000
201.58334
199.16667
200.58334
199.91667
199.91667
188.16667
168.91667
172.66667
184.50000
197.75000
203.66667
199.00000
180.66667
161.41667
161.75000
182.91667
188.83334
189.08334
190.33334
189.41667
189.66667
184.50000
184.75000
178.33334
161.83334
161.08334
141.08334
125.25000
98.41667
98.33334
94.75000
97.08334
84.75000
69.50000
81.41667
101.33334
122.50000
141.50000
143.91667
142.66667
124.50000
151.08334
161.08334
170.66667
179.08334
187.08334
192.91667
200.41667
202.16667
204.50000
203.00000
203.91667
205.00000
205.58334
202.00000
181.25000
167.91667
175.16667
185.50000
196.33334
204.00000
199.08334
181.50000
168.08334
157.83334
178.58334
192.16667
196.00000
198.91667
200.83334
200.75000
197.16667
191.25000
179.33334
162.75000
156.16667
147.33334
129.50000
96.91667
107.91667
102.25000
102.91667
83.75000
65.58334
79.16667
104.41667
122.00000
141.08334
138.33334
142.33334
135.00000
149.25000
162.25000
174.16667
181.58334
191.75000
194.16667
199.25000
202.33334
203.50000
205.91667
207.83334
209.16667
207.25000
198.83334
175.83334
167.83334
175.00000
188.16667
198.50000
203.66667
201.33334
187.25000
168.33334
157.83334
174.50000
191.41667
197.08334
201.41667
204.00000
205.25000
203.33334
198.08334
189.66667
172.66667
155.00000
147.33334
131.08334
104.00000
112.83334
103.50000
105.00000
88.41667
75.41667
79.50000
105.58334
118.08334
138.41667
138.50000
143.66667
146.33334
150.50000
158.41667
173.83334
183.66667
189.41667
195.50000
200.08334
202.83334
205.83334
207.91667
208.50000
207.33334
204.58334
197.41667
171.91667
168.58334
175.58334
194.75000
201.00000
206.00000
202.33334
192.33334
176.16667
160.91667
166.00000
191.50000
197.33334
201.66667
205.08334
205.91667
204.00000
198.50000
188.33334
177.16667
156.75000
146.66667
132.33334
117.00000
120.00000
107.08334
105.25000
88.08334
82.33334
80.50000
100.00000
115.00000
131.16667
141.66667
139.66667
144.00000
154.16667
155.75000
175.25000
182.58334
188.91667
194.66667
197.83334
202.83334
203.83334
206.00000
207.33334
207.91667
203.16667
190.75000
170.91667
173.83334
181.33334
198.91667
204.58334
207.08334
207.50000
197.16667
180.50000
160.16667
159.66667
191.33334
198.58334
203.25000
203.91667
204.08334
204.08334
198.58334
187.91667
180.83334
166.41667
143.16667
130.58334
117.75000
124.66667
120.50000
106.91667
86.00000
82.91667
80.33334
86.58334
107.16667
122.08334
138.25000
136.91667
151.16667
153.16667
155.25000
172.00000
183.50000
190.41667
193.75000
198.75000
201.75000
203.25000
204.58334
208.50000
206.08334
201.41667
187.83334
166.33334
174.16667
186.66667
194.50000
205.08334
207.75000
207.33334
199.83334
184.58334
167.33334
158.91667
189.83334
199.58334
205.33334
202.91667
201.58334
199.33334
196.83334
186.75000
179.50000
164.75000
140.75000
130.83334
115.50000
128.33334
126.50000
108.50000
84.75000
85.00000
81.91667
91.16667
108.83334
115.41667
130.75000
131.33334
147.50000
152.41667
156.25000
171.91667
183.08334
186.75000
192.33334
196.08334
199.75000
200.16667
202.25000
203.25000
203.66667
195.08334
180.91667
165.00000
166.58334
171.08334
179.66667
190.41667
197.83334
193.91667
188.00000
181.00000
168.00000
162.66667
182.00000
198.08334
204.66667
203.08334
202.33334
197.00000
196.25000
190.33334
175.50000
162.66667
141.16667
129.41667
113.58334
141.41667
131.16667
109.08334
79.25000
89.83334
75.50000
89.50000
101.00000
115.83334
130.75000
128.91667
142.33334
152.25000
157.33334
169.25000
181.66667
185.16667
193.58334
194.58334
197.41667
196.66667
192.83334
193.91667
190.33334
182.41667
170.75000
159.91667
152.75000
150.75000
153.66667
170.16667
166.91667
161.83334
166.75000
156.83334
161.08334
163.66667
176.25000
194.25000
204.33334
200.91667
199.08334
196.08334
191.75000
186.41667
169.66667
157.33334
138.83334
126.25000
126.33334
145.83334
130.08334
103.25000
77.08334
88.25000
72.75000
90.50000
97.33334
108.41667
121.41667
131.25000
134.08334
147.75000
158.08334
167.00000
175.58334
186.83334
189.25000
193.58334
192.91667
189.66667
188.75000
188.41667
186.75000
182.00000
171.91667
155.50000
135.08334
128.83334
116.00000
133.00000
145.83334
132.83334
113.08334
116.08334
146.25000
163.41667
179.08334
196.41667
203.08334
199.83334
195.25000
193.50000
189.41667
183.16667
172.50000
155.58334
136.41667
127.91667
127.25000
146.66667
128.83334
101.33334
75.00000
86.91667
69.58334
93.83334
98.16667
100.00000
107.58334
121.91667
129.83334
133.41667
154.91667
164.91667
172.58334
183.25000
187.00000
192.08334
187.25000
186.58334
190.16667
193.50000
187.83334
182.58334
176.41667
156.25000
129.16667
97.08334
82.58334
87.75000
105.66667
103.91667
102.50000
123.83334
142.16667
159.00000
174.33334
187.50000
194.25000
194.08334
193.33334
189.33334
182.33334
175.91667
162.41667
150.50000
132.66667
127.58334
135.25000
138.66667
126.66667
100.75000
75.75000
86.16667
65.58334
97.50000
99.83334
99.33334
103.41667
106.91667
109.16667
121.83334
155.16667
163.08334
168.41667
176.58334
183.83334
187.41667
186.00000
185.16667
189.16667
183.91667
166.58334
160.25000
155.58334
147.25000
108.08334
64.08334
48.83334
68.75000
84.16667
56.41667
59.41667
111.58334
151.41667
170.91667
171.83334
174.08334
182.91667
185.75000
185.33334
183.58334
180.16667
169.91667
158.00000
150.66667
131.58334
125.83334
140.91667
141.33334
113.16667
98.91667
86.58334
92.00000
79.66667
98.83334
100.75000
100.66667
100.75000
98.41667
106.25000
117.00000
149.00000
162.83334
166.50000
172.58334
178.66667
185.16667
185.25000
180.50000
178.91667
164.91667
155.83334
139.58334
121.33334
102.83334
69.75000
50.58334
41.41667
38.50000
43.25000
37.91667
42.50000
71.58334
138.58334
157.75000
166.58334
168.41667
170.58334
179.58334
180.41667
176.75000
173.00000
164.25000
156.41667
145.25000
134.16667
130.33334
145.58334
136.08334
106.00000
101.83334
92.66667
99.16667
85.08334
99.50000
103.58334
99.91667
95.66667
98.75000
104.50000
113.91667
144.58334
155.00000
160.66667
169.25000
175.66667
179.83334
181.16667
177.83334
165.25000
150.58334
129.91667
116.16667
104.75000
92.00000
60.91667
58.66667
57.75000
50.66667
43.16667
38.33334
36.83334
42.41667
77.58334
126.75000
147.75000
166.16667
167.00000
171.91667
171.91667
167.00000
163.41667
159.08334
152.58334
143.16667
132.75000
128.58334
145.16667
123.58334
105.91667
105.25000
104.16667
102.75000
89.58334
100.16667
106.16667
94.25000
96.00000
97.00000
100.58334
110.08334
135.91667
148.50000
154.16667
162.33334
168.50000
177.58334
179.83334
174.08334
162.41667
131.91667
100.16667
85.25000
87.83334
97.75000
91.00000
97.83334
90.91667
76.66667
74.50000
71.25000
58.58334
55.58334
56.00000
87.16667
112.25000
141.58334
165.08334
171.50000
168.58334
163.00000
158.75000
151.16667
147.08334
141.50000
130.33334
124.91667
136.41667
116.50000
104.83334
104.41667
106.83334
96.33334
89.08334
107.08334
103.66667
93.50000
93.58334
93.91667
100.08334
102.41667
125.91667
146.08334
151.16667
156.41667
165.58334
173.08334
174.50000
172.33334
168.08334
133.41667
121.66667
113.66667
113.33334
115.08334
107.00000
114.75000
124.16667
128.91667
118.16667
113.58334
105.58334
87.75000
78.91667
76.33334
95.08334
118.91667
151.75000
164.25000
165.75000
158.66667
152.50000
148.25000
143.50000
137.50000
119.33334
119.00000
130.75000
114.66667
106.66667
105.41667
113.33334
98.41667
93.58334
100.41667
97.58334
92.00000
92.83334
91.08334
93.50000
95.25000
117.00000
141.66667
148.41667
151.33334
156.75000
166.33334
168.25000
168.25000
160.08334
143.83334
140.00000
141.58334
137.75000
133.83334
128.50000
130.33334
128.58334
130.66667
134.75000
128.33334
122.50000
119.08334
104.83334
97.33334
104.33334
121.50000
134.33334
154.00000
156.75000
153.75000
144.50000
139.00000
139.83334
131.50000
116.75000
116.91667
130.25000
118.33334
108.66667
104.91667
116.75000
101.33334
99.33334
92.58334
96.50000
92.33334
92.91667
87.33334
93.50000
100.58334
111.66667
135.00000
143.83334
148.00000
153.75000
159.50000
163.33334
165.75000
161.41667
155.16667
152.50000
145.83334
144.41667
137.00000
142.08334
138.66667
138.83334
136.50000
135.16667
138.16667
127.41667
124.00000
128.33334
126.41667
124.50000
135.16667
148.91667
147.41667
150.58334
146.58334
140.50000
125.75000
130.00000
124.16667
118.16667
117.00000
114.50000
115.41667
110.41667
105.50000
122.41667
107.50000
97.83334
92.16667
98.50000
93.41667
90.50000
82.83334
88.75000
102.50000
110.25000
130.25000
141.58334
141.41667
149.08334
152.50000
158.58334
158.41667
157.91667
163.58334
166.91667
151.25000
140.75000
145.16667
150.41667
149.41667
148.33334
147.41667
145.50000
138.00000
130.66667
127.00000
131.66667
133.08334
135.75000
144.75000
152.00000
147.58334
147.33334
139.83334
133.08334
122.16667
115.00000
113.41667
120.41667
118.66667
115.41667
109.58334
106.83334
107.83334
120.16667
111.33334
99.25000
93.91667
104.83334
90.91667
88.08334
80.75000
79.91667
99.16667
106.91667
126.25000
136.66667
138.00000
143.16667
145.75000
149.75000
154.33334
156.58334
166.00000
168.50000
163.41667
154.58334
146.41667
145.91667
146.83334
146.75000
151.83334
157.50000
152.25000
148.08334
143.16667
146.00000
151.08334
151.41667
155.50000
150.41667
144.41667
143.58334
135.08334
121.83334
114.16667
109.25000
110.33334
115.16667
112.33334
116.25000
112.91667
107.91667
104.33334
120.00000
109.41667
100.33334
95.66667
106.33334
98.08334
82.25000
77.25000
77.75000
96.58334
103.91667
136.75000
133.41667
136.25000
139.08334
137.50000
138.50000
146.91667
152.16667
163.58334
164.50000
160.58334
155.75000
151.50000
153.50000
156.66667
157.91667
156.58334
155.00000
151.50000
148.75000
148.00000
151.08334
151.66667
152.41667
150.25000
142.75000
140.66667
140.00000
130.50000
116.50000
106.66667
102.16667
108.50000
109.83334
114.16667
109.58334
109.00000
105.08334
101.66667
107.83334
106.50000
103.25000
97.08334
102.58334
97.58334
81.75000
76.00000
77.33334
92.00000
115.66667
126.33334
129.33334
137.58334
134.33334
133.91667
135.58334
145.91667
152.16667
161.00000
164.58334
159.75000
152.83334
146.33334
149.75000
142.50000
143.33334
144.25000
147.33334
149.33334
148.08334
147.91667
145.83334
150.25000
150.16667
142.00000
135.33334
134.91667
136.00000
125.41667
109.00000
105.58334
112.00000
94.91667
104.66667
119.08334
111.33334
105.41667
104.83334
93.16667
93.75000
95.33334
95.41667
93.50000
94.75000
95.41667
86.16667
77.33334
76.66667
99.66667
101.08334
118.00000
122.50000
136.00000
133.50000
132.66667
132.66667
145.83334
153.00000
159.00000
163.83334
162.91667
160.41667
158.00000
155.83334
154.16667
152.66667
145.41667
140.83334
136.83334
139.58334
142.58334
145.00000
147.58334
147.66667
138.33334
133.00000
134.00000
131.41667
121.25000
101.00000
98.83334
98.91667
100.83334
92.75000
112.91667
108.58334
106.58334
98.41667
89.91667
81.91667
93.16667
101.25000
82.66667
85.25000
83.75000
78.50000
68.66667
69.41667
79.08334
102.25000
112.50000
119.58334
132.58334
132.16667
130.83334
134.50000
142.75000
155.91667
156.50000
159.83334
166.00000
167.16667
164.41667
159.83334
158.75000
156.41667
155.58334
154.66667
149.58334
141.58334
139.75000
143.83334
143.33334
139.41667
131.58334
131.83334
131.41667
127.66667
112.25000
96.25000
96.00000
96.66667
89.00000
96.91667
98.91667
98.83334
93.66667
93.50000
96.25000
83.16667
77.66667
96.50000
90.91667
88.66667
85.08334
86.58334
60.83334
79.91667
84.83334
105.00000
108.83334
109.41667
134.91667
134.83334
129.00000
130.50000
138.33334
153.08334
160.16667
159.66667
163.25000
165.75000
168.33334
168.00000
163.00000
160.83334
156.91667
157.75000
153.33334
153.33334
144.33334
142.25000
135.91667
132.33334
126.75000
127.00000
129.75000
119.25000
107.91667
88.00000
93.41667
87.91667
83.25000
97.58334
112.00000
93.75000
87.16667
89.08334
90.25000
73.25000
69.16667
87.41667
89.08334
88.33334
83.33334
92.00000
81.91667
78.00000
89.08334
100.75000
107.41667
106.75000
130.33334
128.33334
129.00000
129.00000
134.83334
148.91667
156.08334
159.08334
159.66667
164.25000
162.75000
168.33334
165.83334
164.91667
162.00000
157.08334
158.00000
153.66667
148.83334
138.83334
134.16667
130.66667
122.33334
121.91667
121.75000
112.25000
102.66667
89.50000
87.75000
88.75000
82.00000
93.33334
112.50000
91.91667
94.91667
93.41667
93.41667
70.00000
70.75000
85.58334
93.75000
84.50000
78.50000
78.25000
80.50000
83.83334
85.83334
99.75000
114.25000
105.08334
125.08334
127.58334
129.50000
128.16667
133.91667
146.75000
151.00000
160.08334
162.00000
159.00000
159.83334
162.75000
166.25000
166.08334
164.50000
161.08334
158.83334
153.25000
145.16667
139.41667
134.25000
128.00000
119.83334
115.50000
111.50000
107.58334
104.08334
90.33334
89.75000
92.41667
77.00000
82.66667
118.16667
112.91667
96.50000
95.66667
91.75000
67.83334
67.25000
82.08334
