48.50000
48.75000
47.58334
52.50000
46.91667
38.83334
37.75000
32.25000
30.25000
32.83334
41.00000
41.00000
40.25000
36.41667
34.33334
35.83334
37.08334
48.16667
53.08334
56.00000
58.33334
55.08334
56.00000
55.25000
54.50000
62.00000
70.50000
76.16667
102.33334
119.33334
128.66667
128.91667
136.33334
129.08334
123.75000
122.33334
104.33334
83.25000
69.83334
57.58334
45.08334
41.33334
34.33334
31.58333
28.91667
24.75000
30.00000
35.83334
47.66667
56.50000
47.91667
46.33334
49.00000
50.33334
43.75000
35.66667
38.75000
33.00000
35.00000
41.75000
44.00000
53.00000
53.58334
51.91667
56.33334
51.50000
58.25000
72.16667
84.58334
88.91667
91.16667
91.33334
90.66667
100.25000
109.75000
122.75000
133.66667
147.91667
154.41667
156.91667
157.58334
162.00000
160.16667
152.58334
148.91667
147.33334
138.41667
114.16667
86.33334
70.41667
58.00000
52.41667
43.25000
35.33334
32.58334
25.91667
28.66667
37.00000
49.41667
59.66667
48.25000
48.50000
46.75000
48.50000
42.00000
39.33334
35.08334
38.16667
42.75000
52.83334
62.25000
70.91667
69.25000
75.66667
79.58334
84.33334
99.66667
108.33334
107.91667
111.08334
110.75000
118.91667
138.00000
155.08334
169.33334
175.16667
178.25000
176.16667
178.00000
176.25000
177.08334
177.41667
174.00000
169.25000
163.08334
161.83334
153.08334
130.50000
104.08334
81.33334
68.50000
59.25000
53.75000
42.00000
36.75000
30.91667
28.75000
35.41667
51.08334
61.41667
44.50000
43.66667
46.25000
46.33334
42.08334
35.66667
35.00000
45.66667
53.16667
64.50000
76.75000
82.83334
92.75000
94.58334
99.58334
109.33334
126.83334
130.50000
130.08334
135.08334
149.08334
173.08334
185.91667
189.33334
191.83334
193.33334
193.08334
193.25000
192.83334
193.83334
192.75000
192.25000
187.25000
185.75000
183.41667
176.83334
165.91667
145.00000
115.00000
92.66667
78.16667
63.91667
60.00000
48.41667
40.41667
32.50000
26.66667
34.58334
51.75000
57.83334
43.25000
43.33334
45.58334
43.83334
39.75000
33.41667
35.75000
46.25000
56.58334
80.33334
91.83334
103.41667
108.91667
113.00000
118.75000
136.41667
144.75000
145.58334
160.00000
176.91667
189.08334
193.00000
195.16667
195.41667
198.00000
198.16667
198.08334
197.75000
197.58334
199.00000
198.25000
199.50000
195.75000
192.16667
187.16667
186.25000
174.75000
158.50000
128.58334
98.66667
77.50000
73.58334
64.00000
47.50000
41.41667
32.41667
28.08333
36.00000
49.50000
55.66667
39.66667
43.33334
40.16667
40.58334
40.66667
33.16667
38.50000
45.50000
63.00000
89.16667
110.33334
119.75000
129.25000
132.58334
137.00000
156.33334
167.16667
176.58334
186.58334
190.75000
195.66667
197.50000
198.16667
198.91667
200.16667
201.08334
200.08334
201.50000
201.00000
201.58334
204.25000
201.41667
199.83334
196.00000
191.25000
188.41667
179.25000
167.66667
139.33334
103.08334
88.25000
76.66667
67.25000
53.33334
36.16667
29.50000
29.91667
34.00000
49.83334
57.41667
39.41667
42.16667
41.50000
41.41667
39.00000
35.33334
35.25000
48.08334
68.75000
102.08334
124.16667
129.83334
136.00000
140.33334
155.83334
173.58334
182.00000
186.00000
190.91667
192.66667
195.66667
198.75000
200.25000
200.66667
202.25000
202.16667
203.16667
202.08334
202.41667
203.25000
201.16667
200.83334
197.50000
194.25000
190.75000
187.41667
180.16667
171.75000
144.00000
115.58334
91.66667
83.91667
68.75000
54.66667
40.75000
34.33334
26.58333
35.16667
56.33334
55.00000
36.41667
41.08334
39.25000
42.50000
39.50000
33.83334
34.25000
46.33334
68.50000
103.66667
129.08334
133.33334
137.83334
146.83334
166.41667
174.83334
181.50000
187.25000
191.16667
194.33334
199.08334
199.33334
202.25000
202.75000
202.25000
203.83334
203.66667
202.33334
201.83334
200.91667
200.25000
199.08334
195.83334
192.25000
187.83334
185.16667
181.58334
175.91667
156.75000
121.75000
101.41667
85.33334
73.58334
56.16667
49.75000
39.00000
29.50000
41.33334
55.83334
54.83334
37.00000
38.83334
39.58334
41.00000
39.25000
32.16667
31.08333
45.66667
72.25000
111.08334
140.50000
135.16667
138.16667
151.50000
167.25000
175.08334
181.00000
186.41667
193.33334
197.16667
199.58334
201.75000
202.75000
202.08334
204.50000
204.25000
203.08334
202.25000
200.91667
199.66667
198.50000
197.75000
194.25000
191.00000
187.08334
185.00000
180.83334
177.00000
167.08334
136.08334
109.41667
90.41667
79.25000
60.41667
53.25000
39.66667
30.25000
62.58334
62.50000
64.00000
46.00000
40.33334
38.91667
42.83334
36.66667
32.00000
29.33333
49.58334
78.50000
114.25000
146.33334
133.08334
139.83334
150.91667
166.25000
173.16667
181.33334
188.08334
195.08334
198.25000
200.91667
203.41667
202.58334
202.41667
201.83334
202.75000
203.41667
201.58334
201.16667
199.66667
198.75000
197.58334
194.50000
191.16667
184.91667
181.08334
179.50000
176.58334
172.16667
156.16667
119.25000
98.33334
84.00000
64.00000
57.58334
41.91667
43.58334
67.33334
61.00000
84.00000
55.00000
38.41667
40.33334
41.41667
38.08334
35.33334
35.50000
58.16667
83.33334
118.00000
144.00000
131.91667
145.75000
151.08334
165.50000
169.91667
177.83334
186.66667
193.16667
198.00000
202.08334
203.00000
202.83334
202.91667
203.08334
202.50000
202.91667
202.00000
202.33334
201.08334
199.91667
199.00000
195.41667
191.58334
185.58334
179.50000
176.41667
173.58334
169.58334
168.16667
131.41667
106.58334
88.66667
71.58334
58.08334
48.58334
52.16667
66.58334
74.33334
97.91667
56.58334
43.83334
40.33334
39.33334
38.33334
37.25000
45.66667
63.66667
88.66667
122.91667
144.41667
131.08334
144.91667
152.83334
159.08334
166.08334
173.16667
180.91667
189.16667
198.33334
201.75000
203.08334
204.25000
203.16667
204.16667
203.50000
202.66667
202.16667
203.25000
203.41667
201.00000
200.25000
197.50000
192.00000
187.25000
180.33334
174.33334
169.50000
165.16667
165.66667
143.50000
115.66667
94.50000
75.66667
60.41667
53.58334
51.91667
80.75000
82.25000
100.00000
53.58334
48.41667
38.25000
38.75000
38.75000
39.08334
55.16667
64.50000
90.75000
133.75000
141.91667
130.41667
143.91667
152.91667
158.16667
169.33334
173.41667
178.33334
182.83334
186.83334
197.41667
203.83334
203.50000
203.33334
205.16667
201.25000
203.16667
203.58334
204.08334
203.25000
202.83334
200.66667
193.91667
186.58334
184.66667
178.83334
172.50000
167.50000
162.00000
161.75000
144.50000
133.58334
97.16667
80.33334
60.83334
60.41667
70.08334
98.58334
97.25000
102.00000
59.58334
49.50000
41.58334
38.25000
39.83334
51.50000
60.50000
65.25000
96.91667
139.66667
136.66667
132.91667
140.58334
146.58334
150.41667
157.16667
166.58334
172.66667
178.41667
182.50000
187.00000
192.41667
199.83334
200.83334
204.00000
199.00000
201.50000
200.66667
196.91667
192.83334
187.16667
182.66667
172.75000
163.16667
153.75000
150.91667
149.66667
160.08334
161.50000
157.41667
145.33334
133.83334
102.08334
79.75000
64.91667
65.33334
91.66667
105.25000
113.16667
94.50000
70.08334
53.91667
41.66667
39.41667
45.91667
62.33334
62.75000
66.75000
98.83334
133.16667
128.08334
130.58334
132.66667
137.66667
140.91667
143.50000
149.75000
156.08334
162.83334
170.16667
174.75000
182.25000
186.33334
191.91667
201.41667
195.08334
193.25000
181.08334
171.33334
158.25000
143.66667
126.50000
121.66667
116.16667
104.41667
99.25000
106.83334
113.16667
131.16667
154.66667
145.58334
136.16667
112.33334
91.00000
63.16667
81.66667
94.91667
103.66667
115.33334
89.58334
84.41667
65.25000
42.91667
46.75000
54.91667
73.08334
65.66667
65.41667
99.50000
125.25000
119.33334
116.50000
109.33334
103.58334
110.66667
118.66667
128.50000
136.41667
141.50000
140.66667
153.58334
164.66667
174.33334
181.33334
190.75000
181.83334
173.25000
156.25000
131.33334
108.91667
93.08334
88.25000
82.75000
84.16667
87.83334
91.58334
89.00000
96.91667
110.83334
131.75000
142.50000
139.08334
118.00000
96.66667
66.58334
96.16667
98.66667
111.41667
116.16667
90.66667
84.33334
80.41667
44.66667
46.50000
56.41667
95.16667
78.16667
62.75000
102.33334
128.83334
108.58334
92.25000
89.58334
90.08334
97.91667
100.58334
100.33334
105.41667
98.83334
101.16667
122.41667
139.58334
158.83334
164.83334
175.58334
165.58334
148.16667
133.50000
121.41667
106.50000
98.83334
102.66667
109.25000
121.33334
123.16667
123.58334
118.33334
119.83334
121.58334
134.83334
139.33334
138.75000
120.25000
98.16667
76.50000
102.33334
108.25000
113.25000
115.33334
103.75000
76.50000
83.16667
48.00000
42.08334
58.58334
100.41667
95.50000
67.50000
105.58334
127.91667
94.33334
79.83334
91.25000
89.33334
96.66667
96.08334
98.50000
102.66667
93.58334
103.16667
122.33334
134.08334
149.33334
163.08334
171.00000
164.25000
152.41667
137.50000
123.00000
108.00000
100.41667
105.50000
106.58334
118.91667
127.91667
131.08334
133.16667
132.58334
126.66667
132.66667
138.08334
140.83334
121.58334
111.33334
81.33334
99.25000
105.41667
122.25000
124.66667
134.00000
83.25000
82.58334
54.66667
43.33334
60.25000
93.50000
98.25000
74.41667
104.58334
122.58334
102.08334
95.33334
92.16667
103.08334
109.75000
111.58334
111.25000
102.75000
99.08334
103.00000
112.08334
120.16667
137.16667
166.58334
176.75000
170.58334
154.91667
129.66667
114.66667
98.41667
89.50000
83.75000
62.25000
67.83334
74.75000
98.00000
110.08334
129.33334
134.16667
144.33334
146.33334
141.00000
126.08334
120.00000
94.33334
98.00000
110.41667
119.83334
140.00000
123.58334
88.16667
83.91667
66.75000
46.33334
60.25000
91.58334
102.83334
80.25000
100.00000
128.33334
114.08334
109.41667
116.83334
128.33334
123.16667
120.00000
111.16667
93.41667
87.75000
89.66667
108.08334
117.83334
131.00000
170.16667
183.66667
182.50000
159.75000
133.25000
123.00000
132.91667
112.33334
93.41667
81.41667
94.16667
100.58334
113.25000
105.75000
117.08334
142.91667
149.75000
155.58334
141.75000
135.00000
125.66667
101.08334
107.91667
110.08334
123.33334
139.58334
123.00000
92.91667
88.66667
79.33334
53.66667
62.58334
87.16667
103.00000
89.08334
98.50000
134.66667
121.41667
124.50000
126.91667
112.33334
112.08334
88.91667
77.83334
89.16667
70.50000
112.58334
118.00000
133.41667
135.33334
175.08334
183.91667
192.41667
172.58334
145.58334
137.33334
133.08334
135.75000
144.66667
102.91667
88.33334
104.66667
133.16667
137.08334
148.66667
152.66667
155.16667
162.75000
138.50000
142.66667
135.66667
107.33334
112.16667
111.08334
128.33334
137.66667
126.91667
94.25000
91.83334
81.33334
56.33334
62.58334
81.66667
105.33334
94.58334
95.16667
128.25000
137.58334
136.91667
126.25000
114.41667
107.41667
121.41667
95.58334
70.41667
118.91667
135.83334
128.66667
135.83334
155.08334
180.00000
187.58334
194.08334
178.50000
159.08334
135.00000
134.16667
131.41667
138.16667
129.00000
128.75000
125.66667
128.66667
149.41667
168.91667
171.75000
166.00000
170.00000
143.75000
153.75000
135.00000
113.25000
112.50000
121.66667
130.58334
143.66667
136.58334
95.58334
88.66667
86.58334
59.66667
60.91667
80.91667
105.83334
98.25000
95.08334
130.00000
146.66667
149.33334
141.83334
130.41667
136.83334
141.41667
121.66667
126.25000
128.33334
136.00000
130.83334
137.58334
163.41667
185.00000
194.33334
197.41667
186.41667
170.91667
150.08334
142.25000
136.00000
142.58334
137.66667
126.75000
137.08334
131.83334
152.00000
174.08334
176.50000
171.16667
171.66667
148.58334
157.33334
129.58334
119.25000
121.25000
135.66667
144.66667
135.66667
124.00000
94.83334
81.83334
86.16667
71.16667
68.75000
82.50000
107.25000
112.25000
91.50000
130.08334
148.33334
157.91667
155.16667
145.66667
140.83334
142.41667
147.50000
133.58334
127.58334
141.91667
145.83334
152.33334
175.58334
189.00000
200.66667
199.33334
195.75000
180.91667
169.16667
173.66667
162.50000
158.91667
159.25000
149.00000
147.00000
157.75000
169.25000
178.00000
180.41667
178.33334
167.83334
150.91667
156.75000
122.16667
113.41667
128.33334
134.50000
143.58334
128.75000
126.16667
91.75000
79.16667
85.91667
78.66667
70.83334
80.16667
101.83334
116.00000
104.50000
129.66667
151.83334
163.25000
161.41667
160.41667
155.50000
154.75000
150.50000
156.91667
166.41667
168.66667
160.08334
165.08334
179.91667
193.25000
201.58334
200.83334
193.50000
186.25000
174.33334
183.08334
184.25000
180.33334
177.33334
178.41667
176.08334
181.00000
180.58334
187.25000
188.08334
184.16667
162.16667
160.50000
150.00000
124.58334
117.66667
130.00000
134.33334
141.91667
123.91667
121.33334
96.00000
74.16667
89.50000
77.91667
74.08334
76.83334
89.58334
118.91667
113.16667
121.83334
152.41667
166.16667
169.00000
175.41667
169.91667
170.66667
172.66667
174.33334
177.25000
176.58334
164.50000
166.66667
182.41667
196.41667
200.66667
198.58334
191.91667
186.58334
178.25000
185.25000
188.91667
190.08334
188.33334
185.83334
188.66667
188.91667
191.08334
192.91667
190.08334
183.00000
157.25000
159.41667
148.33334
126.83334
134.25000
124.33334
123.66667
146.83334
124.41667
118.75000
98.50000
79.25000
82.83334
76.75000
70.75000
67.75000
85.91667
118.50000
121.75000
121.16667
148.08334
164.16667
171.00000
183.00000
182.58334
179.08334
178.58334
182.91667
186.66667
179.41667
169.00000
167.58334
182.00000
196.33334
199.41667
196.83334
189.75000
182.66667
178.83334
186.75000
191.58334
193.00000
194.25000
191.83334
191.91667
194.25000
197.58334
195.50000
188.08334
180.33334
157.50000
158.83334
143.08334
127.91667
137.75000
118.25000
120.41667
151.50000
134.50000
122.50000
91.75000
77.41667
82.75000
73.41667
65.91667
66.83334
82.83334
116.91667
127.00000
127.91667
149.25000
163.00000
169.16667
183.00000
183.50000
186.08334
189.50000
188.83334
185.08334
181.16667
173.00000
171.83334
185.33334
195.16667
201.08334
199.16667
187.75000
179.25000
174.25000
186.08334
194.50000
196.66667
196.58334
197.33334
198.25000
199.66667
199.50000
196.41667
188.50000
175.08334
161.75000
155.33334
138.83334
127.75000
137.41667
123.00000
122.16667
157.16667
131.25000
119.00000
94.91667
80.25000
71.00000
64.25000
66.41667
67.83334
85.50000
102.41667
123.50000
125.41667
146.16667
158.83334
169.16667
183.08334
187.16667
190.33334
189.75000
188.41667
184.91667
172.83334
164.41667
174.66667
187.66667
195.66667
200.58334
202.66667
192.41667
182.25000
175.75000
175.66667
187.83334
197.66667
198.66667
200.50000
198.33334
199.00000
197.50000
192.91667
184.75000
170.16667
164.08334
154.08334
142.08334
124.83334
142.41667
123.83334
125.33334
156.75000
138.41667
121.75000
90.91667
79.41667
69.41667
61.91667
74.16667
70.58334
90.66667
100.00000
120.41667
117.75000
148.50000
158.16667
168.00000
180.66667
178.50000
178.33334
182.58334
181.50000
173.66667
160.66667
161.08334
176.66667
190.41667
195.41667
200.08334
203.75000
197.41667
190.25000
183.58334
180.91667
179.41667
180.83334
190.25000
196.50000
198.50000
196.00000
193.16667
189.08334
179.66667
162.16667
163.50000
152.33334
140.66667
127.66667
138.75000
123.91667
125.66667
147.91667
142.41667
126.50000
98.83334
87.91667
70.50000
62.33334
86.00000
84.91667
97.41667
106.25000
121.16667
121.08334
150.25000
155.83334
161.41667
167.25000
166.08334
168.75000
169.75000
161.25000
147.83334
146.83334
154.33334
165.25000
177.41667
184.75000
186.00000
180.75000
176.58334
177.25000
169.00000
177.41667
181.91667
184.00000
176.25000
182.75000
191.75000
191.16667
190.75000
184.16667
171.75000
162.50000
158.83334
154.75000
137.91667
128.41667
136.33334
137.08334
122.00000
142.50000
135.08334
110.58334
107.33334
104.08334
89.66667
59.50000
86.50000
90.25000
95.66667
107.00000
118.41667
121.50000
136.25000
152.58334
153.75000
157.50000
163.41667
163.58334
163.83334
151.16667
152.33334
151.50000
145.25000
139.58334
152.08334
161.25000
168.33334
167.16667
170.58334
160.25000
159.16667
173.25000
184.16667
187.08334
187.50000
174.00000
172.33334
183.00000
184.00000
175.16667
164.50000
160.91667
152.75000
160.83334
131.75000
125.41667
136.58334
127.08334
111.16667
127.00000
126.08334
111.58334
106.25000
99.83334
113.91667
79.08334
94.50000
91.91667
97.08334
105.16667
117.41667
121.58334
126.66667
152.00000
150.91667
153.75000
163.91667
163.25000
152.66667
158.08334
166.41667
160.50000
152.58334
139.33334
131.08334
133.83334
147.08334
154.33334
152.00000
154.66667
161.08334
167.83334
180.66667
189.75000
187.91667
182.50000
173.25000
171.75000
176.75000
170.75000
156.00000
162.91667
154.91667
161.91667
128.83334
120.00000
131.25000
129.66667
119.25000
124.33334
124.58334
104.25000
107.00000
92.75000
111.58334
88.50000
92.00000
97.66667
98.16667
102.25000
114.08334
126.16667
123.58334
151.66667
151.41667
143.91667
151.91667
153.41667
152.16667
161.75000
148.50000
146.41667
135.00000
104.83334
83.08334
87.16667
102.83334
105.16667
104.08334
118.25000
129.50000
140.25000
152.25000
153.91667
155.58334
156.58334
167.25000
171.75000
170.25000
166.66667
149.00000
156.08334
146.41667
148.50000
118.41667
117.33334
125.58334
126.00000
125.58334
123.83334
119.66667
105.91667
104.16667
81.75000
101.00000
92.00000
88.50000
92.91667
104.83334
99.91667
111.83334
125.16667
126.66667
146.50000
142.75000
143.41667
143.58334
146.16667
137.08334
111.75000
90.66667
82.16667
68.33334
54.50000
56.16667
57.08334
71.41667
71.41667
50.41667
65.08334
79.50000
100.66667
101.08334
104.66667
101.83334
102.50000
136.00000
164.00000
165.08334
161.66667
139.25000
151.41667
144.00000
139.25000
113.25000
115.00000
120.50000
119.25000
128.41667
124.00000
111.66667
108.50000
103.91667
97.00000
104.66667
100.58334
84.50000
95.00000
103.91667
106.16667
111.75000
125.00000
128.91667
136.08334
143.50000
147.16667
141.58334
145.33334
128.41667
76.08334
65.50000
70.58334
59.91667
59.25000
53.91667
61.66667
80.33334
85.58334
66.00000
73.33334
80.00000
99.41667
97.41667
100.75000
102.50000
99.00000
128.66667
154.58334
162.83334
155.16667
133.16667
143.00000
137.66667
135.83334
114.33334
114.50000
110.75000
113.58334
124.75000
112.66667
103.58334
114.41667
103.75000
99.66667
109.66667
112.58334
101.41667
93.33334
100.33334
106.00000
107.75000
115.58334
125.41667
134.91667
144.00000
148.16667
153.33334
146.75000
126.33334
103.25000
89.91667
89.50000
86.75000
97.75000
103.16667
112.33334
117.66667
117.50000
106.50000
98.66667
100.91667
114.25000
119.75000
116.91667
130.08334
134.75000
150.75000
152.91667
157.75000
148.66667
125.33334
132.25000
124.08334
127.83334
116.91667
121.66667
106.58334
106.00000
129.00000
115.50000
107.58334
110.41667
113.50000
109.50000
115.83334
118.66667
109.08334
97.08334
106.00000
115.83334
108.83334
120.58334
135.16667
131.33334
137.25000
146.75000
149.58334
151.66667
144.66667
134.58334
131.16667
131.91667
124.58334
123.41667
123.00000
124.50000
115.08334
114.33334
119.25000
114.66667
112.58334
117.00000
122.08334
136.16667
144.41667
151.83334
156.66667
145.00000
154.33334
141.91667
128.33334
120.91667
117.33334
124.41667
124.83334
122.41667
112.16667
104.58334
131.33334
117.75000
103.83334
107.66667
124.75000
120.66667
122.66667
120.08334
113.41667
99.75000
115.75000
123.08334
105.83334
127.16667
110.91667
127.83334
133.58334
142.08334
146.25000
134.25000
146.25000
148.08334
148.00000
150.75000
149.41667
147.16667
149.33334
151.41667
146.75000
148.00000
148.83334
144.83334
136.75000
134.16667
143.00000
157.08334
158.08334
153.25000
151.16667
138.50000
149.50000
135.16667
121.50000
130.58334
128.50000
117.00000
119.91667
115.16667
114.16667
97.00000
125.25000
115.66667
106.66667
107.75000
134.41667
135.16667
131.08334
128.33334
126.41667
108.25000
112.33334
118.00000
116.50000
128.16667
116.41667
118.41667
117.83334
122.75000
132.16667
134.16667
139.25000
146.58334
158.00000
158.83334
156.25000
148.33334
140.25000
136.41667
135.08334
140.25000
143.33334
144.66667
149.33334
150.50000
162.16667
167.75000
160.41667
152.75000
145.16667
132.66667
136.58334
124.66667
126.33334
128.83334
131.41667
116.33334
112.66667
118.16667
108.25000
90.25000
127.91667
125.66667
104.83334
97.33334
125.58334
131.75000
127.58334
119.50000
120.83334
112.08334
86.83334
97.66667
109.00000
114.83334
116.16667
125.08334
116.33334
120.16667
129.66667
131.66667
123.00000
140.16667
151.08334
160.08334
162.08334
161.41667
154.50000
152.08334
150.00000
149.25000
152.25000
159.91667
166.75000
170.16667
171.08334
165.66667
157.08334
146.50000
136.00000
117.50000
127.33334
126.41667
135.58334
125.66667
123.58334
107.33334
113.16667
112.25000
108.75000
100.25000
129.91667
126.16667
104.25000
102.33334
117.16667
130.58334
128.58334
124.75000
129.00000
101.83334
92.58334
97.66667
89.41667
97.91667
111.41667
118.58334
100.00000
97.50000
117.00000
119.25000
112.83334
128.75000
141.66667
152.50000
159.50000
163.58334
165.08334
165.16667
163.25000
162.58334
166.41667
171.25000
172.25000
170.08334
164.75000
159.25000
151.66667
143.00000
130.50000
108.33334
122.83334
128.66667
148.58334
134.58334
117.08334
99.50000
98.91667
102.08334
106.08334
89.58334
116.66667
114.00000
97.25000
103.66667
117.83334
132.83334
135.75000
124.16667
130.25000
89.00000
105.66667
113.50000
94.83334
99.58334
112.25000
113.58334
122.41667
100.50000
118.83334
120.08334
115.50000
124.58334
133.00000
147.91667
155.91667
161.83334
166.66667
168.08334
169.83334
169.25000
170.08334
171.25000
168.83334
163.00000
160.00000
153.08334
139.58334
130.08334
125.08334
105.08334
126.41667
135.91667
129.66667
118.50000
116.08334
96.00000
101.83334
116.25000
100.83334
88.91667
110.41667
104.16667
89.91667
95.08334
115.33334
115.50000
125.91667
122.33334
109.08334
109.33334
101.41667
110.00000
100.58334
99.41667
122.66667
129.41667
116.25000
105.41667
116.83334
118.66667
113.91667
116.33334
135.50000
142.16667
143.00000
153.41667
161.00000
161.66667
165.66667
166.83334
166.00000
165.66667
160.33334
153.66667
150.00000
140.58334
131.16667
124.16667
105.83334
122.66667
140.33334
129.50000
121.41667
105.33334
110.41667
109.41667
101.25000
112.25000
97.00000
85.16667
101.16667
98.33334
90.75000
98.75000
130.50000
128.50000
132.08334
133.33334
131.00000
118.91667
118.66667
105.08334
108.08334
100.91667
115.25000
132.91667
116.50000
110.33334
126.33334
130.00000
110.75000
110.16667
127.91667
145.91667
146.66667
141.50000
144.25000
147.66667
148.91667
149.16667
148.58334
146.16667
141.33334
135.58334
131.25000
134.00000
121.00000
120.83334
135.83334
121.41667
140.66667
128.50000
121.08334
118.75000
109.50000
101.58334
116.00000
110.25000
109.91667
88.50000
102.33334
92.16667
89.33334
91.41667
135.83334
133.33334
127.66667
135.50000
145.50000
128.66667
127.58334
119.83334
112.33334
108.50000
120.75000
116.91667
116.75000
119.91667
129.58334
140.58334
134.41667
113.41667
117.16667
134.75000
141.50000
143.91667
141.58334
134.50000
130.33334
128.16667
124.75000
118.00000
115.83334
121.66667
133.91667
136.83334
126.16667
138.66667
122.08334
126.66667
141.00000
135.33334
127.58334
123.00000
115.83334
119.16667
118.50000
116.66667
114.91667
100.75000
105.25000
91.91667
90.00000
92.91667
126.08334
134.33334
142.08334
139.16667
129.66667
107.00000
107.16667
122.08334
114.25000
120.75000
124.91667
119.66667
123.25000
105.91667
130.08334
142.91667
149.50000
130.50000
133.16667
145.91667
137.58334
131.83334
135.08334
131.66667
126.50000
121.83334
125.00000
125.58334
130.83334
137.25000
139.41667
145.66667
140.66667
131.33334
122.00000
129.33334
145.91667
145.83334
139.16667
129.83334
121.25000
108.83334
118.08334
121.58334
114.66667
108.75000
104.00000
99.16667
93.75000
94.25000
153.16667
139.75000
156.41667
164.25000
143.75000
136.41667
128.75000
132.41667
124.50000
124.33334
129.33334
133.58334
130.41667
102.08334
123.83334
139.91667
145.41667
137.16667
144.75000
159.08334
146.91667
151.75000
144.91667
139.83334
128.83334
122.00000
125.16667
129.33334
135.58334
141.66667
145.83334
148.66667
145.50000
133.08334
126.58334
139.50000
146.91667
154.50000
144.16667
136.58334
115.91667
125.58334
126.58334
126.75000
123.50000
114.41667
107.41667
86.58334
91.00000
95.08334
164.33334
169.91667
161.66667
165.08334
155.08334
138.16667
137.91667
127.58334
116.83334
120.16667
124.91667
148.16667
131.33334
111.25000
127.25000
140.41667
133.41667
139.16667
148.91667
154.08334
146.25000
148.33334
144.25000
144.08334
138.83334
135.33334
131.33334
139.83334
143.33334
150.08334
148.75000
148.75000
151.00000
139.50000
130.41667
144.33334
154.58334
156.16667
150.25000
139.75000
131.41667
116.66667
121.58334
134.58334
122.91667
102.75000
102.66667
89.25000
80.00000
90.33334
166.41667
175.91667
167.58334
163.50000
140.16667
156.75000
143.58334
135.41667
122.75000
114.08334
123.83334
126.83334
123.08334
119.25000
124.75000
137.75000
137.58334
148.16667
152.33334
154.41667
157.91667
159.50000
153.41667
152.41667
151.33334
145.41667
140.91667
142.33334
145.41667
153.66667
151.66667
154.41667
159.33334
150.33334
147.58334
150.41667
158.00000
158.91667
155.58334
148.50000
126.83334
126.41667
124.91667
127.91667
123.66667
100.16667
100.83334
96.25000
99.41667
87.41667
