63.83334
62.66667
48.16667
37.41667
33.16667
34.08334
36.00000
35.41667
38.50000
53.33334
59.75000
71.33334
80.00000
88.75000
98.83334
111.08334
117.00000
118.91667
115.16667
111.75000
112.08334
108.41667
100.58334
94.41667
100.50000
114.75000
126.66667
133.33334
131.75000
126.41667
126.25000
126.25000
125.50000
115.25000
100.75000
87.91667
77.58334
64.25000
56.41667
49.91667
43.66667
39.50000
37.91667
39.66667
47.91667
62.66667
69.00000
66.66667
73.75000
74.50000
61.58334
55.83334
44.33334
33.66667
33.16667
36.33334
39.83334
44.08334
51.58334
67.00000
74.75000
83.91667
94.33334
106.66667
117.00000
122.08334
124.91667
129.58334
131.08334
131.00000
131.75000
130.66667
125.33334
128.00000
133.08334
138.08334
143.91667
142.66667
136.66667
132.66667
133.75000
135.33334
135.50000
132.91667
122.91667
105.58334
91.83334
77.41667
66.75000
55.00000
44.25000
42.00000
40.08334
35.08334
41.00000
50.50000
62.83334
62.58334
69.75000
73.58334
59.50000
53.50000
41.41667
32.33334
32.08334
37.75000
41.41667
54.91667
67.58334
81.83334
85.41667
95.75000
107.08334
118.08334
125.58334
127.66667
131.83334
134.91667
138.00000
139.91667
140.75000
141.66667
141.83334
141.50000
145.25000
147.83334
148.41667
147.75000
145.58334
142.25000
143.08334
142.58334
138.58334
136.91667
133.91667
119.25000
105.50000
91.16667
78.25000
63.83334
50.08334
43.91667
40.33334
36.91667
40.33334
43.50000
54.91667
58.66667
65.25000
68.58334
54.16667
45.75000
35.58334
33.08334
33.66667
38.50000
50.25000
64.41667
81.41667
87.41667
93.66667
108.08334
119.66667
125.58334
130.00000
133.00000
136.00000
138.83334
142.41667
143.83334
146.00000
147.75000
148.50000
149.58334
151.33334
153.08334
153.16667
153.58334
151.75000
150.16667
144.91667
142.83334
139.58334
136.16667
137.33334
131.58334
119.91667
104.08334
89.16667
76.33334
58.25000
49.08334
41.25000
40.58334
39.33334
41.83334
51.16667
53.00000
64.16667
62.91667
51.91667
43.50000
33.41667
31.08333
35.66667
42.33334
59.50000
72.08334
88.58334
91.33334
104.41667
116.58334
127.50000
131.66667
133.33334
137.33334
139.58334
143.08334
146.25000
148.75000
151.25000
153.08334
154.75000
154.41667
156.66667
157.41667
158.83334
159.16667
157.75000
156.75000
154.83334
149.16667
146.16667
141.00000
140.91667
137.33334
127.83334
111.83334
97.25000
83.58334
70.50000
52.00000
40.58334
39.00000
39.33334
42.75000
49.25000
49.50000
60.41667
59.83334
44.75000
43.16667
33.75000
31.75000
34.50000
50.33334
67.00000
80.00000
90.58334
97.16667
112.16667
125.41667
131.41667
135.08334
138.25000
143.91667
146.00000
148.25000
151.83334
154.16667
156.58334
157.25000
158.83334
158.41667
159.66667
161.08334
162.33334
163.00000
162.83334
162.50000
158.08334
154.08334
146.08334
144.91667
142.91667
141.33334
134.83334
118.50000
105.16667
91.00000
78.33334
58.75000
46.75000
40.16667
41.91667
44.41667
52.33334
51.25000
56.83334
55.41667
43.91667
40.50000
31.08333
33.50000
40.08334
58.08334
72.33334
85.16667
94.41667
103.08334
117.91667
129.25000
134.58334
137.00000
141.91667
145.83334
149.83334
152.00000
155.75000
157.08334
159.41667
160.83334
160.50000
161.08334
161.33334
162.50000
163.16667
163.41667
162.41667
162.75000
159.16667
154.00000
150.08334
146.08334
145.83334
142.91667
138.83334
125.58334
112.25000
96.25000
82.25000
65.16667
52.08334
41.33334
41.25000
45.50000
47.00000
50.41667
54.50000
54.91667
42.00000
38.91667
32.33334
34.08334
41.66667
63.33334
74.00000
88.25000
97.16667
108.91667
124.25000
133.00000
136.00000
138.83334
142.91667
149.08334
152.75000
155.50000
158.16667
159.75000
161.41667
162.83334
162.08334
161.83334
162.50000
163.08334
163.58334
163.75000
163.58334
161.50000
160.66667
157.41667
155.83334
148.83334
146.16667
145.75000
143.08334
129.83334
115.00000
99.16667
87.16667
68.50000
53.50000
41.16667
41.66667
42.25000
49.75000
48.58334
51.91667
51.08334
41.75000
40.00000
33.41667
37.16667
44.83334
65.66667
74.75000
90.91667
98.08334
113.66667
129.16667
134.66667
138.33334
142.58334
144.83334
149.41667
152.33334
155.08334
158.83334
159.25000
162.00000
162.83334
162.41667
160.25000
164.08334
165.58334
165.41667
164.58334
164.91667
162.66667
162.08334
159.25000
156.33334
152.08334
147.50000
147.58334
144.58334
135.83334
119.00000
103.66667
91.58334
75.50000
54.66667
47.75000
42.33334
45.58334
49.00000
47.83334
49.08334
51.00000
41.58334
39.41667
34.91667
39.58334
52.08334
66.00000
78.33334
91.75000
100.66667
118.33334
131.25000
136.00000
140.50000
145.83334
147.08334
151.08334
152.33334
155.08334
157.83334
159.16667
160.58334
162.66667
163.75000
164.00000
164.75000
167.16667
166.66667
166.25000
166.00000
164.25000
163.08334
159.58334
155.91667
154.91667
150.00000
149.08334
145.83334
137.75000
120.83334
106.75000
95.00000
76.08334
57.66667
47.91667
42.83334
44.16667
49.25000
46.66667
47.75000
48.25000
42.16667
42.50000
38.08334
42.75000
53.66667
70.41667
83.41667
94.75000
102.25000
123.33334
131.25000
136.33334
141.16667
146.58334
150.08334
152.83334
152.75000
157.33334
159.41667
161.41667
161.33334
162.91667
165.25000
165.16667
166.83334
170.33334
168.66667
168.16667
167.66667
166.41667
166.91667
164.33334
160.41667
157.75000
152.66667
148.25000
146.66667
138.91667
120.33334
104.83334
96.58334
76.50000
59.41667
49.25000
50.08334
42.58334
51.75000
47.00000
51.50000
55.16667
42.75000
43.00000
36.91667
44.16667
54.50000
71.91667
89.33334
98.08334
106.00000
123.50000
131.16667
135.50000
141.83334
147.08334
150.41667
152.66667
154.08334
158.58334
161.33334
163.41667
164.08334
165.41667
167.08334
168.00000
169.41667
169.58334
171.83334
170.58334
171.83334
171.25000
171.75000
166.83334
163.66667
161.83334
154.58334
146.75000
144.41667
138.25000
121.91667
106.08334
96.25000
77.33334
61.75000
54.41667
49.91667
45.66667
49.08334
51.00000
62.00000
57.83334
43.75000
45.00000
37.91667
42.25000
62.08334
73.16667
94.33334
100.41667
107.91667
122.66667
126.75000
135.08334
139.66667
142.50000
145.00000
147.91667
149.66667
155.41667
159.08334
163.58334
167.00000
165.66667
167.66667
170.08334
170.58334
171.08334
172.58334
172.41667
172.41667
173.33334
171.66667
164.66667
162.16667
161.75000
156.50000
146.91667
143.75000
137.66667
121.75000
108.25000
96.50000
86.75000
69.25000
58.16667
57.66667
47.33334
52.66667
56.75000
64.33334
65.91667
44.33334
48.50000
45.75000
51.08334
62.58334
77.41667
95.41667
98.75000
107.75000
120.25000
122.91667
129.00000
127.00000
125.66667
127.83334
132.08334
134.25000
139.58334
145.00000
151.75000
158.75000
162.83334
166.50000
170.08334
170.50000
168.08334
168.33334
167.16667
167.50000
164.58334
148.75000
143.66667
137.08334
139.66667
137.08334
126.50000
132.75000
134.08334
121.75000
115.16667
104.50000
94.33334
75.50000
60.91667
62.00000
45.91667
49.33334
54.25000
60.75000
63.50000
46.91667
51.00000
52.83334
53.50000
65.66667
73.41667
96.66667
97.50000
106.75000
116.91667
116.58334
117.66667
106.91667
102.08334
99.83334
102.08334
102.25000
101.25000
111.91667
124.41667
136.33334
145.33334
155.00000
160.66667
164.08334
164.16667
157.58334
147.41667
149.16667
129.08334
110.33334
97.58334
85.66667
89.00000
92.83334
83.33334
97.50000
109.58334
114.75000
125.33334
103.66667
90.41667
72.83334
63.25000
60.75000
60.08334
54.08334
55.00000
60.16667
77.83334
48.50000
48.00000
55.16667
54.25000
63.16667
72.83334
93.58334
99.08334
102.41667
112.16667
105.33334
85.33334
80.16667
75.66667
75.25000
74.58334
69.16667
65.75000
66.66667
70.25000
90.75000
112.66667
131.08334
142.08334
151.00000
152.16667
141.16667
124.91667
107.66667
81.83334
60.50000
57.83334
57.08334
63.91667
73.83334
77.00000
73.66667
74.41667
86.33334
111.66667
103.58334
91.00000
70.08334
62.25000
66.33334
70.50000
60.66667
57.25000
58.66667
78.25000
47.08334
51.25000
55.50000
59.58334
66.83334
73.00000
94.33334
97.16667
100.41667
107.33334
96.25000
94.75000
88.83334
89.00000
84.25000
79.66667
69.00000
61.58334
55.00000
56.58334
66.58334
85.91667
106.16667
127.41667
138.33334
141.00000
130.25000
108.33334
80.66667
64.33334
55.41667
65.50000
74.25000
90.00000
103.75000
109.50000
113.50000
109.16667
106.41667
108.83334
109.66667
92.75000
76.83334
70.16667
77.00000
68.00000
53.33334
67.41667
47.75000
75.25000
48.75000
48.91667
58.58334
62.58334
65.08334
73.16667
92.66667
98.25000
103.25000
112.50000
116.08334
111.66667
111.50000
105.58334
100.58334
99.41667
94.91667
75.41667
76.58334
85.25000
90.08334
97.50000
112.08334
129.41667
137.33334
146.16667
130.16667
107.08334
82.50000
80.91667
82.16667
89.25000
98.66667
112.66667
123.16667
103.08334
104.58334
106.75000
113.66667
112.50000
112.00000
92.75000
77.00000
79.08334
71.16667
72.25000
54.16667
70.75000
51.41667
79.16667
50.50000
49.75000
62.25000
63.16667
67.75000
70.33334
96.25000
101.66667
108.41667
118.00000
121.50000
118.08334
102.41667
107.08334
119.25000
103.00000
115.25000
87.58334
84.41667
86.16667
94.50000
117.33334
120.50000
135.00000
149.25000
153.25000
136.91667
123.58334
93.66667
97.00000
91.50000
87.16667
87.83334
93.58334
105.41667
108.08334
97.08334
94.58334
113.58334
105.66667
108.00000
98.25000
81.50000
74.75000
73.08334
71.50000
54.41667
69.41667
55.41667
71.83334
52.50000
54.91667
63.83334
64.00000
69.58334
70.66667
96.50000
106.58334
111.25000
124.16667
112.41667
106.50000
91.91667
97.58334
97.25000
81.58334
74.75000
87.83334
88.16667
102.58334
120.25000
122.08334
134.33334
142.16667
157.25000
163.83334
148.41667
127.41667
92.08334
111.41667
92.16667
99.16667
97.25000
79.83334
80.83334
98.75000
82.41667
96.66667
120.08334
111.08334
103.66667
99.16667
82.41667
80.00000
87.50000
63.83334
58.58334
68.16667
70.50000
75.08334
53.16667
58.50000
57.50000
68.08334
73.16667
73.58334
102.25000
109.66667
115.33334
121.16667
111.16667
104.00000
70.50000
104.00000
101.50000
86.33334
72.41667
94.16667
106.75000
98.08334
112.16667
121.41667
132.58334
141.41667
157.91667
164.41667
149.66667
151.16667
142.33334
136.41667
104.41667
136.16667
81.58334
48.83334
81.25000
103.83334
95.25000
95.83334
118.75000
116.25000
101.91667
108.66667
87.83334
88.66667
98.25000
63.50000
68.41667
70.83334
72.83334
76.58334
58.33334
64.75000
67.83334
73.08334
66.75000
70.66667
107.41667
115.33334
119.41667
134.58334
102.33334
95.83334
89.50000
99.33334
114.91667
90.58334
96.33334
108.66667
99.91667
111.66667
120.91667
120.91667
132.08334
142.41667
155.33334
163.41667
153.25000
136.58334
138.00000
125.58334
111.50000
113.91667
94.58334
73.91667
83.66667
80.08334
93.25000
108.75000
116.91667
110.66667
117.00000
122.50000
94.50000
96.41667
102.41667
64.00000
75.33334
65.91667
70.66667
86.16667
67.00000
69.58334
68.75000
79.66667
75.50000
77.33334
107.83334
115.58334
125.16667
124.66667
110.50000
117.08334
113.91667
102.91667
102.83334
105.83334
107.33334
107.75000
118.33334
128.41667
124.16667
124.16667
132.16667
137.25000
150.50000
156.83334
155.25000
138.33334
142.66667
131.25000
127.91667
117.41667
103.83334
76.75000
83.41667
91.91667
119.41667
120.58334
121.91667
117.75000
110.66667
128.00000
104.00000
97.66667
100.50000
68.91667
77.66667
59.41667
71.58334
96.66667
76.66667
80.75000
71.75000
74.58334
77.08334
78.83334
112.16667
115.50000
123.41667
124.08334
129.00000
124.00000
132.00000
132.66667
131.66667
124.66667
128.33334
128.16667
128.08334
130.91667
137.50000
129.16667
124.58334
138.16667
156.00000
157.08334
160.33334
132.33334
144.66667
158.00000
138.00000
130.33334
123.83334
110.91667
114.41667
128.08334
141.83334
136.83334
127.50000
130.91667
121.00000
128.33334
107.83334
89.50000
94.16667
68.33334
75.08334
62.66667
69.08334
93.25000
75.50000
85.41667
78.83334
74.25000
85.83334
83.83334
107.58334
103.08334
114.91667
128.75000
139.83334
136.25000
138.83334
147.50000
147.58334
144.91667
141.16667
136.33334
140.08334
148.91667
144.66667
136.25000
117.41667
135.75000
160.66667
160.08334
152.41667
127.75000
128.50000
150.25000
154.50000
156.25000
141.50000
143.08334
143.08334
140.66667
136.66667
139.58334
141.66667
138.50000
129.75000
135.91667
99.83334
83.33334
88.83334
68.50000
73.66667
69.50000
76.75000
89.83334
76.33334
82.00000
82.33334
75.83334
89.83334
85.75000
107.50000
116.16667
126.00000
136.58334
147.83334
144.33334
142.25000
145.91667
151.25000
151.66667
149.25000
149.50000
154.16667
154.25000
140.08334
130.41667
117.33334
137.91667
162.50000
163.00000
150.75000
122.41667
135.00000
145.75000
157.50000
161.75000
160.16667
157.41667
153.25000
145.33334
148.50000
149.91667
147.58334
143.33334
134.41667
124.33334
92.33334
88.91667
82.75000
69.33334
74.41667
73.33334
82.83334
86.91667
80.08334
81.91667
79.91667
71.83334
90.16667
82.83334
100.58334
113.75000
122.16667
137.16667
151.91667
153.91667
154.16667
154.50000
155.00000
156.25000
156.83334
157.66667
158.08334
157.50000
140.66667
121.83334
121.83334
148.41667
160.91667
166.00000
163.91667
137.41667
126.66667
141.91667
154.83334
160.50000
160.91667
158.75000
157.75000
155.66667
162.33334
151.41667
159.16667
144.83334
138.08334
122.25000
97.75000
82.50000
75.16667
72.91667
76.25000
78.83334
77.00000
90.25000
74.50000
79.66667
73.58334
62.75000
81.08334
82.25000
98.08334
113.41667
119.66667
138.75000
145.41667
150.91667
156.16667
157.66667
156.91667
157.00000
158.58334
158.66667
159.66667
150.08334
139.66667
122.66667
143.25000
158.58334
164.08334
171.75000
173.08334
154.08334
129.83334
134.33334
145.66667
157.83334
160.33334
157.50000
157.00000
160.33334
163.91667
166.41667
141.91667
141.91667
131.00000
117.50000
87.33334
74.50000
71.66667
70.91667
76.33334
87.83334
87.25000
92.91667
69.66667
74.08334
70.75000
56.75000
74.00000
79.83334
91.41667
111.00000
114.33334
136.50000
148.75000
149.16667
152.50000
155.00000
155.25000
155.41667
156.25000
159.75000
154.00000
145.00000
128.33334
133.75000
149.08334
163.58334
165.33334
174.33334
176.41667
164.91667
146.50000
136.41667
144.83334
148.58334
158.33334
157.00000
154.41667
164.66667
163.16667
160.41667
148.91667
136.75000
126.33334
110.00000
78.25000
77.25000
69.50000
76.00000
77.00000
86.58334
89.83334
84.16667
71.91667
76.25000
70.66667
57.25000
69.08334
78.50000
87.58334
105.33334
113.00000
134.50000
135.33334
154.50000
148.66667
150.00000
152.33334
154.50000
154.25000
155.66667
152.41667
134.91667
135.50000
150.16667
154.66667
160.91667
169.33334
174.33334
174.25000
166.25000
158.16667
149.91667
135.58334
141.16667
147.83334
149.75000
148.83334
151.00000
158.66667
155.66667
147.66667
134.50000
121.50000
104.75000
64.50000
73.75000
69.83334
76.75000
78.25000
86.33334
86.41667
85.25000
70.91667
79.08334
79.66667
56.41667
59.75000
73.33334
86.08334
101.41667
111.00000
130.75000
137.00000
138.16667
139.75000
145.00000
147.33334
149.08334
150.16667
151.08334
148.75000
138.91667
137.66667
150.50000
147.41667
157.41667
165.16667
167.33334
166.08334
158.91667
146.75000
139.25000
130.66667
147.75000
147.16667
149.66667
151.16667
146.25000
149.83334
157.16667
150.00000
137.16667
114.50000
101.50000
62.41667
70.25000
66.25000
85.00000
77.75000
82.50000
73.41667
79.66667
70.66667
76.25000
78.75000
57.50000
53.08334
68.41667
82.25000
95.50000
108.41667
127.91667
134.08334
138.25000
143.16667
142.16667
145.83334
148.00000
152.91667
155.41667
150.25000
138.75000
123.50000
119.16667
123.33334
132.91667
141.83334
143.33334
133.33334
118.75000
102.58334
111.33334
135.91667
148.75000
149.83334
145.75000
148.33334
149.91667
152.75000
150.83334
148.75000
130.83334
109.41667
91.83334
65.08334
73.75000
75.66667
85.58334
75.91667
71.41667
75.00000
80.00000
70.91667
73.75000
79.08334
59.50000
47.16667
61.33334
77.83334
89.16667
104.66667
120.08334
131.91667
135.00000
139.83334
144.41667
147.25000
148.91667
149.33334
148.58334
149.33334
147.58334
132.91667
109.41667
81.58334
86.08334
93.83334
104.25000
98.91667
74.66667
74.50000
104.00000
130.83334
150.66667
150.50000
143.75000
139.33334
144.58334
151.16667
138.00000
136.41667
120.08334
100.91667
86.33334
66.08334
71.58334
80.08334
75.50000
77.75000
74.25000
81.75000
90.08334
68.25000
67.50000
72.75000
58.66667
46.58334
54.83334
69.33334
85.83334
97.50000
110.50000
130.08334
133.08334
138.25000
140.33334
145.25000
144.33334
141.91667
142.00000
145.00000
138.33334
118.91667
92.50000
61.08334
56.83334
69.00000
63.91667
51.66667
40.83334
44.25000
59.16667
82.16667
108.00000
120.00000
123.16667
131.66667
132.25000
144.58334
130.83334
128.25000
114.16667
91.91667
77.83334
61.41667
66.83334
78.75000
69.83334
78.50000
78.66667
84.08334
94.83334
66.16667
61.25000
59.41667
56.16667
44.25000
53.08334
67.08334
80.00000
88.00000
102.66667
121.91667
131.33334
132.66667
136.75000
134.66667
129.66667
124.25000
110.16667
106.41667
98.16667
70.33334
51.66667
39.08334
34.83334
31.66667
29.91667
25.41667
23.41667
27.16667
38.66667
47.91667
59.33334
66.25000
77.25000
88.83334
111.41667
135.91667
129.58334
115.08334
105.08334
85.16667
66.16667
51.75000
68.33334
80.91667
69.75000
79.50000
80.83334
83.33334
81.00000
62.91667
63.50000
59.91667
53.83334
46.41667
48.58334
62.33334
74.83334
82.08334
90.33334
112.75000
123.50000
128.16667
127.58334
121.75000
109.58334
87.91667
64.58334
57.08334
45.91667
37.41667
32.66667
27.83333
25.41667
28.66667
34.66667
37.33334
42.33334
34.66667
31.91667
33.41667
35.75000
36.50000
47.00000
58.33334
77.75000
123.41667
121.83334
107.50000
91.66667
81.00000
59.83334
43.41667
64.58334
80.50000
76.08334
83.25000
85.83334
80.58334
78.25000
64.33334
63.75000
59.33334
55.08334
46.50000
45.83334
54.41667
72.91667
75.58334
83.75000
93.66667
111.83334
111.50000
116.83334
100.75000
76.75000
53.16667
41.16667
33.58334
28.25000
34.08334
36.50000
48.66667
56.33334
67.83334
82.75000
82.41667
68.83334
57.83334
53.25000
51.08334
51.25000
44.58334
45.08334
46.33334
54.83334
102.58334
108.08334
94.50000
83.25000
71.75000
55.00000
49.41667
69.58334
81.50000
80.41667
77.16667
83.91667
75.83334
74.66667
67.58334
67.25000
60.83334
55.75000
48.08334
48.08334
49.41667
67.83334
74.83334
72.16667
82.33334
94.91667
97.66667
98.08334
82.00000
54.08334
39.58334
36.58334
38.50000
51.75000
62.50000
64.41667
61.00000
71.41667
79.50000
77.83334
76.58334
78.75000
66.00000
52.83334
48.58334
46.25000
46.33334
52.83334
49.16667
53.75000
75.58334
96.33334
83.75000
78.83334
67.83334
54.66667
60.00000
72.00000
79.58334
80.58334
71.16667
82.08334
84.66667
78.33334
72.16667
69.66667
65.08334
59.08334
51.16667
46.50000
47.75000
62.83334
77.58334
67.50000
67.41667
78.25000
83.83334
83.08334
66.66667
43.00000
42.25000
45.50000
53.58334
51.25000
51.25000
58.91667
62.08334
71.58334
73.91667
84.91667
83.66667
86.83334
84.75000
72.91667
55.16667
54.16667
64.33334
64.33334
55.66667
55.41667
59.25000
78.08334
72.08334
66.33334
61.75000
48.91667
67.00000
70.58334
84.08334
83.66667
69.75000
92.41667
97.00000
78.91667
69.33334
70.33334
65.75000
63.41667
56.50000
47.25000
51.75000
61.08334
60.00000
55.16667
56.33334
58.66667
63.16667
71.25000
62.50000
56.33334
60.33334
60.58334
66.58334
66.25000
66.91667
71.58334
89.25000
109.08334
115.50000
119.58334
118.50000
116.91667
109.16667
96.75000
87.16667
88.50000
90.08334
81.75000
68.16667
57.16667
57.58334
56.50000
59.00000
56.41667
54.91667
52.16667
76.00000
77.50000
77.75000
82.33334
84.08334
89.58334
95.58334
84.00000
72.08334
71.58334
67.50000
66.16667
61.75000
47.66667
53.33334
55.58334
47.25000
46.33334
40.00000
45.00000
50.16667
57.75000
59.66667
61.25000
77.91667
88.66667
93.91667
98.08334
100.25000
101.91667
103.25000
105.08334
113.75000
116.00000
110.66667
99.16667
92.16667
96.33334
103.50000
110.08334
104.50000
95.83334
74.25000
53.91667
51.00000
42.00000
49.41667
67.33334
47.00000
49.66667
78.08334
87.75000
82.00000
87.08334
97.58334
91.50000
91.50000
83.41667
74.66667
74.16667
69.66667
68.25000
69.00000
60.50000
65.66667
49.00000
45.00000
38.00000
39.16667
30.91667
38.83334
42.91667
49.66667
62.25000
80.91667
96.41667
115.16667
120.58334
116.66667
110.16667
104.33334
96.91667
89.25000
79.50000
75.08334
79.66667
90.58334
101.16667
113.58334
115.33334
104.83334
90.41667
70.33334
51.16667
47.25000
39.25000
43.58334
67.08334
44.16667
57.41667
77.83334
98.00000
82.41667
88.66667
99.50000
84.66667
82.58334
75.08334
79.66667
82.91667
80.16667
87.08334
79.58334
72.83334
73.25000
44.25000
40.16667
45.50000
38.83334
30.16667
27.50000
32.50000
40.75000
56.16667
75.33334
94.91667
111.41667
116.33334
115.58334
111.58334
103.58334
96.91667
92.91667
92.16667
99.50000
110.66667
118.58334
122.83334
120.50000
112.83334
100.58334
84.58334
62.41667
48.25000
41.75000
38.50000
59.41667
59.25000
60.91667
68.41667
82.00000
101.66667
88.83334
91.33334
97.83334
86.25000
85.91667
75.16667
81.83334
84.41667
87.91667
87.50000
84.66667
96.41667
90.83334
44.91667
47.66667
38.33334
41.00000
44.16667
26.41667
23.66667
33.33334
46.25000
63.25000
81.75000
100.16667
110.66667
117.08334
121.16667
119.00000
116.00000
115.08334
120.91667
124.33334
127.50000
129.00000
130.75000
124.58334
112.33334
92.08334
73.83334
52.25000
46.16667
39.66667
47.66667
67.25000
64.25000
75.75000
83.58334
84.50000
100.50000
86.00000
87.75000
93.25000
87.08334
84.83334
69.33334
87.33334
90.58334
101.91667
100.91667
109.75000
108.58334
92.83334
79.33334
45.41667
43.50000
54.75000
44.00000
34.16667
27.08333
28.41667
35.08334
49.50000
63.83334
80.91667
92.00000
107.58334
121.08334
128.66667
129.16667
129.41667
129.25000
130.66667
130.16667
130.25000
125.83334
113.91667
100.41667
80.33334
59.50000
43.66667
36.75000
44.08334
56.08334
59.91667
78.00000
84.33334
109.41667
104.00000
98.41667
89.16667
88.91667
96.58334
100.83334
92.41667
69.25000
91.41667
103.83334
103.75000
107.00000
105.83334
115.25000
101.75000
93.33334
49.00000
42.66667
57.08334
44.58334
34.41667
33.25000
25.83333
25.50000
40.16667
50.75000
63.91667
79.58334
95.66667
113.25000
119.08334
129.41667
122.58334
119.50000
120.41667
119.83334
113.75000
108.66667
84.66667
64.50000
50.41667
40.08334
37.50000
37.25000
41.66667
55.25000
58.41667
94.33334
87.58334
106.83334
110.41667
107.41667
106.91667
101.83334
95.83334
101.50000
91.75000
78.66667
95.00000
111.25000
110.66667
111.08334
117.91667
110.75000
117.41667
97.66667
61.25000
62.41667
62.50000
43.75000
42.50000
31.08333
30.75000
23.66667
27.91667
39.41667
47.50000
62.50000
74.00000
86.83334
95.00000
101.00000
100.91667
98.58334
93.00000
91.33334
82.66667
70.91667
57.00000
46.08334
37.33334
28.91667
39.50000
45.50000
46.50000
57.08334
73.33334
109.75000
101.00000
112.58334
113.00000
126.91667
111.66667
119.58334
111.66667
105.25000
87.16667
90.75000
102.33334
119.00000
113.00000
107.33334
116.83334
114.08334
121.66667
116.33334
79.00000
76.91667
73.58334
52.83334
41.91667
40.91667
35.00000
31.75000
27.33333
25.00000
29.91667
40.66667
48.25000
54.00000
58.66667
67.41667
66.08334
68.00000
64.25000
56.66667
53.16667
43.50000
39.75000
31.83333
26.66667
26.83333
44.91667
62.83334
55.25000
74.33334
91.00000
109.08334
111.00000
109.75000
133.16667
137.83334
120.41667
123.33334
110.25000
100.66667
92.58334
96.75000
115.08334
129.66667
121.33334
119.66667
132.91667
128.08334
126.33334
123.25000
96.33334
82.33334
81.91667
60.91667
51.75000
56.25000
42.25000
36.33334
32.00000
25.50000
25.66667
31.75000
30.75000
33.16667
33.83334
41.41667
44.58334
43.16667
35.58334
33.83334
34.33334
31.00000
26.16667
24.75000
26.25000
32.66667
61.75000
87.25000
76.25000
94.58334
99.33334
112.33334
115.91667
114.66667
143.83334
138.41667
135.83334
136.33334
106.33334
101.00000
87.75000
115.75000
124.58334
139.50000
120.50000
125.41667
140.50000
126.25000
129.58334
131.50000
102.33334
83.83334
92.91667
69.91667
71.00000
64.50000
52.66667
47.41667
39.91667
34.33334
27.33333
26.91667
25.66667
24.66667
22.83333
27.08333
32.50000
29.75000
26.16667
24.08333
24.91667
22.25000
24.25000
27.16667
34.33334
45.50000
73.83334
104.41667
99.83334
98.00000
118.58334
120.08334
130.83334
133.41667
147.50000
132.91667
139.33334
140.83334
133.41667
122.83334
91.66667
116.00000
