94.25000
101.08334
101.08334
100.83334
95.58334
96.00000
91.58334
97.33334
89.41667
88.91667
89.41667
92.33334
93.08334
95.08334
92.41667
98.16667
103.50000
108.41667
120.75000
135.00000
143.83334
149.25000
146.41667
144.16667
143.16667
136.00000
135.00000
130.58334
124.66667
118.50000
118.41667
111.50000
100.75000
94.50000
87.50000
86.08334
87.50000
83.25000
83.08334
83.83334
84.25000
86.58334
86.16667
99.33334
102.66667
107.66667
111.08334
124.00000
128.50000
129.50000
99.91667
100.41667
102.16667
97.75000
94.08334
96.75000
95.08334
97.83334
91.66667
95.91667
93.41667
96.75000
96.41667
95.58334
100.50000
106.66667
114.50000
125.58334
136.66667
153.41667
164.83334
177.50000
178.33334
176.66667
176.08334
172.16667
175.41667
162.25000
150.08334
154.91667
148.25000
128.41667
119.91667
110.91667
107.91667
104.25000
101.08334
95.91667
99.08334
94.16667
87.33334
90.00000
91.25000
95.91667
101.25000
103.41667
111.00000
119.83334
127.16667
128.00000
97.16667
101.00000
98.75000
98.00000
94.16667
96.41667
95.33334
96.08334
95.91667
96.75000
96.58334
98.83334
97.83334
97.16667
104.83334
109.16667
122.91667
140.91667
157.08334
169.00000
187.91667
194.50000
204.41667
204.33334
204.41667
206.83334
201.66667
195.91667
190.33334
188.08334
180.58334
160.16667
148.00000
133.83334
121.83334
124.50000
112.58334
111.16667
107.66667
101.41667
93.08334
95.50000
91.58334
97.08334
99.00000
100.08334
107.00000
115.50000
126.16667
129.41667
93.83334
97.91667
98.58334
97.00000
94.83334
95.00000
95.83334
97.50000
99.25000
98.50000
101.16667
98.41667
98.16667
100.75000
109.16667
113.91667
132.25000
148.25000
174.66667
183.66667
203.75000
213.58334
219.50000
221.75000
222.00000
223.66667
222.50000
217.41667
212.91667
206.83334
197.25000
182.66667
172.66667
156.75000
140.50000
134.00000
129.91667
130.41667
125.08334
112.00000
94.50000
92.83334
97.50000
97.91667
93.08334
96.50000
101.33334
112.83334
118.75000
128.41667
95.00000
94.50000
99.66667
95.66667
97.75000
95.25000
97.75000
98.75000
100.33334
99.75000
99.83334
98.58334
92.25000
103.16667
111.25000
126.50000
144.00000
164.75000
184.50000
198.33334
208.58334
221.66667
223.33334
225.16667
225.33334
224.08334
225.58334
225.33334
219.91667
216.66667
208.16667
196.00000
185.66667
170.58334
156.41667
144.41667
143.16667
148.41667
135.41667
124.83334
100.58334
94.25000
98.00000
99.41667
92.50000
95.58334
96.58334
106.50000
117.08334
126.08334
93.41667
92.83334
94.58334
95.91667
97.00000
96.66667
99.08334
101.00000
101.33334
98.41667
95.83334
90.41667
90.08334
110.91667
124.08334
153.58334
162.50000
184.41667
200.66667
212.25000
220.75000
225.08334
224.41667
224.00000
223.75000
223.83334
224.00000
225.00000
221.33334
220.91667
211.33334
203.91667
190.50000
175.25000
160.75000
154.75000
153.08334
153.66667
144.41667
133.08334
105.08334
96.58334
96.41667
98.33334
94.00000
93.83334
88.91667
99.08334
116.16667
124.41667
90.91667
90.66667
94.00000
94.33334
94.83334
96.00000
99.50000
101.66667
100.75000
90.00000
95.08334
84.75000
100.16667
128.83334
153.41667
179.58334
188.16667
205.83334
215.41667
220.91667
222.83334
225.00000
224.50000
224.33334
224.66667
225.00000
224.83334
224.25000
223.08334
221.41667
218.50000
208.25000
198.66667
181.25000
164.08334
168.16667
169.33334
167.83334
156.41667
139.16667
112.08334
98.66667
93.25000
91.50000
95.41667
92.91667
86.41667
94.16667
113.75000
124.25000
84.66667
85.66667
91.00000
89.83334
96.08334
96.58334
99.00000
99.91667
99.58334
86.75000
99.25000
100.83334
129.25000
149.91667
183.41667
205.66667
209.25000
217.08334
220.66667
222.41667
222.00000
223.00000
224.00000
224.08334
224.83334
226.25000
225.41667
223.83334
224.08334
222.58334
221.75000
218.41667
210.50000
193.41667
181.25000
178.91667
177.58334
177.50000
161.33334
145.50000
115.75000
98.66667
90.33334
84.50000
94.41667
91.83334
86.25000
93.58334
109.50000
123.83334
78.66667
81.66667
89.16667
87.50000
90.41667
95.25000
102.16667
105.16667
101.08334
102.83334
117.58334
135.41667
154.00000
177.16667
206.25000
216.50000
218.08334
219.33334
219.66667
220.83334
221.66667
222.33334
224.00000
225.16667
225.75000
225.75000
224.58334
224.50000
224.08334
221.58334
220.00000
220.16667
216.50000
209.75000
202.00000
190.33334
189.50000
180.75000
168.08334
146.58334
119.16667
104.33334
87.58334
75.25000
90.83334
90.66667
85.25000
92.66667
105.83334
124.16667
76.83334
76.50000
80.00000
86.08334
82.41667
98.66667
103.25000
110.00000
118.16667
127.16667
150.16667
179.16667
194.83334
202.25000
213.00000
216.50000
218.16667
218.50000
220.50000
221.83334
222.91667
222.83334
223.58334
224.58334
225.00000
224.25000
223.33334
224.91667
224.41667
224.58334
223.25000
220.91667
218.33334
215.66667
210.16667
200.91667
191.83334
185.25000
174.00000
145.00000
123.16667
108.50000
86.08334
73.50000
81.91667
88.91667
84.75000
94.91667
101.50000
123.66667
68.33334
70.58334
77.75000
86.75000
89.75000
97.91667
105.75000
116.41667
136.58334
154.91667
174.66667
199.83334
208.00000
212.75000
216.75000
218.33334
219.16667
222.00000
223.25000
224.16667
225.41667
226.08334
225.75000
224.75000
225.83334
225.75000
225.91667
226.50000
222.41667
225.58334
223.66667
215.66667
215.50000
216.41667
215.91667
205.83334
196.75000
188.08334
178.75000
143.33334
125.16667
112.58334
90.91667
74.83334
85.75000
85.66667
86.83334
96.83334
105.66667
126.00000
60.00000
65.58334
71.16667
87.75000
98.16667
109.50000
121.58334
140.08334
159.91667
179.16667
191.16667
202.16667
209.75000
216.33334
220.00000
223.08334
225.41667
226.91667
226.50000
227.83334
226.91667
228.33334
227.41667
226.33334
227.41667
226.66667
226.58334
227.91667
220.33334
214.25000
204.41667
201.41667
210.83334
211.50000
209.83334
207.83334
201.08334
188.83334
182.00000
139.41667
131.25000
123.58334
102.25000
76.50000
83.91667
83.41667
90.91667
102.91667
108.00000
126.83334
59.75000
67.25000
77.08334
92.91667
115.41667
125.91667
145.50000
163.33334
178.66667
191.58334
197.75000
205.16667
211.91667
217.25000
219.08334
216.25000
219.25000
220.58334
226.91667
230.41667
228.91667
229.83334
229.33334
229.33334
229.41667
229.16667
226.58334
220.75000
214.66667
201.91667
186.75000
158.66667
158.00000
157.75000
169.33334
173.75000
169.58334
166.00000
164.50000
142.50000
133.75000
135.41667
106.66667
77.25000
79.58334
84.00000
94.83334
106.83334
114.83334
121.66667
61.16667
67.08334
79.00000
103.66667
119.50000
130.50000
151.58334
169.83334
179.91667
190.00000
192.16667
194.16667
195.08334
186.83334
172.41667
166.33334
161.50000
169.50000
190.83334
209.66667
214.08334
221.66667
227.50000
231.16667
227.66667
222.08334
212.58334
192.25000
186.00000
169.91667
159.41667
161.91667
154.66667
152.08334
170.41667
174.58334
169.25000
162.66667
148.50000
124.25000
124.16667
138.66667
110.50000
76.00000
79.83334
85.91667
94.91667
110.41667
122.66667
119.83334
61.08334
69.66667
76.41667
102.66667
120.75000
142.00000
162.00000
171.08334
175.41667
180.25000
180.33334
175.33334
167.25000
160.75000
147.16667
140.91667
139.91667
140.66667
156.91667
170.75000
180.75000
189.16667
211.33334
224.58334
225.83334
220.75000
204.33334
183.83334
160.08334
163.25000
173.58334
170.58334
163.58334
169.83334
186.25000
191.41667
176.50000
161.08334
174.50000
157.75000
143.25000
127.75000
115.00000
82.75000
84.25000
89.50000
101.58334
109.75000
108.00000
116.41667
62.00000
71.16667
79.66667
95.66667
126.25000
149.33334
160.25000
166.33334
168.00000
172.08334
163.33334
154.75000
162.66667
168.00000
169.75000
166.91667
167.00000
170.58334
167.50000
173.91667
173.50000
177.00000
190.08334
212.41667
216.75000
209.00000
194.08334
184.25000
170.41667
169.16667
169.50000
186.08334
179.41667
184.16667
185.58334
178.00000
175.08334
167.41667
173.00000
158.58334
156.91667
145.41667
128.16667
89.08334
89.66667
94.91667
116.50000
116.08334
117.33334
120.33334
77.00000
75.08334
82.66667
97.00000
123.75000
148.91667
163.83334
163.75000
159.33334
159.41667
155.00000
174.58334
176.41667
178.08334
183.50000
184.50000
182.33334
185.41667
180.58334
181.25000
180.58334
185.75000
179.16667
198.25000
208.08334
204.66667
193.08334
184.75000
167.83334
166.33334
167.08334
177.58334
181.58334
177.08334
187.75000
176.41667
173.91667
178.08334
175.08334
162.66667
165.66667
145.50000
139.91667
109.16667
98.83334
120.66667
134.25000
130.08334
124.00000
130.66667
90.91667
89.41667
86.66667
100.25000
123.66667
150.83334
160.91667
156.08334
165.33334
174.00000
162.41667
172.66667
182.50000
178.08334
185.33334
173.08334
167.91667
169.75000
172.83334
181.33334
175.58334
179.33334
190.75000
199.58334
208.50000
208.25000
191.91667
173.08334
157.50000
154.08334
167.91667
172.00000
167.50000
141.41667
142.75000
154.83334
166.58334
172.91667
176.66667
161.08334
173.50000
146.91667
141.16667
120.16667
122.58334
134.16667
140.25000
143.08334
131.83334
132.41667
101.75000
101.75000
97.00000
106.66667
120.25000
147.75000
165.91667
162.00000
168.16667
175.16667
180.41667
173.41667
173.50000
163.50000
165.33334
142.00000
143.33334
153.66667
159.91667
171.58334
165.75000
169.83334
191.16667
195.33334
217.16667
210.91667
198.50000
177.25000
156.33334
157.16667
160.75000
174.25000
144.58334
150.41667
130.25000
129.75000
133.50000
153.16667
169.00000
167.08334
176.83334
162.75000
151.75000
127.16667
157.50000
152.58334
166.83334
156.25000
162.41667
157.66667
119.58334
114.50000
105.41667
116.50000
121.50000
161.08334
173.91667
170.91667
172.50000
180.33334
182.16667
173.75000
158.75000
130.33334
125.16667
111.58334
123.58334
148.58334
165.83334
176.50000
170.08334
174.33334
184.75000
185.91667
212.75000
211.25000
193.33334
179.41667
165.41667
145.16667
155.33334
186.41667
149.08334
129.00000
107.75000
145.58334
144.25000
155.91667
170.66667
162.83334
179.58334
164.66667
161.75000
153.16667
165.33334
174.66667
176.91667
179.41667
165.50000
163.16667
145.50000
138.91667
126.08334
126.08334
129.58334
155.83334
176.41667
180.91667
177.58334
189.00000
173.16667
154.75000
135.91667
151.00000
131.16667
109.75000
126.66667
166.25000
180.33334
167.58334
168.33334
165.66667
180.41667
188.50000
208.08334
211.58334
195.75000
168.83334
165.16667
165.41667
157.00000
173.25000
175.75000
167.91667
151.83334
160.58334
163.00000
172.08334
176.08334
182.83334
179.41667
173.83334
168.75000
171.66667
180.41667
184.00000
186.50000
188.75000
158.50000
179.16667
147.50000
151.75000
146.25000
140.08334
135.91667
155.16667
177.75000
190.00000
181.91667
190.41667
176.08334
171.50000
167.50000
172.25000
161.75000
157.66667
171.00000
180.75000
180.33334
170.58334
172.75000
158.08334
172.08334
193.41667
207.33334
211.66667
200.33334
178.83334
164.58334
166.50000
154.00000
169.08334
180.58334
175.58334
177.91667
179.25000
184.41667
187.25000
185.75000
189.16667
183.91667
181.66667
172.41667
185.08334
164.50000
197.25000
180.66667
195.66667
185.58334
191.50000
159.91667
161.91667
166.00000
161.91667
152.08334
166.66667
180.91667
192.25000
188.91667
189.50000
190.50000
186.83334
187.33334
189.58334
183.16667
181.00000
185.75000
185.25000
180.66667
177.16667
178.50000
179.08334
175.58334
195.50000
207.08334
212.00000
200.66667
185.83334
161.75000
174.08334
169.66667
170.33334
176.75000
181.50000
184.66667
185.66667
186.33334
193.75000
191.83334
192.91667
187.91667
181.25000
179.58334
191.50000
185.00000
190.66667
188.08334
193.08334
186.83334
177.50000
165.41667
170.75000
168.91667
173.16667
167.25000
174.16667
181.41667
193.58334
198.50000
195.00000
197.33334
195.00000
195.75000
192.41667
188.83334
189.00000
189.50000
190.08334
188.91667
190.50000
184.41667
179.91667
183.08334
194.58334
204.33334
209.58334
199.08334
187.41667
175.33334
163.66667
183.50000
185.75000
185.25000
187.16667
189.66667
187.66667
193.08334
197.91667
194.83334
190.33334
186.33334
185.50000
180.91667
192.25000
194.33334
176.50000
184.75000
191.33334
182.16667
179.41667
180.41667
182.66667
177.66667
180.66667
174.41667
181.00000
187.58334
192.58334
196.83334
197.66667
196.08334
198.66667
196.58334
195.00000
193.00000
194.00000
193.16667
195.75000
196.66667
192.75000
180.33334
178.08334
188.58334
193.83334
201.16667
206.16667
199.50000
187.66667
179.16667
173.66667
167.00000
180.91667
193.83334
196.08334
194.08334
190.00000
192.25000
199.91667
194.08334
191.08334
185.83334
182.75000
185.50000
181.08334
192.83334
180.41667
176.50000
190.50000
178.41667
177.83334
173.91667
185.41667
184.58334
179.16667
172.33334
181.83334
187.66667
191.75000
195.33334
198.41667
201.08334
198.91667
195.08334
191.08334
188.08334
190.91667
192.66667
196.33334
194.75000
198.00000
182.91667
187.08334
189.66667
191.41667
198.41667
202.66667
200.58334
187.50000
180.41667
179.08334
179.16667
181.66667
189.75000
197.83334
198.25000
195.33334
194.83334
196.58334
194.91667
195.83334
186.91667
183.66667
186.25000
180.25000
183.83334
201.41667
185.58334
172.33334
188.00000
174.33334
175.75000
177.58334
187.08334
181.00000
184.08334
184.66667
185.66667
190.25000
197.66667
199.50000
202.16667
202.41667
207.08334
201.58334
195.08334
197.66667
201.91667
206.41667
206.08334
201.83334
193.00000
187.91667
188.25000
191.00000
199.00000
205.58334
204.91667
191.00000
182.58334
180.25000
181.25000
184.16667
196.50000
200.58334
201.00000
200.83334
198.91667
201.75000
198.50000
194.66667
186.91667
183.50000
184.25000
193.91667
178.66667
195.33334
199.08334
171.08334
186.83334
196.75000
179.33334
169.83334
179.83334
181.58334
183.08334
183.50000
183.91667
187.83334
196.83334
198.08334
201.33334
201.75000
204.08334
205.66667
204.58334
209.83334
210.91667
211.16667
209.41667
202.58334
194.91667
184.83334
182.66667
193.41667
206.16667
209.33334
210.25000
197.00000
186.41667
182.58334
178.08334
185.91667
197.66667
203.91667
206.33334
204.91667
204.50000
203.08334
200.25000
194.08334
186.50000
185.25000
176.00000
190.66667
170.08334
177.91667
195.41667
175.25000
184.33334
192.33334
185.50000
170.75000
177.66667
186.41667
182.33334
183.41667
181.33334
188.25000
197.33334
198.91667
202.08334
208.33334
211.91667
211.25000
212.83334
217.00000
215.83334
214.75000
211.75000
194.58334
188.83334
173.16667
181.00000
199.00000
212.00000
216.58334
214.33334
195.58334
181.33334
177.91667
177.41667
179.58334
191.66667
205.33334
210.91667
209.83334
206.91667
203.50000
199.75000
194.08334
185.25000
184.08334
175.25000
191.16667
185.58334
180.41667
182.91667
162.41667
173.83334
183.58334
183.25000
177.41667
165.00000
168.91667
181.41667
182.91667
183.58334
184.66667
195.08334
198.58334
201.50000
207.58334
212.58334
215.41667
216.91667
218.16667
216.33334
214.00000
209.41667
191.58334
179.50000
172.00000
183.25000
192.08334
198.33334
208.16667
206.75000
191.83334
179.25000
173.33334
173.58334
174.41667
192.50000
201.41667
209.08334
209.08334
208.08334
203.41667
197.41667
191.83334
183.58334
182.91667
173.75000
189.08334
180.66667
179.25000
180.91667
184.25000
181.58334
173.58334
163.91667
182.25000
178.25000
161.33334
180.83334
183.50000
184.66667
189.00000
194.91667
198.41667
202.83334
208.00000
211.33334
214.83334
213.66667
214.08334
215.66667
214.08334
205.00000
193.41667
181.16667
183.08334
174.75000
171.41667
188.00000
196.83334
197.83334
178.58334
172.83334
172.25000
168.41667
180.91667
194.33334
203.50000
206.91667
209.50000
208.91667
203.91667
197.75000
191.66667
182.66667
182.58334
176.66667
171.91667
175.16667
192.33334
174.58334
191.16667
187.25000
190.41667
167.00000
176.33334
175.50000
180.16667
170.75000
181.83334
182.58334
190.25000
195.25000
199.83334
203.41667
208.00000
210.66667
212.41667
211.66667
214.83334
216.08334
212.58334
205.58334
195.08334
183.33334
172.91667
180.16667
182.33334
189.41667
189.33334
186.33334
176.83334
172.16667
165.75000
171.41667
184.16667
193.33334
201.66667
209.33334
210.58334
209.33334
203.83334
197.75000
191.33334
182.50000
182.83334
188.66667
182.75000
179.66667
180.50000
169.16667
177.08334
176.83334
180.25000
151.83334
172.75000
167.50000
181.75000
184.16667
180.50000
184.50000
188.75000
195.50000
200.75000
204.50000
207.83334
210.25000
211.00000
215.66667
216.00000
213.50000
208.50000
204.91667
197.50000
190.75000
181.25000
183.41667
190.91667
195.91667
197.75000
195.25000
183.75000
178.08334
177.08334
179.58334
187.33334
191.50000
197.66667
205.83334
211.33334
210.16667
204.08334
197.58334
190.25000
182.75000
188.83334
188.75000
184.66667
182.33334
192.41667
181.16667
193.25000
180.58334
155.25000
146.58334
168.16667
173.50000
173.00000
178.58334
181.66667
185.66667
188.75000
195.83334
200.75000
205.50000
210.00000
212.33334
213.16667
216.33334
213.16667
207.25000
202.75000
199.25000
197.08334
194.83334
191.50000
189.66667
191.91667
194.41667
199.00000
193.83334
189.50000
188.41667
186.00000
188.08334
189.66667
189.91667
193.00000
198.91667
203.83334
204.16667
202.75000
195.83334
189.66667
178.50000
192.50000
184.83334
173.66667
185.08334
174.75000
183.91667
193.66667
192.33334
168.91667
137.58334
144.75000
160.25000
169.33334
169.58334
177.16667
186.25000
188.66667
196.83334
200.83334
203.25000
209.58334
213.83334
214.75000
213.00000
209.25000
206.41667
202.41667
198.41667
194.66667
191.83334
193.91667
195.16667
200.00000
200.75000
200.16667
198.25000
198.50000
195.50000
192.75000
193.00000
191.66667
191.58334
191.41667
192.41667
195.08334
199.25000
201.08334
196.83334
188.25000
175.50000
188.58334
181.00000
183.33334
166.50000
178.00000
173.58334
177.08334
185.00000
207.41667
121.33334
127.75000
140.41667
160.00000
167.41667
179.50000
180.50000
186.25000
194.83334
201.25000
202.33334
207.25000
212.25000
212.41667
211.41667
211.08334
207.16667
200.00000
193.58334
186.83334
193.00000
197.58334
203.75000
206.00000
206.75000
206.41667
209.41667
203.16667
199.16667
192.83334
190.25000
186.08334
186.41667
189.33334
194.00000
195.41667
196.41667
199.91667
195.00000
186.58334
178.66667
182.75000
190.33334
197.16667
163.16667
200.66667
191.33334
177.83334
169.41667
200.50000
116.33334
119.58334
136.41667
145.58334
152.00000
167.58334
172.41667
180.33334
189.41667
200.91667
203.33334
204.83334
211.50000
212.75000
214.00000
209.16667
195.91667
183.91667
182.75000
189.83334
200.16667
196.25000
198.66667
198.58334
198.58334
198.08334
199.25000
198.83334
196.58334
187.00000
185.50000
175.91667
172.08334
180.41667
198.91667
204.91667
201.66667
200.08334
193.25000
185.08334
182.25000
184.58334
177.83334
196.75000
159.83334
182.66667
192.83334
197.58334
177.33334
198.58334
115.50000
118.00000
131.41667
142.08334
149.91667
160.50000
170.33334
179.33334
190.50000
200.83334
202.75000
202.91667
209.50000
211.66667
210.50000
204.66667
199.33334
189.33334
180.91667
178.25000
178.33334
175.08334
178.75000
178.66667
182.66667
185.83334
183.33334
175.75000
172.75000
171.25000
171.16667
167.00000
164.16667
170.33334
192.08334
205.41667
202.00000
198.41667
189.16667
183.66667
180.75000
187.58334
182.66667
195.91667
180.08334
168.83334
180.16667
195.16667
204.25000
197.00000
114.75000
116.58334
128.83334
132.91667
147.16667
153.25000
163.50000
171.83334
186.91667
199.00000
204.08334
201.16667
207.25000
212.33334
212.16667
204.41667
196.50000
183.66667
169.66667
162.00000
161.50000
155.50000
159.58334
157.58334
161.83334
159.66667
158.25000
158.66667
157.00000
155.50000
161.50000
165.33334
172.50000
184.33334
200.16667
208.66667
206.25000
196.58334
188.50000
182.75000
184.83334
188.66667
197.16667
180.08334
210.75000
191.00000
189.08334
177.41667
200.75000
197.75000
114.33334
116.83334
127.25000
131.50000
141.16667
144.08334
159.25000
164.75000
185.08334
196.50000
203.83334
201.83334
205.16667
211.75000
214.83334
211.25000
203.50000
196.91667
184.50000
176.58334
175.91667
175.66667
175.33334
174.66667
175.33334
178.08334
179.58334
181.41667
183.41667
182.41667
178.50000
179.08334
188.00000
193.66667
203.91667
205.58334
202.33334
193.41667
188.41667
183.91667
185.16667
174.25000
194.83334
159.66667
186.16667
189.33334
188.08334
169.50000
193.16667
172.75000
114.50000
116.75000
125.66667
132.16667
141.83334
143.50000
153.33334
163.91667
176.83334
191.41667
201.58334
203.00000
201.58334
209.08334
213.41667
214.00000
209.66667
204.75000
201.00000
193.50000
190.75000
191.50000
194.16667
194.83334
192.75000
192.41667
193.25000
194.50000
192.41667
187.41667
185.83334
191.00000
195.83334
198.41667
202.00000
203.50000
198.33334
191.08334
186.00000
181.66667
190.91667
177.33334
194.00000
180.33334
165.83334
185.50000
194.58334
204.25000
191.41667
189.91667
111.91667
116.83334
124.41667
132.50000
140.83334
140.58334
144.66667
158.66667
169.91667
186.83334
199.00000
203.33334
201.83334
205.75000
211.25000
214.75000
213.91667
210.75000
207.83334
206.83334
207.08334
205.25000
202.08334
200.25000
198.16667
196.83334
194.58334
192.08334
194.08334
197.41667
197.50000
198.58334
200.00000
200.16667
201.50000
199.00000
194.00000
188.50000
185.41667
178.50000
191.66667
192.91667
188.83334
212.91667
204.33334
188.83334
172.50000
212.25000
208.41667
216.83334
108.25000
116.08334
120.75000
132.91667
140.25000
142.08334
140.91667
153.75000
163.00000
178.41667
194.75000
202.00000
201.00000
202.91667
205.41667
210.33334
213.41667
211.25000
210.75000
208.75000
211.33334
210.50000
206.91667
206.00000
203.00000
200.16667
198.91667
199.16667
203.08334
205.33334
203.83334
203.58334
203.25000
201.00000
199.50000
194.50000
190.66667
185.16667
182.75000
185.00000
180.08334
192.66667
155.66667
179.16667
195.08334
184.08334
179.25000
196.41667
191.08334
187.58334
105.66667
115.91667
120.33334
134.58334
139.41667
141.08334
140.33334
151.41667
157.08334
168.41667
186.33334
196.66667
200.50000
199.83334
204.83334
209.08334
211.66667
210.00000
211.58334
211.00000
212.50000
210.83334
212.33334
211.16667
207.50000
206.83334
208.25000
210.16667
209.66667
209.75000
207.25000
204.58334
204.50000
201.66667
194.33334
188.75000
185.00000
180.83334
179.00000
186.33334
175.83334
193.83334
188.41667
163.41667
184.75000
191.00000
204.00000
194.66667
190.00000
154.91667
105.08334
117.16667
121.08334
134.33334
140.00000
141.50000
139.91667
148.25000
151.16667
161.08334
179.25000
193.58334
197.83334
196.58334
200.83334
205.58334
209.83334
210.50000
212.08334
212.50000
214.16667
213.16667
213.41667
215.75000
214.66667
212.91667
211.91667
211.08334
208.91667
208.16667
208.33334
204.66667
202.91667
198.16667
189.83334
184.66667
180.83334
174.66667
185.75000
192.83334
191.91667
183.83334
209.25000
192.83334
184.50000
183.75000
208.58334
191.50000
206.50000
183.83334
105.41667
117.16667
120.50000
134.33334
138.83334
141.75000
137.75000
148.58334
149.25000
155.00000
169.41667
183.66667
191.50000
192.66667
196.41667
201.16667
205.83334
207.58334
209.83334
212.33334
212.75000
213.00000
213.83334
212.83334
211.75000
210.16667
209.58334
209.00000
207.33334
208.16667
206.50000
201.91667
197.00000
194.00000
185.91667
179.50000
181.58334
167.83334
183.50000
172.25000
197.00000
167.66667
168.58334
186.25000
176.75000
175.00000
192.66667
205.50000
190.16667
194.08334
103.41667
115.58334
119.91667
133.50000
138.08334
141.08334
139.25000
147.50000
149.83334
155.41667
160.91667
175.83334
184.33334
186.58334
192.50000
197.58334
202.08334
206.25000
209.50000
209.08334
211.00000
210.83334
210.41667
211.25000
211.08334
210.91667
212.83334
211.75000
207.75000
206.25000
203.75000
199.16667
193.00000
189.00000
179.00000
169.75000
163.75000
163.33334
165.91667
165.75000
190.16667
184.00000
162.91667
174.33334
183.41667
192.58334
183.50000
203.91667
157.08334
185.91667
95.83334
105.41667
108.41667
124.91667
138.58334
140.66667
139.66667
148.83334
148.00000
155.66667
156.66667
168.16667
174.33334
178.33334
182.58334
189.16667
196.33334
200.50000
205.50000
208.16667
211.50000
213.33334
215.83334
217.08334
214.91667
216.08334
216.50000
213.83334
211.00000
206.33334
201.25000
193.66667
188.75000
179.91667
164.50000
152.50000
149.25000
161.25000
171.83334
177.00000
183.08334
183.91667
169.58334
168.91667
168.58334
176.83334
173.00000
178.08334
163.08334
176.83334
87.25000
99.33334
106.50000
124.58334
137.00000
141.16667
141.08334
150.66667
149.41667
155.33334
156.83334
165.91667
165.16667
170.25000
173.08334
180.16667
187.83334
194.66667
201.58334
207.58334
208.33334
213.33334
216.08334
218.16667
218.66667
218.16667
218.16667
214.41667
211.08334
205.50000
197.08334
188.00000
178.91667
170.58334
147.66667
137.91667
117.33334
125.58334
148.91667
163.66667
153.00000
161.91667
171.41667
159.75000
145.91667
160.66667
157.33334
145.08334
158.08334
139.41667
74.50000
89.91667
99.16667
124.66667
138.00000
141.58334
136.25000
151.08334
149.83334
148.66667
142.58334
164.00000
165.50000
169.33334
164.83334
167.33334
176.58334
185.91667
193.75000
201.91667
206.50000
210.75000
215.58334
218.33334
217.00000
216.66667
215.25000
211.00000
205.25000
198.75000
189.66667
176.83334
168.91667
159.16667
147.33334
120.16667
107.58334
98.33334
110.66667
126.58334
115.16667
116.58334
144.50000
144.33334
145.91667
153.50000
156.41667
133.33334
163.00000
140.33334
