50.50000
41.40000
31.00000
33.60000
41.60000
34.40000
38.90000
51.10000
52.50000
55.90000
61.20000
63.20000
67.60000
70.90000
80.90000
83.50000
86.50000
90.90000
89.50000
92.10000
97.40000
102.00000
106.40000
104.50000
101.30000
88.90000
95.00000
98.20000
98.10000
99.70000
97.60000
92.00000
83.90000
79.20000
78.00000
72.00000
64.70000
54.70000
48.80000
49.20000
42.20000
35.60000
35.50000
37.90000
43.80000
40.90000
47.00000
49.50000
54.70000
63.60000
48.10000
41.00000
32.20000
33.50000
36.00000
39.00000
44.20000
54.80000
61.70000
64.00000
68.30000
74.80000
76.10000
79.20000
87.30000
96.90000
97.20000
99.50000
96.80000
101.50000
105.60000
114.40000
122.00000
118.60000
115.20000
116.60000
114.70000
113.70000
113.50000
108.80000
105.60000
105.80000
100.80000
89.80000
80.70000
75.00000
70.20000
61.40000
60.10000
64.50000
55.10000
49.80000
44.30000
37.10000
42.00000
40.70000
42.60000
51.70000
49.50000
66.10000
49.40000
37.20000
39.60000
40.00000
34.10000
43.60000
50.00000
59.10000
65.60000
73.70000
73.60000
77.80000
83.40000
87.40000
93.90000
100.70000
101.50000
105.30000
108.50000
115.00000
120.00000
126.40000
131.60001
138.10001
135.10001
136.40001
126.20000
124.90000
122.20000
115.10000
109.00000
108.60000
110.40000
100.10000
90.00000
83.70000
79.20000
72.00000
70.50000
69.50000
60.70000
53.10000
48.30000
36.50000
42.00000
42.90000
42.30000
52.90000
48.70000
77.10000
46.70000
37.30000
38.60000
37.50000
38.30000
42.90000
51.90000
60.00000
73.20000
77.50000
78.80000
86.70000
90.40000
90.90000
95.40000
101.80000
105.80000
113.80000
119.50000
134.20000
141.20000
145.00000
146.00000
151.20000
153.10001
155.90001
144.90001
135.80000
131.90001
123.90000
114.80000
116.70000
110.10000
103.30000
93.40000
90.00000
83.90000
79.50000
73.40000
68.60000
65.00000
58.40000
53.60000
40.70000
42.20000
44.70000
42.30000
49.20000
50.10000
81.50000
45.20000
40.80000
41.40000
35.90000
42.70000
51.10000
55.60000
66.10000
74.80000
82.60000
84.80000
86.80000
90.70000
93.90000
98.20000
104.90000
112.00000
121.10000
136.10001
156.80000
159.70000
162.30000
165.60001
166.10001
159.20000
165.70000
160.30000
146.40001
140.20000
135.90001
124.40000
118.30000
114.20000
106.20000
98.10000
95.00000
93.20000
86.60000
78.50000
70.20000
67.50000
63.30000
57.50000
47.40000
43.40000
46.40000
46.20000
48.90000
56.10000
84.90000
44.40000
39.90000
46.70000
51.50000
50.80000
62.10000
62.60000
73.70000
77.90000
83.30000
89.90000
93.10000
98.80000
96.40000
100.70000
111.30000
118.00000
125.30000
139.40001
158.10001
165.80000
164.20000
162.10001
161.20000
163.10001
171.10001
169.10001
161.40001
148.30000
137.40001
129.50000
124.30000
121.80000
112.00000
107.40000
101.60000
95.70000
88.30000
84.40000
78.50000
74.60000
69.00000
62.50000
49.00000
44.40000
49.50000
43.60000
49.00000
53.70000
82.40000
43.40000
45.10000
41.80000
59.40000
62.90000
65.20000
68.00000
78.90000
86.60000
90.30000
94.20000
97.60000
99.20000
100.70000
106.30000
115.40000
130.10001
136.50000
143.40001
154.80000
164.30000
167.80000
164.30000
163.30000
161.50000
165.00000
168.80000
161.70000
152.20000
138.10001
132.60001
128.20000
125.50000
119.40000
109.90000
102.80000
96.50000
93.30000
88.60000
84.30000
83.00000
74.90000
63.90000
56.10000
51.10000
46.30000
43.00000
53.10000
52.50000
77.40000
41.80000
47.30000
47.90000
63.20000
69.20000
71.30000
75.60000
84.10000
92.30000
95.80000
96.80000
99.10000
99.30000
101.30000
109.00000
119.20000
130.50000
140.60001
148.60001
160.50000
166.60001
173.40001
171.80000
169.30000
166.10001
167.10001
160.60001
157.90001
148.00000
140.10001
136.80000
136.00000
127.00000
121.60000
114.40000
107.90000
101.00000
95.90000
91.90000
88.60000
86.90000
77.50000
67.60000
63.30000
56.90000
46.80000
46.20000
53.50000
49.80000
81.90000
49.50000
41.10000
51.30000
65.30000
71.50000
76.00000
80.10000
88.20000
95.20000
98.70000
101.50000
102.70000
103.80000
107.80000
116.90000
127.50000
135.80000
145.20000
156.30000
164.70000
167.10001
166.90001
173.40001
169.30000
169.50000
167.90001
165.70000
165.10001
151.90001
145.90001
143.10001
140.10001
133.70000
127.30000
117.50000
109.90000
104.50000
98.60000
94.30000
90.70000
88.00000
79.20000
69.40000
69.40000
58.70000
45.90000
48.30000
51.50000
54.70000
76.70000
49.90000
41.30000
53.60000
67.70000
72.50000
78.40000
83.40000
92.30000
96.80000
100.40000
103.10000
105.10000
108.50000
114.00000
125.70000
136.20000
142.70000
152.30000
159.00000
170.60001
182.30000
180.60001
173.10001
175.10001
174.70000
175.00000
171.30000
163.90001
154.90001
150.80000
148.50000
143.60001
140.20000
128.70000
124.30000
115.90000
109.20000
102.70000
97.40000
93.00000
90.40000
83.10000
72.30000
71.60000
63.60000
51.70000
48.00000
51.60000
60.60000
72.10000
40.00000
47.50000
53.50000
68.50000
74.30000
82.20000
89.60000
96.00000
100.00000
102.80000
105.90000
109.30000
111.70000
113.80000
123.60000
133.30000
146.10001
154.70000
167.00000
180.40001
188.20000
183.10001
180.40001
183.40001
178.90001
174.40001
169.00000
171.90001
162.00000
156.00000
150.30000
149.60001
141.10001
136.40001
129.50000
122.70000
112.40000
106.30000
102.00000
96.80000
92.80000
85.90000
76.70000
74.30000
65.00000
55.40000
46.90000
55.70000
63.90000
67.70000
45.40000
47.90000
53.90000
65.30000
77.90000
84.20000
95.00000
98.80000
101.50000
104.80000
109.10000
113.30000
118.80000
122.50000
125.90000
134.00000
147.20000
161.70000
171.70000
170.90001
183.40001
183.50000
178.00000
180.50000
179.40001
174.40001
175.90001
178.10001
166.60001
163.90001
153.90001
152.80000
146.30000
140.10001
133.20000
121.10000
111.70000
107.40000
103.20000
98.40000
94.80000
88.10000
81.20000
76.40000
68.80000
60.30000
48.60000
55.60000
61.70000
60.50000
56.50000
53.00000
58.00000
70.40000
83.70000
90.80000
97.50000
101.00000
104.10000
109.20000
113.30000
117.50000
120.70000
124.40000
130.60001
141.00000
154.20000
161.20000
165.10001
169.40001
171.10001
169.40001
169.60001
172.70000
170.00000
169.50000
174.30000
171.40001
163.90001
160.70000
160.60001
157.00000
148.40001
139.90001
129.60001
120.20000
113.50000
109.90000
105.50000
102.40000
97.40000
89.30000
82.50000
76.10000
69.40000
66.50000
46.40000
50.90000
65.60000
55.20000
60.40000
63.70000
74.00000
71.00000
86.20000
94.70000
100.80000
101.20000
105.40000
109.50000
111.70000
111.80000
113.70000
120.90000
129.40001
137.30000
147.00000
150.30000
155.00000
146.90001
149.10001
154.40001
156.80000
161.30000
158.70000
160.00000
165.40001
159.00000
161.00000
158.70000
155.90001
153.00000
142.00000
128.00000
122.80000
117.20000
112.10000
109.30000
103.30000
97.30000
95.90000
89.80000
84.90000
76.80000
74.30000
66.20000
47.00000
46.70000
66.00000
57.40000
59.20000
67.20000
74.30000
76.50000
87.60000
96.50000
103.30000
103.70000
105.80000
108.20000
106.80000
105.60000
104.90000
106.10000
110.80000
118.30000
128.10001
132.70000
135.70000
136.70000
136.40001
142.40001
147.40001
147.20000
150.50000
151.80000
153.90001
151.90001
150.90001
146.50000
144.80000
131.90001
123.60000
123.90000
118.50000
113.40000
107.40000
98.30000
91.80000
91.90000
92.80000
91.30000
88.70000
79.90000
75.70000
68.00000
47.00000
42.80000
67.40000
63.60000
67.90000
62.80000
73.60000
80.90000
89.00000
98.90000
105.00000
107.10000
108.10000
110.10000
106.00000
105.30000
102.90000
103.80000
107.00000
112.70000
117.10000
114.70000
113.30000
121.80000
124.10000
128.00000
136.40001
143.10001
143.80000
146.90001
146.70000
147.60001
144.30000
134.70000
127.80000
123.60000
119.70000
117.50000
109.70000
101.10000
101.80000
101.20000
97.50000
95.40000
93.70000
91.50000
92.30000
86.30000
77.50000
66.20000
48.60000
45.20000
67.60000
68.70000
68.40000
70.40000
76.20000
81.40000
92.60000
101.50000
105.80000
110.00000
113.00000
113.30000
108.70000
108.10000
109.60000
125.80000
119.50000
92.40000
96.30000
97.20000
105.90000
109.80000
117.70000
122.70000
129.50000
136.50000
140.70000
141.90001
140.30000
138.60001
133.70000
123.90000
118.70000
113.90000
106.90000
104.50000
105.80000
101.50000
105.80000
118.30000
107.50000
96.20000
96.60000
97.80000
97.70000
90.30000
80.00000
66.50000
51.00000
51.20000
59.00000
65.60000
70.00000
76.80000
73.30000
81.40000
92.60000
104.50000
107.00000
111.80000
115.70000
116.10000
113.30000
112.90000
109.80000
116.50000
117.40000
94.40000
108.50000
93.40000
120.70000
108.00000
114.00000
117.90000
124.90000
131.90001
136.30000
138.60001
139.10001
132.10001
125.40000
116.90000
111.50000
108.70000
109.60000
105.00000
102.20000
99.90000
102.00000
111.90000
102.00000
97.80000
97.60000
100.10000
97.80000
90.60000
83.90000
67.30000
52.20000
55.70000
51.80000
68.10000
73.30000
78.00000
77.40000
81.90000
91.90000
106.40000
107.60000
113.10000
114.90000
114.20000
111.30000
107.80000
109.60000
93.20000
96.30000
80.40000
93.40000
101.70000
123.40000
111.60000
104.60000
117.70000
125.60000
131.10001
140.90001
143.50000
143.10001
133.60001
120.00000
113.80000
109.90000
102.80000
106.80000
109.40000
94.60000
82.70000
94.10000
109.30000
103.80000
81.80000
88.30000
92.20000
93.30000
91.10000
83.10000
66.90000
48.10000
60.40000
51.40000
66.90000
86.50000
94.70000
78.60000
79.40000
95.30000
107.90000
110.60000
114.90000
114.50000
110.80000
109.00000
113.20000
106.50000
93.40000
103.70000
87.60000
124.50000
112.50000
110.80000
109.10000
99.60000
112.80000
125.70000
136.80000
149.00000
150.80000
145.30000
136.10001
123.30000
112.30000
107.80000
98.80000
99.90000
119.00000
81.70000
113.40000
91.40000
105.80000
91.80000
80.40000
94.80000
97.80000
98.20000
94.30000
84.10000
70.50000
44.40000
62.50000
55.20000
74.10000
83.40000
96.80000
86.50000
81.60000
97.40000
108.60000
112.20000
119.10000
117.90000
114.00000
110.30000
124.40000
112.90000
90.30000
80.80000
94.10000
135.60001
116.70000
102.80000
109.90000
113.90000
123.50000
131.30000
147.30000
163.40001
160.90001
154.10001
145.10001
128.00000
117.10000
113.90000
111.00000
149.90001
149.80000
74.10000
65.80000
76.90000
119.30000
124.50000
106.90000
100.80000
105.00000
105.60000
96.40000
84.40000
71.50000
42.30000
58.50000
57.20000
81.30000
82.20000
90.60000
87.20000
81.80000
98.30000
110.20000
114.80000
121.80000
125.20000
125.20000
129.60001
138.60001
122.20000
104.30000
101.30000
116.90000
137.30000
130.50000
116.20000
122.30000
139.70000
128.60001
139.90001
156.10001
171.30000
174.70000
164.50000
153.80000
131.60001
122.20000
118.90000
121.20000
126.80000
127.50000
118.90000
103.80000
94.70000
114.90000
110.30000
104.80000
106.30000
111.00000
109.80000
97.20000
85.10000
72.90000
47.00000
65.20000
63.70000
90.60000
81.30000
92.80000
86.00000
76.10000
98.80000
110.70000
119.30000
126.00000
132.30000
134.30000
132.00000
131.60001
133.20000
131.30000
127.80000
130.40001
125.10000
146.90001
147.10001
146.80000
145.60001
138.50000
145.90001
162.80000
180.80000
179.30000
169.10001
156.70000
133.90001
124.00000
124.80000
130.60001
121.00000
136.40001
127.00000
105.80000
104.80000
92.70000
106.50000
111.00000
110.80000
115.90000
110.60000
95.70000
85.20000
67.70000
56.20000
63.90000
67.00000
106.30000
86.70000
88.90000
92.90000
78.70000
96.20000
111.80000
120.20000
129.50000
138.00000
143.80000
143.10001
138.00000
136.50000
139.30000
127.00000
127.80000
138.40001
160.50000
159.70000
154.50000
146.00000
149.30000
155.60001
165.00000
172.20000
173.10001
168.80000
162.20000
142.40001
138.90001
139.70000
142.80000
141.60001
141.50000
132.40001
114.20000
115.10000
120.20000
130.80000
123.20000
124.40000
120.30000
109.50000
92.80000
84.60000
59.90000
59.30000
58.80000
71.10000
111.40000
93.80000
90.40000
98.00000
82.10000
90.10000
109.00000
119.20000
130.20000
139.50000
147.90001
149.90001
145.30000
151.10001
156.70000
151.50000
153.00000
166.60001
164.20000
162.90001
156.80000
155.90001
155.70000
161.20000
165.20000
166.80000
166.10001
162.90001
159.70000
140.90001
144.30000
150.20000
155.50000
154.30000
151.80000
142.60001
139.30000
136.80000
139.50000
150.10001
143.70000
132.60001
122.60000
109.00000
93.40000
81.40000
55.00000
64.40000
53.10000
70.90000
104.60000
86.40000
95.20000
98.20000
85.30000
92.40000
105.20000
118.30000
128.60001
136.00000
149.10001
156.30000
156.20000
158.00000
158.90001
160.90001
165.50000
168.50000
170.20000
165.30000
160.00000
159.90001
158.00000
158.00000
164.00000
166.50000
165.90001
162.10001
161.00000
140.60001
141.80000
151.10001
156.90001
171.90001
169.90001
146.10001
162.30000
142.80000
144.20000
146.30000
143.90001
137.60001
123.10000
108.10000
91.60000
82.50000
53.20000
62.10000
49.60000
69.60000
95.80000
75.80000
106.60000
101.30000
88.70000
94.40000
99.40000
114.90000
127.30000
137.20000
148.70000
158.50000
167.00000
167.50000
166.30000
169.10001
172.80000
170.10001
168.30000
165.00000
158.10001
159.30000
157.80000
159.50000
165.30000
166.80000
171.40001
170.80000
162.20000
144.10001
141.50000
148.00000
157.70000
163.80000
165.40001
152.90001
150.10001
150.30000
161.50000
148.70000
143.60001
137.50000
122.30000
104.30000
90.70000
80.70000
51.80000
65.20000
53.70000
70.80000
85.00000
62.10000
103.80000
101.50000
95.60000
93.60000
96.50000
113.00000
124.10000
136.20000
147.80000
157.80000
166.80000
169.80000
172.00000
173.80000
170.80000
168.30000
167.60001
161.80000
162.20000
159.80000
159.60001
164.00000
172.20000
169.30000
177.80000
178.60001
170.20000
151.00000
145.60001
146.00000
151.20000
169.50000
168.10001
158.70000
157.60001
163.20000
166.30000
153.60001
143.10001
136.00000
119.50000
98.90000
88.80000
73.60000
52.40000
66.70000
54.30000
61.60000
88.10000
48.80000
86.60000
100.70000
96.90000
92.90000
96.30000
108.70000
118.30000
135.80000
147.70000
154.40001
163.50000
173.30000
178.50000
174.30000
174.30000
165.50000
173.40001
158.80000
155.40001
162.00000
159.10001
163.30000
170.00000
168.30000
171.10001
168.90001
169.70000
154.90001
154.00000
153.70000
144.50000
156.50000
163.70000
160.60001
159.30000
152.60001
151.60001
151.80000
141.40001
132.10001
118.60000
95.60000
82.30000
63.50000
50.70000
63.50000
56.90000
56.00000
78.50000
42.20000
75.40000
74.30000
87.50000
91.60000
98.00000
102.60000
113.00000
130.20000
145.00000
149.60001
158.40001
163.90001
171.60001
165.10001
164.50000
158.00000
163.10001
149.10001
156.70000
161.40001
149.40001
149.80000
164.20000
173.30000
172.30000
165.80000
165.70000
154.40001
158.70000
159.30000
144.90001
151.80000
147.50000
147.40001
154.70000
148.50000
145.00000
146.00000
138.30000
129.50000
111.70000
95.30000
76.20000
59.30000
55.90000
65.30000
55.00000
63.50000
94.40000
32.20000
78.90000
65.70000
73.00000
84.50000
98.00000
101.70000
107.50000
121.30000
138.70000
142.90001
147.20000
159.40001
171.70000
169.60001
164.80000
153.60001
161.50000
153.70000
161.50000
162.30000
156.80000
149.90001
154.50000
161.70000
158.30000
161.90001
152.60001
148.40001
148.50000
145.50000
137.30000
144.20000
139.80000
140.20000
148.90001
144.30000
138.80000
139.20000
134.70000
122.70000
103.10000
93.60000
67.90000
63.50000
63.50000
56.60000
50.10000
63.40000
84.70000
16.50000
63.70000
57.40000
59.70000
70.10000
88.90000
99.50000
102.50000
115.60000
128.90001
138.00000
145.50000
155.40001
165.50000
164.70000
157.50000
149.30000
156.50000
152.50000
157.70000
152.00000
149.40001
154.80000
160.30000
157.90001
154.40001
148.50000
140.60001
129.30000
132.80000
130.10001
136.20000
138.80000
145.20000
136.10001
140.90001
144.10001
137.60001
131.70000
127.50000
113.90000
98.80000
86.10000
63.40000
56.70000
62.20000
46.20000
46.50000
58.70000
64.90000
22.00000
50.10000
50.80000
57.10000
59.10000
85.00000
104.50000
99.50000
105.00000
118.00000
132.90001
140.50000
148.00000
157.00000
157.80000
153.90001
151.30000
148.80000
145.70000
145.20000
135.20000
138.30000
140.80000
140.70000
137.00000
133.50000
130.70000
126.40000
117.20000
109.50000
128.10001
140.60001
147.80000
149.40001
141.40001
139.30000
144.20000
138.10001
128.10001
116.50000
101.30000
94.30000
75.70000
56.80000
47.80000
40.80000
44.50000
47.90000
46.40000
58.40000
30.60000
34.30000
54.90000
57.20000
57.80000
78.20000
115.40000
105.50000
103.10000
111.70000
129.30000
138.40001
143.20000
147.80000
147.70000
148.50000
148.40001
149.50000
150.40001
149.50000
135.00000
132.90001
140.70000
140.80000
135.90001
130.40001
133.20000
128.10001
120.40000
125.50000
140.20000
145.60001
147.40001
141.70000
136.60001
129.60001
136.50000
130.30000
121.90000
108.00000
96.40000
85.80000
65.90000
50.10000
47.10000
46.60000
31.60000
41.90000
48.50000
58.20000
36.00000
25.00000
53.60000
57.00000
63.10000
67.50000
110.10000
110.50000
104.00000
104.30000
119.00000
126.90000
130.70000
133.20000
139.50000
143.20000
144.40001
145.50000
149.70000
152.20000
150.40001
143.50000
137.60001
138.20000
133.30000
132.10001
134.40001
138.10001
134.90001
138.80000
142.10001
142.40001
142.90001
137.20000
126.70000
122.80000
123.70000
119.30000
111.80000
97.80000
91.90000
79.70000
62.20000
46.80000
45.20000
54.70000
29.50000
41.00000
55.90000
68.40000
39.10000
21.80000
51.90000
57.50000
61.90000
65.10000
92.20000
104.30000
96.90000
97.20000
104.70000
115.50000
117.40000
123.70000
129.10001
132.10001
135.60001
138.10001
144.30000
147.60001
148.70000
142.70000
139.80000
142.70000
136.40001
134.80000
131.50000
133.80000
134.00000
136.00000
134.70000
127.80000
130.30000
123.50000
117.30000
115.90000
112.50000
106.60000
101.10000
92.90000
85.60000
74.50000
56.00000
43.70000
35.10000
48.20000
24.80000
43.30000
61.30000
74.70000
30.10000
26.90000
47.20000
44.20000
54.30000
58.10000
84.10000
101.30000
94.90000
94.80000
99.30000
108.10000
109.70000
113.10000
119.30000
127.30000
131.00000
129.80000
133.90001
140.10001
143.70000
142.50000
142.60001
143.90001
140.90001
142.00000
142.60001
140.60001
132.80000
128.00000
126.00000
121.50000
121.50000
115.60000
111.20000
110.40000
109.60000
103.30000
96.60000
89.20000
81.30000
72.60000
52.70000
37.30000
24.00000
28.60000
27.50000
51.30000
51.80000
70.90000
29.70000
34.20000
39.80000
34.70000
47.00000
48.20000
75.50000
95.10000
96.90000
94.60000
95.80000
107.30000
118.40000
112.10000
110.30000
113.60000
120.30000
127.40000
136.00000
137.30000
134.80000
128.20000
126.50000
127.10000
127.60000
123.10000
124.70000
125.10000
119.70000
117.10000
121.30000
114.10000
111.50000
106.90000
107.20000
109.40000
104.60000
98.90000
94.00000
85.70000
77.40000
69.80000
46.00000
33.70000
22.40000
28.90000
26.60000
40.80000
54.90000
71.70000
27.40000
37.70000
34.20000
41.30000
44.60000
45.20000
66.50000
90.20000
95.90000
96.70000
96.50000
108.50000
121.30000
124.80000
116.70000
111.80000
112.10000
117.80000
129.90001
135.30000
147.60001
147.10001
146.10001
139.10001
133.20000
127.50000
124.70000
127.90000
125.40000
120.10000
117.10000
106.90000
108.50000
108.30000
104.80000
107.30000
99.90000
97.40000
88.40000
82.20000
72.80000
56.90000
41.30000
25.50000
23.90000
24.30000
25.20000
35.70000
48.10000
64.80000
30.90000
47.50000
31.60000
53.90000
42.80000
42.10000
58.50000
79.50000
93.50000
97.90000
95.70000
102.20000
115.20000
121.80000
120.00000
121.90000
120.30000
119.80000
119.60000
124.40000
134.40001
137.90001
143.70000
142.20000
133.70000
135.20000
133.30000
126.70000
123.10000
119.30000
115.40000
113.20000
116.10000
116.00000
109.90000
102.10000
103.00000
89.80000
82.40000
77.00000
71.90000
50.30000
36.40000
20.10000
30.80000
27.40000
24.60000
37.00000
55.60000
68.20000
29.40000
54.60000
33.70000
55.90000
41.30000
41.20000
49.80000
68.50000
91.60000
92.60000
93.10000
98.30000
113.00000
115.70000
123.90000
122.60000
126.20000
131.10001
133.80000
127.70000
125.90000
124.60000
124.90000
124.10000
124.70000
120.90000
119.80000
122.60000
124.40000
128.50000
126.00000
122.50000
115.70000
117.50000
106.00000
97.20000
93.00000
86.60000
79.40000
81.30000
63.90000
42.60000
28.30000
27.30000
32.50000
29.30000
21.80000
20.80000
44.60000
49.00000
41.80000
59.20000
31.40000
54.10000
38.10000
43.30000
45.50000
57.60000
91.70000
85.80000
89.00000
94.00000
102.20000
111.60000
117.60000
126.40000
128.60001
132.30000
135.40001
142.40001
141.90001
145.40001
144.70000
141.80000
140.50000
134.80000
134.60001
139.10001
140.40001
137.50000
125.50000
120.60000
115.70000
106.40000
97.70000
91.00000
88.50000
86.70000
81.80000
68.20000
44.60000
39.20000
22.60000
23.50000
30.60000
25.80000
22.30000
27.00000
35.60000
42.80000
48.30000
49.50000
33.00000
51.10000
37.70000
38.60000
48.30000
52.40000
83.10000
82.90000
84.90000
90.20000
98.90000
103.30000
108.80000
120.80000
126.50000
127.60000
128.10001
135.10001
142.70000
147.50000
147.20000
141.80000
135.10001
132.70000
134.00000
133.40001
128.50000
123.00000
116.60000
108.30000
99.60000
94.00000
92.50000
86.40000
91.60000
87.70000
69.80000
53.80000
35.80000
29.00000
20.90000
24.40000
31.00000
25.50000
22.00000
30.00000
34.50000
46.60000
46.20000
48.30000
42.30000
48.40000
42.70000
41.00000
47.50000
49.00000
68.80000
80.50000
83.70000
88.80000
94.80000
97.20000
104.40000
108.00000
115.40000
118.60000
122.60000
128.80000
133.60001
131.70000
128.20000
124.40000
120.40000
117.70000
113.80000
114.60000
109.20000
103.30000
97.70000
92.20000
91.20000
91.20000
91.40000
93.10000
91.90000
73.90000
64.80000
41.50000
33.80000
21.00000
26.40000
23.30000
30.00000
25.40000
20.90000
29.50000
30.90000
32.70000
42.80000
47.30000
51.00000
47.20000
52.00000
47.70000
46.30000
49.60000
66.50000
76.40000
85.20000
89.30000
94.60000
97.10000
105.60000
105.40000
107.90000
112.80000
113.80000
114.40000
117.30000
113.80000
114.40000
110.40000
106.80000
106.30000
105.70000
106.20000
103.40000
100.10000
94.00000
95.00000
98.80000
96.70000
100.80000
94.70000
84.30000
66.00000
50.80000
37.50000
30.30000
20.00000
26.60000
28.00000
27.30000
25.40000
25.20000
31.80000
31.70000
47.40000
41.00000
45.30000
56.60000
52.30000
60.50000
54.60000
47.60000
46.30000
59.80000
74.80000
86.00000
87.60000
90.70000
96.90000
103.70000
109.10000
108.50000
110.70000
116.10000
113.70000
113.80000
115.90000
115.50000
112.20000
112.40000
110.10000
109.50000
109.00000
107.40000
101.00000
103.60000
103.50000
103.40000
99.90000
94.20000
87.00000
70.20000
57.30000
39.40000
33.10000
26.80000
23.20000
22.90000
29.80000
25.60000
25.60000
25.90000
34.00000
37.50000
42.10000
39.70000
46.50000
61.60000
50.80000
64.40000
54.60000
51.40000
46.40000
59.20000
72.80000
83.80000
88.00000
89.00000
94.40000
99.90000
109.40000
114.00000
116.30000
116.70000
122.20000
125.30000
125.70000
127.40000
125.60000
123.10000
122.50000
121.20000
122.50000
117.70000
112.60000
110.50000
106.50000
102.60000
96.80000
87.30000
76.00000
60.20000
47.00000
35.20000
32.60000
24.60000
28.50000
20.00000
29.40000
21.00000
26.90000
30.90000
29.80000
31.80000
43.60000
38.80000
47.90000
61.90000
47.60000
60.30000
57.40000
55.20000
51.00000
62.90000
69.30000
81.20000
89.80000
87.90000
88.20000
95.30000
103.80000
109.20000
116.60000
116.70000
118.10000
126.00000
132.40001
135.50000
135.00000
135.00000
133.40001
129.10001
125.70000
120.70000
110.30000
106.40000
101.50000
95.20000
88.00000
73.50000
62.10000
49.00000
40.60000
37.50000
32.60000
28.70000
33.90000
27.40000
30.20000
22.30000
30.80000
28.90000
32.30000
25.60000
36.20000
40.60000
49.90000
58.60000
54.40000
53.90000
56.30000
59.60000
54.30000
64.00000
68.60000
81.70000
85.80000
87.00000
91.10000
88.90000
96.50000
100.30000
107.70000
112.60000
115.50000
120.70000
130.60001
137.90001
138.10001
135.50000
130.70000
127.80000
119.80000
112.40000
104.50000
98.60000
89.30000
83.00000
73.10000
62.20000
55.10000
45.20000
43.50000
40.80000
33.70000
32.00000
26.40000
27.80000
30.40000
22.60000
28.90000
24.10000
34.10000
20.40000
32.50000
50.50000
47.30000
54.30000
65.00000
56.40000
58.10000
64.80000
56.90000
63.50000
75.20000
83.20000
89.30000
88.50000
90.10000
86.40000
89.40000
92.50000
97.90000
105.40000
104.60000
108.50000
110.50000
115.80000
117.90000
117.60000
117.70000
116.80000
110.80000
101.40000
91.50000
83.00000
77.00000
66.40000
61.90000
59.80000
50.50000
49.70000
47.40000
40.80000
36.00000
29.40000
26.90000
27.40000
22.10000
27.70000
32.30000
29.40000
27.70000
24.70000
38.40000
