62.16667
47.41667
52.66667
45.50000
27.91667
24.41667
17.91667
15.41667
14.41667
16.58333
17.66667
19.25000
23.75000
30.33333
37.50000
40.08334
49.16667
53.66667
61.41667
68.83334
71.50000
72.00000
86.91667
82.91667
93.33334
98.16667
98.91667
95.83334
99.75000
97.66667
96.25000
93.91667
90.33334
85.91667
79.66667
74.00000
67.91667
62.75000
57.91667
52.16667
46.00000
37.33334
28.75000
24.08333
17.66667
15.08333
15.50000
17.83333
19.66667
22.50000
53.41667
39.41667
38.75000
35.75000
25.66667
22.41667
13.33333
11.83333
13.66667
15.08333
20.66667
21.41667
27.58333
33.91667
40.91667
48.25000
55.91667
62.00000
72.58334
77.66667
79.25000
82.83334
94.50000
91.50000
107.25000
107.08334
106.41667
110.58334
112.00000
111.00000
112.50000
109.58334
104.50000
98.41667
90.66667
84.33334
79.08334
73.91667
67.83334
61.33334
53.16667
46.33334
36.58334
28.25000
22.50000
17.41667
14.66667
18.58333
19.25000
20.16667
45.08334
33.25000
31.66667
27.66667
25.50000
19.50000
13.33333
12.08333
15.33333
18.00000
22.41667
25.41667
34.25000
39.41667
48.50000
59.16667
64.08334
73.50000
82.25000
86.91667
92.50000
96.66667
103.41667
111.58334
111.25000
117.33334
111.50000
118.91667
117.91667
124.16667
124.75000
120.75000
118.08334
109.50000
100.83334
93.25000
88.25000
83.25000
77.00000
69.58334
61.41667
53.41667
43.25000
31.91667
24.91667
20.00000
17.50000
17.16667
21.16667
20.00000
37.33334
26.16667
25.00000
26.33333
23.16667
15.41667
12.75000
12.33333
17.33333
23.75000
24.75000
34.66667
35.00000
48.91667
61.75000
66.25000
74.66667
90.58334
95.41667
96.58334
105.33334
113.75000
113.83334
120.75000
115.83334
119.25000
119.08334
123.16667
128.91667
130.58334
133.00000
135.41667
130.41667
122.41667
112.08334
104.83334
97.41667
91.25000
86.08334
77.50000
69.50000
61.08334
51.16667
38.75000
27.58333
21.91667
17.91667
15.91667
20.41667
20.25000
34.83334
26.16667
21.91667
24.08333
20.75000
12.50000
12.58333
14.41667
20.91667
28.16667
34.58334
45.75000
41.33334
60.58334
76.33334
81.58334
91.25000
102.00000
103.00000
108.08334
114.08334
122.25000
122.50000
124.16667
124.08334
123.33334
130.83334
132.58334
136.08334
138.33334
143.58334
143.08334
137.00000
130.75000
122.58334
116.33334
107.16667
100.91667
92.50000
84.75000
76.50000
66.41667
58.25000
45.08334
32.58334
23.66667
19.75000
16.41667
20.16667
19.91667
32.50000
25.50000
20.58333
21.41667
17.00000
12.58333
15.16667
19.50000
27.50000
36.58334
43.16667
55.25000
55.16667
75.75000
92.08334
99.58334
105.08334
106.50000
114.58334
118.08334
119.91667
126.83334
130.75000
127.25000
128.75000
133.58334
137.16667
138.41667
140.75000
142.41667
143.50000
142.50000
140.58334
137.91667
135.16667
124.91667
113.41667
106.08334
98.25000
90.41667
82.75000
73.08334
60.66667
51.66667
40.58334
27.66667
20.58333
17.08333
19.91667
25.58333
38.75000
24.33333
20.75000
20.58333
15.66667
13.33333
18.25000
23.66667
35.25000
47.66667
58.75000
72.66667
74.16667
90.58334
102.66667
110.25000
115.75000
115.25000
118.08334
115.91667
119.00000
127.33334
130.58334
131.16667
136.08334
137.00000
138.91667
139.41667
138.00000
139.91667
141.41667
139.16667
139.25000
136.08334
133.91667
128.16667
119.91667
111.25000
101.75000
93.58334
86.83334
79.00000
66.25000
55.66667
45.33334
32.58334
24.00000
19.75000
28.33333
32.66667
41.08334
23.50000
21.50000
19.58333
15.00000
15.50000
23.16667
30.75000
44.25000
60.66667
73.25000
85.91667
94.08334
102.58334
110.00000
114.33334
118.25000
119.16667
121.25000
122.33334
124.50000
130.58334
134.08334
137.58334
139.33334
141.16667
143.66667
141.83334
140.75000
139.16667
138.41667
134.91667
133.91667
132.66667
130.25000
127.08334
124.16667
115.83334
105.75000
97.50000
90.25000
82.83334
72.66667
60.58334
50.91667
38.66667
28.50000
23.16667
37.58334
33.25000
41.41667
24.50000
19.66667
18.75000
15.91667
19.83333
28.66667
40.75000
58.08334
75.75000
88.00000
98.25000
105.16667
111.58334
117.66667
120.00000
121.58334
125.00000
128.66667
134.50000
136.00000
140.91667
145.83334
148.08334
149.75000
151.41667
149.00000
148.75000
144.50000
144.75000
140.75000
135.41667
132.58334
129.66667
128.25000
126.66667
124.58334
117.41667
108.25000
101.91667
94.16667
86.83334
77.75000
66.00000
55.83334
45.58334
32.66667
26.83333
39.00000
34.58334
40.58334
23.75000
19.00000
17.33333
18.08333
24.50000
36.00000
53.00000
73.08334
88.83334
95.33334
104.33334
110.33334
116.41667
119.16667
121.83334
125.25000
133.91667
138.50000
144.83334
148.66667
154.83334
159.75000
164.33334
164.75000
162.75000
161.83334
160.25000
154.33334
148.41667
144.41667
138.25000
131.16667
127.58334
126.50000
126.91667
124.91667
116.75000
107.16667
101.91667
97.25000
91.16667
82.83334
73.25000
62.66667
51.66667
39.16667
33.08334
40.75000
38.08334
40.41667
24.83333
20.25000
18.50000
21.33333
29.58333
45.58334
65.58334
83.00000
95.50000
103.08334
106.08334
105.08334
107.33334
106.83334
107.58334
113.58334
123.91667
127.91667
138.66667
154.41667
164.66667
171.75000
176.33334
178.00000
176.25000
175.66667
171.41667
163.58334
158.66667
152.66667
145.75000
139.00000
131.25000
127.16667
123.33334
119.00000
116.25000
107.08334
102.83334
99.00000
94.75000
85.58334
79.50000
71.25000
59.00000
44.83334
39.91667
43.66667
29.41667
39.16667
25.91667
22.25000
21.50000
24.91667
36.66667
56.50000
74.16667
91.08334
100.75000
102.16667
96.25000
86.41667
77.91667
74.66667
74.91667
82.66667
98.75000
117.75000
138.50000
155.00000
165.66667
181.00000
189.50000
192.00000
194.33334
187.08334
182.33334
173.25000
164.66667
150.66667
139.75000
129.75000
117.66667
108.83334
104.58334
103.33334
100.50000
102.66667
101.50000
98.83334
96.83334
91.83334
84.50000
75.58334
64.25000
50.83334
53.83334
47.08334
32.25000
38.08334
20.91667
24.58333
23.16667
26.91667
43.00000
62.50000
81.08334
95.25000
100.66667
89.91667
75.50000
63.16667
56.83334
61.33334
70.33334
77.58334
87.08334
103.83334
132.16667
167.83334
176.83334
188.33334
196.83334
203.50000
207.16667
203.16667
191.75000
175.58334
156.83334
139.83334
128.50000
118.58334
112.08334
109.41667
100.33334
96.25000
91.91667
88.83334
94.16667
98.33334
98.16667
95.33334
89.00000
80.41667
68.41667
55.16667
55.50000
42.50000
36.41667
42.08334
23.25000
25.50000
24.75000
31.33333
47.75000
68.41667
87.50000
97.00000
96.66667
81.16667
70.33334
68.16667
76.41667
91.75000
104.75000
106.66667
113.08334
123.58334
136.16667
150.33334
168.08334
188.58334
200.00000
203.25000
207.41667
204.00000
191.83334
181.50000
167.25000
155.25000
134.25000
120.08334
104.83334
102.91667
102.33334
96.50000
88.50000
88.66667
89.41667
95.08334
96.75000
96.50000
91.41667
82.33334
71.41667
58.41667
62.08334
42.83334
43.50000
50.66667
23.00000
26.33333
26.91667
32.41667
50.75000
72.75000
90.33334
98.75000
93.50000
83.83334
85.00000
93.66667
106.83334
131.75000
145.33334
156.50000
149.41667
140.33334
146.16667
157.83334
171.16667
179.58334
191.33334
200.25000
200.16667
195.83334
180.58334
170.83334
163.33334
145.58334
132.41667
124.66667
119.58334
109.25000
104.25000
98.41667
93.33334
88.00000
91.16667
95.33334
99.33334
96.83334
91.91667
85.08334
74.08334
61.33334
65.16667
50.66667
45.08334
67.75000
29.91667
26.16667
27.33333
33.91667
52.83334
76.75000
93.58334
97.58334
90.50000
108.16667
116.66667
140.66667
150.66667
159.91667
169.91667
170.91667
175.08334
175.00000
171.00000
171.50000
172.66667
183.00000
192.91667
202.33334
203.16667
196.58334
181.83334
172.08334
161.83334
153.83334
145.66667
139.16667
124.75000
114.16667
108.75000
99.16667
96.83334
95.00000
94.41667
97.16667
100.83334
98.25000
92.91667
85.41667
77.50000
62.33334
66.50000
51.00000
45.08334
72.25000
31.08333
25.50000
26.08333
34.33334
56.75000
81.91667
92.58334
101.41667
111.50000
131.75000
144.41667
144.58334
141.00000
151.91667
165.33334
155.41667
157.58334
156.41667
160.66667
167.50000
174.83334
186.58334
193.41667
201.41667
205.41667
197.41667
181.75000
173.41667
167.25000
168.50000
162.91667
151.75000
144.91667
133.41667
119.75000
104.91667
97.00000
97.33334
101.75000
101.75000
102.25000
101.75000
95.91667
89.16667
78.00000
63.25000
65.16667
50.58334
45.25000
74.83334
31.00000
24.58333
26.16667
35.33334
61.50000
88.00000
100.33334
126.08334
134.08334
144.00000
149.33334
135.00000
130.41667
135.00000
152.16667
150.58334
141.50000
140.66667
154.50000
142.25000
162.83334
178.16667
190.08334
201.08334
188.50000
178.91667
171.25000
163.58334
169.58334
167.33334
163.00000
143.66667
144.58334
140.08334
131.50000
120.41667
104.83334
102.66667
106.08334
110.66667
109.58334
105.25000
99.66667
92.50000
80.08334
66.83334
67.41667
50.83334
45.66667
77.08334
29.00000
23.58333
27.41667
39.58334
65.75000
95.83334
108.41667
123.16667
132.25000
140.50000
123.08334
108.16667
112.91667
91.00000
96.83334
108.66667
100.00000
112.25000
145.16667
161.58334
164.41667
169.75000
186.16667
201.50000
192.16667
179.75000
179.00000
161.08334
162.08334
145.75000
161.91667
129.33334
112.58334
110.00000
127.58334
111.25000
105.66667
115.16667
116.41667
115.25000
114.50000
111.08334
103.41667
96.16667
82.50000
65.25000
66.58334
51.08334
45.83334
71.25000
32.08334
23.16667
32.00000
48.58334
71.00000
101.66667
112.50000
133.50000
138.91667
133.50000
122.16667
110.58334
126.16667
104.66667
99.58334
88.58334
122.75000
114.25000
154.33334
172.58334
156.41667
158.25000
183.00000
199.91667
193.33334
167.16667
169.83334
154.00000
141.58334
140.41667
148.50000
108.08334
99.66667
103.91667
127.66667
110.00000
110.66667
124.16667
134.33334
124.50000
125.83334
112.41667
105.16667
98.16667
82.41667
71.83334
63.83334
51.83334
44.75000
58.83334
51.08334
40.16667
34.41667
53.58334
79.66667
107.75000
122.00000
130.91667
145.25000
140.75000
141.66667
145.08334
150.50000
142.66667
101.33334
114.16667
128.25000
131.08334
150.16667
162.33334
144.91667
135.50000
166.25000
178.58334
177.50000
149.75000
142.58334
149.75000
162.91667
139.50000
149.66667
111.00000
85.66667
92.91667
135.66667
108.33334
106.41667
124.41667
140.50000
139.41667
120.50000
113.58334
102.66667
96.91667
83.08334
82.00000
62.91667
51.41667
43.50000
50.83334
78.00000
49.41667
44.16667
62.75000
86.41667
111.33334
125.91667
135.08334
150.58334
152.08334
169.91667
173.50000
167.33334
161.75000
165.16667
164.66667
162.16667
173.75000
173.16667
160.00000
135.50000
137.58334
164.16667
176.66667
173.83334
143.50000
136.16667
142.25000
154.08334
150.75000
133.08334
129.83334
127.50000
127.25000
121.50000
114.83334
115.41667
134.41667
154.91667
153.08334
149.00000
122.50000
112.08334
99.58334
86.25000
85.25000
64.33334
54.83334
59.41667
46.41667
85.08334
56.50000
49.25000
69.41667
89.16667
113.08334
126.91667
138.33334
154.83334
164.41667
172.75000
178.08334
181.66667
182.50000
181.83334
177.58334
177.91667
184.66667
181.58334
165.83334
140.83334
142.75000
170.00000
180.33334
168.16667
141.66667
134.75000
145.83334
170.58334
174.58334
167.41667
155.16667
150.50000
140.50000
160.91667
160.75000
146.41667
148.33334
152.50000
150.83334
151.08334
133.25000
116.83334
103.50000
97.83334
86.66667
66.66667
50.50000
102.83334
48.41667
90.16667
57.50000
52.75000
75.83334
89.91667
113.50000
128.25000
141.58334
154.75000
171.25000
185.91667
196.50000
199.91667
199.25000
194.00000
194.58334
191.91667
190.16667
176.58334
157.41667
140.66667
147.00000
166.33334
176.33334
159.91667
143.50000
138.58334
153.75000
174.00000
184.25000
189.16667
184.25000
182.50000
179.33334
172.00000
168.00000
161.66667
158.33334
161.00000
155.41667
149.41667
140.50000
112.66667
114.66667
101.33334
90.66667
73.75000
53.08334
100.33334
55.91667
97.08334
49.08334
52.50000
76.00000
92.25000
114.66667
130.25000
147.33334
164.50000
179.33334
194.91667
203.75000
207.08334
201.91667
200.58334
201.00000
199.16667
197.41667
184.91667
160.66667
145.08334
143.75000
161.25000
170.00000
155.08334
141.00000
143.75000
152.41667
174.41667
196.50000
201.50000
201.58334
202.25000
202.41667
196.00000
184.75000
175.08334
177.75000
165.16667
166.08334
153.16667
132.83334
116.50000
115.66667
96.66667
87.58334
73.00000
77.58334
100.58334
77.33334
83.50000
50.66667
52.25000
76.00000
93.83334
113.83334
130.25000
150.66667
170.16667
189.08334
203.08334
209.33334
210.25000
208.41667
207.58334
202.75000
199.16667
194.91667
183.75000
158.16667
135.25000
150.83334
171.08334
178.00000
151.08334
133.83334
142.83334
158.91667
173.16667
187.16667
200.33334
200.33334
202.50000
202.41667
201.00000
192.50000
184.08334
182.25000
179.91667
172.00000
160.50000
131.66667
133.33334
113.33334
97.00000
89.16667
66.25000
96.00000
117.50000
97.75000
68.66667
61.83334
61.83334
80.16667
90.91667
112.41667
131.08334
151.33334
173.25000
191.25000
208.16667
216.50000
218.25000
218.41667
215.83334
211.41667
208.75000
197.75000
176.16667
135.58334
130.83334
164.58334
179.66667
184.91667
153.41667
130.66667
129.00000
150.91667
182.33334
202.75000
210.16667
208.75000
210.33334
213.41667
213.66667
210.91667
204.16667
196.08334
186.33334
176.16667
153.50000
130.08334
132.58334
109.00000
97.41667
88.16667
84.58334
104.75000
127.08334
100.58334
59.33334
83.75000
75.25000
77.33334
84.58334
110.25000
130.16667
149.66667
169.83334
192.50000
206.16667
216.16667
219.08334
219.16667
214.50000
213.41667
206.25000
194.08334
152.83334
122.66667
144.50000
179.00000
190.16667
188.83334
158.66667
126.75000
118.08334
127.83334
176.75000
205.41667
214.83334
216.08334
211.25000
208.83334
212.08334
213.00000
210.58334
201.66667
187.25000
169.41667
150.41667
130.33334
126.66667
111.33334
100.16667
83.25000
116.91667
123.41667
147.58334
93.50000
56.16667
94.00000
69.75000
71.66667
86.58334
108.83334
131.00000
148.50000
168.66667
188.75000
204.08334
213.91667
219.66667
220.33334
218.16667
214.25000
204.58334
183.91667
125.41667
132.41667
166.33334
189.66667
203.08334
201.91667
169.25000
127.33334
114.25000
108.66667
150.58334
200.16667
213.66667
215.66667
216.08334
218.16667
218.75000
217.33334
214.58334
202.16667
186.66667
168.83334
147.00000
140.16667
119.41667
108.83334
103.91667
89.08334
116.91667
154.66667
173.83334
88.50000
51.08334
94.91667
62.58334
67.08334
83.58334
104.33334
127.41667
146.50000
164.41667
184.25000
200.91667
212.25000
219.16667
220.66667
219.83334
213.83334
206.66667
152.00000
119.41667
147.50000
168.58334
189.33334
211.08334
205.66667
168.16667
141.16667
130.66667
116.66667
116.58334
184.50000
210.75000
214.83334
216.41667
218.41667
218.66667
217.50000
211.66667
198.16667
181.16667
160.33334
139.66667
140.41667
120.91667
107.33334
97.75000
122.16667
132.08334
165.08334
173.58334
90.91667
54.66667
93.25000
56.66667
64.41667
83.33334
98.83334
125.75000
146.25000
162.33334
179.66667
197.08334
209.33334
217.16667
220.00000
219.25000
213.75000
195.91667
135.50000
124.58334
150.41667
157.83334
170.58334
185.91667
187.66667
154.50000
147.16667
150.58334
135.50000
109.91667
159.83334
208.83334
214.08334
216.75000
217.83334
217.66667
216.50000
207.16667
190.75000
174.41667
154.08334
142.58334
128.25000
112.83334
107.08334
100.08334
120.66667
148.16667
157.25000
157.50000
88.58334
66.16667
81.33334
52.25000
58.83334
79.50000
94.83334
121.91667
143.91667
159.91667
174.33334
193.91667
206.08334
213.83334
216.66667
217.16667
210.75000
182.08334
139.50000
134.25000
138.75000
129.41667
143.91667
154.66667
146.66667
130.75000
111.08334
139.50000
137.08334
111.75000
153.50000
204.75000
210.83334
216.66667
217.16667
215.33334
210.08334
199.33334
183.08334
164.25000
144.16667
141.58334
124.66667
113.91667
108.58334
115.58334
124.16667
148.08334
165.00000
171.83334
79.75000
76.58334
61.33334
51.83334
64.50000
73.08334
91.16667
118.08334
141.41667
158.08334
172.91667
187.91667
202.83334
209.83334
214.33334
213.41667
202.08334
181.33334
151.08334
135.66667
120.25000
128.66667
150.00000
147.41667
128.33334
108.25000
115.08334
127.91667
118.58334
119.83334
180.91667
207.50000
211.00000
212.25000
214.25000
208.91667
204.58334
192.16667
174.83334
155.08334
140.58334
131.75000
123.75000
117.08334
110.16667
120.00000
139.08334
145.83334
159.91667
160.08334
71.66667
100.66667
48.83334
61.25000
70.83334
72.75000
89.41667
115.00000
136.83334
156.41667
170.08334
184.50000
199.50000
207.91667
210.16667
205.16667
199.75000
179.33334
158.50000
143.75000
125.33334
129.83334
142.83334
156.08334
155.25000
145.83334
135.58334
125.58334
123.25000
145.83334
184.00000
202.66667
209.91667
210.00000
207.91667
206.00000
196.66667
181.83334
164.91667
148.00000
144.58334
128.75000
122.41667
121.50000
122.08334
127.08334
152.66667
162.66667
173.58334
172.66667
80.50000
110.41667
42.58334
86.75000
76.08334
68.75000
86.16667
109.75000
133.33334
152.33334
167.50000
179.91667
195.66667
203.41667
202.33334
200.91667
194.00000
172.66667
157.33334
150.75000
141.75000
140.08334
148.66667
163.66667
170.08334
152.25000
142.83334
137.41667
141.66667
153.75000
176.91667
194.75000
204.25000
206.50000
201.91667
198.66667
189.41667
174.91667
157.33334
140.58334
142.16667
129.66667
121.50000
112.50000
133.08334
142.58334
144.33334
155.75000
158.50000
185.75000
77.91667
109.25000
42.50000
93.16667
71.91667
64.16667
84.16667
106.75000
127.00000
147.25000
160.83334
176.50000
191.25000
200.50000
196.50000
199.08334
183.25000
159.75000
144.91667
140.75000
141.00000
140.41667
149.91667
154.83334
154.83334
150.16667
144.83334
146.25000
145.66667
149.25000
165.75000
185.58334
196.33334
199.91667
196.25000
187.50000
179.58334
166.41667
153.08334
137.16667
139.33334
129.16667
119.83334
128.08334
143.33334
160.33334
162.66667
190.16667
175.58334
191.41667
71.33334
91.33334
47.16667
91.91667
64.91667
61.83334
83.00000
98.83334
121.50000
142.00000
154.41667
171.33334
186.08334
197.00000
192.16667
186.83334
165.75000
143.25000
136.25000
139.25000
135.58334
133.25000
136.50000
136.83334
135.66667
138.33334
139.33334
145.75000
145.50000
143.33334
155.00000
175.91667
188.16667
188.75000
188.16667
182.16667
174.16667
161.16667
147.66667
147.16667
138.41667
131.33334
117.00000
151.66667
156.25000
159.16667
172.50000
210.41667
200.66667
189.50000
52.25000
73.66667
58.25000
77.25000
61.83334
65.16667
85.66667
91.83334
116.83334
136.33334
149.66667
163.75000
181.16667
192.25000
192.75000
189.41667
158.75000
138.00000
124.66667
118.75000
117.91667
119.75000
124.33334
129.00000
127.75000
120.91667
118.33334
125.25000
131.08334
132.66667
143.91667
163.33334
180.91667
183.50000
181.66667
177.00000
166.58334
157.25000
147.16667
144.58334
137.83334
134.33334
120.50000
164.41667
180.58334
179.91667
196.00000
177.83334
189.25000
205.75000
53.50000
64.58334
76.41667
73.75000
65.00000
77.83334
86.16667
86.00000
106.58334
128.33334
143.41667
156.66667
171.66667
187.50000
189.66667
187.83334
155.66667
122.91667
105.91667
102.25000
101.91667
104.00000
105.83334
109.33334
106.83334
105.83334
102.00000
106.83334
107.66667
118.16667
131.33334
147.25000
163.66667
166.75000
172.08334
169.00000
162.75000
150.00000
149.83334
139.16667
140.91667
117.25000
133.25000
161.66667
163.00000
185.25000
203.58334
206.33334
183.91667
201.75000
71.75000
66.08334
98.16667
63.58334
74.83334
85.75000
82.50000
79.83334
99.00000
120.66667
136.75000
148.50000
163.75000
182.00000
184.91667
185.33334
158.00000
129.16667
104.83334
105.91667
108.33334
111.91667
106.91667
113.00000
109.41667
103.66667
109.33334
102.33334
107.50000
115.91667
129.83334
141.91667
156.33334
164.83334
167.41667
162.58334
159.25000
144.00000
143.16667
133.75000
152.25000
124.33334
163.83334
173.41667
161.91667
184.25000
173.66667
196.83334
207.25000
167.08334
97.41667
65.91667
117.91667
52.25000
87.41667
88.00000
71.50000
76.33334
87.91667
108.66667
128.50000
138.41667
152.66667
169.83334
180.41667
185.33334
171.83334
147.33334
118.33334
107.00000
111.83334
116.00000
126.41667
134.16667
120.25000
109.91667
102.25000
96.08334
91.16667
106.91667
127.58334
147.75000
159.25000
166.08334
164.08334
154.33334
150.41667
135.75000
140.00000
141.83334
144.75000
137.41667
161.66667
170.33334
171.00000
200.91667
194.33334
186.25000
207.08334
179.16667
104.66667
75.16667
121.16667
42.08334
95.33334
74.25000
68.75000
72.50000
79.58334
95.50000
116.16667
131.25000
142.91667
158.66667
170.00000
177.58334
176.33334
156.00000
134.50000
117.75000
106.25000
116.25000
121.50000
126.41667
134.66667
118.08334
104.33334
103.66667
108.58334
115.75000
125.83334
141.08334
150.91667
158.58334
153.83334
147.25000
139.25000
137.33334
135.08334
150.50000
138.16667
156.16667
154.66667
167.00000
169.58334
191.00000
195.25000
196.58334
173.58334
175.16667
107.33334
78.25000
111.83334
40.41667
94.33334
65.25000
63.50000
70.25000
67.33334
86.16667
101.91667
122.16667
134.00000
147.91667
156.83334
168.58334
167.58334
161.91667
149.50000
135.25000
125.66667
120.25000
129.16667
131.25000
123.91667
122.25000
123.08334
124.25000
122.08334
124.41667
134.08334
139.50000
141.41667
148.58334
143.50000
138.66667
125.16667
142.50000
139.25000
143.91667
132.25000
153.66667
164.25000
179.33334
193.16667
188.58334
183.91667
202.83334
175.58334
195.41667
112.00000
72.83334
95.25000
56.00000
82.75000
64.83334
59.08334
68.50000
60.75000
74.25000
83.91667
109.00000
123.25000
135.33334
149.08334
159.75000
162.41667
161.00000
156.75000
149.00000
139.66667
134.25000
138.75000
139.50000
141.83334
141.08334
139.08334
139.00000
134.08334
136.91667
143.25000
142.16667
142.25000
138.33334
137.25000
128.66667
123.16667
138.91667
135.41667
134.66667
135.41667
139.50000
166.50000
158.33334
172.25000
189.08334
188.83334
175.75000
177.75000
202.25000
104.00000
76.83334
73.33334
75.50000
74.91667
70.00000
64.75000
71.58334
60.25000
71.33334
71.75000
91.25000
110.75000
125.91667
139.33334
153.58334
160.75000
159.91667
159.25000
158.16667
155.66667
148.75000
151.41667
150.66667
148.50000
148.83334
149.50000
147.33334
143.83334
141.50000
141.75000
139.16667
138.41667
132.91667
127.33334
117.91667
130.08334
129.41667
132.83334
124.66667
145.83334
144.50000
175.41667
171.50000
174.41667
190.75000
207.00000
158.50000
191.33334
192.66667
97.08334
83.91667
64.33334
98.08334
70.75000
78.66667
71.08334
74.75000
65.58334
68.50000
71.25000
76.25000
95.91667
110.83334
127.33334
143.33334
154.58334
159.91667
162.16667
166.25000
167.08334
165.25000
164.50000
162.83334
162.00000
159.00000
156.33334
155.50000
148.58334
144.83334
136.83334
132.66667
129.41667
124.83334
116.08334
113.66667
120.00000
123.33334
119.41667
125.58334
142.58334
120.83334
158.75000
167.16667
198.91667
179.33334
185.75000
161.25000
194.08334
173.16667
89.66667
86.75000
61.91667
113.91667
58.58334
89.25000
77.83334
76.00000
76.50000
66.83334
65.75000
71.83334
81.33334
97.91667
112.41667
129.75000
144.50000
153.75000
163.75000
168.08334
172.41667
171.41667
173.08334
170.16667
168.91667
166.33334
160.75000
157.75000
152.08334
144.16667
136.41667
131.00000
122.33334
116.16667
106.25000
111.83334
102.16667
102.58334
106.83334
137.25000
137.66667
127.50000
125.91667
115.16667
180.83334
181.58334
163.91667
169.00000
185.91667
155.08334
83.66667
103.58334
77.25000
129.66667
54.41667
93.00000
75.58334
78.25000
92.50000
74.08334
68.66667
65.66667
70.75000
82.16667
96.91667
112.66667
124.66667
140.75000
152.50000
162.91667
168.33334
171.58334
173.66667
172.58334
171.58334
166.91667
160.91667
159.08334
148.16667
138.75000
132.83334
124.16667
115.91667
106.41667
97.08334
105.16667
100.33334
92.41667
113.50000
130.91667
128.66667
126.50000
122.00000
132.16667
149.58334
159.58334
142.16667
193.33334
172.91667
181.58334
87.41667
111.83334
92.00000
128.33334
54.16667
91.33334
68.91667
76.08334
94.00000
78.75000
77.91667
59.58334
70.41667
71.66667
85.66667
94.83334
105.83334
121.00000
133.75000
149.75000
155.91667
163.91667
167.50000
167.66667
164.16667
160.16667
155.75000
148.66667
140.33334
133.91667
126.58334
114.08334
106.25000
99.25000
91.33334
101.33334
96.41667
73.25000
95.50000
101.00000
109.66667
110.50000
92.66667
122.66667
116.58334
135.41667
125.66667
177.58334
151.83334
184.50000
90.58334
110.00000
102.16667
104.00000
66.83334
93.83334
85.41667
91.75000
90.16667
83.00000
89.00000
59.16667
73.00000
71.00000
80.50000
83.58334
89.41667
99.33334
112.58334
125.41667
139.66667
142.50000
148.66667
149.00000
149.91667
147.75000
142.16667
137.00000
131.91667
125.58334
112.75000
103.50000
97.91667
91.75000
84.58334
82.16667
88.83334
78.41667
89.00000
90.08334
96.50000
109.33334
107.33334
112.41667
115.25000
93.66667
109.08334
135.41667
157.83334
148.91667
