48.58334
47.33334
46.16667
30.16667
25.33333
26.75000
25.25000
24.08333
29.33333
29.75000
25.41667
16.91667
16.66667
18.58333
18.58333
18.83333
24.33333
31.66667
31.75000
28.16667
25.66667
24.50000
28.66667
30.25000
38.33334
44.33334
48.83334
50.83334
50.58334
47.16667
38.08334
32.08334
24.66667
19.25000
16.41667
16.50000
11.91667
14.33333
15.75000
18.41667
13.75000
17.41667
20.75000
22.33333
34.00000
30.75000
36.91667
41.83334
46.75000
41.75000
56.00000
49.83334
42.83334
26.75000
24.91667
24.91667
27.33333
29.66667
27.66667
26.91667
23.58333
19.58333
23.50000
29.91667
36.75000
35.16667
36.58334
38.66667
44.75000
45.25000
43.16667
47.33334
48.91667
53.83334
60.91667
72.41667
85.33334
77.00000
80.16667
81.75000
75.66667
73.83334
60.33334
52.25000
39.16667
29.08333
21.33333
17.00000
22.66667
26.33333
16.50000
14.25000
24.66667
24.91667
31.25000
28.41667
31.58333
36.41667
47.91667
43.75000
59.83334
49.25000
37.83334
26.83333
25.00000
22.41667
27.08333
25.66667
26.50000
30.58333
27.41667
35.83334
44.00000
48.58334
59.25000
65.33334
72.41667
75.83334
72.50000
69.50000
62.75000
73.41667
75.25000
83.91667
97.50000
103.91667
112.25000
120.66667
115.58334
115.66667
107.58334
97.08334
87.16667
80.50000
63.58334
54.58334
36.33334
26.00000
23.00000
19.41667
17.16667
18.50000
21.75000
26.08333
29.75000
27.08333
32.91667
44.66667
46.50000
47.50000
57.33334
51.91667
32.16667
24.33333
31.50000
27.41667
27.16667
31.16667
37.58334
41.91667
45.33334
59.25000
70.33334
80.25000
93.91667
100.00000
108.50000
107.75000
100.75000
100.58334
99.00000
105.08334
105.33334
113.58334
124.41667
129.75000
131.91667
133.08334
135.83334
131.66667
126.50000
112.91667
110.75000
101.58334
89.50000
86.83334
63.91667
52.33334
45.83334
26.41667
23.91667
22.16667
25.50000
25.66667
31.33333
28.75000
32.58334
46.50000
49.00000
51.91667
57.50000
50.50000
32.91667
33.33334
23.25000
22.08333
28.25000
34.83334
46.08334
51.33334
65.25000
83.50000
99.91667
122.25000
141.50000
146.83334
140.50000
124.50000
125.58334
121.33334
131.00000
130.66667
141.50000
141.00000
148.75000
157.58334
158.08334
163.33334
162.08334
156.00000
136.75000
141.75000
142.50000
129.33334
124.83334
124.41667
98.58334
87.58334
73.91667
47.91667
37.16667
31.08333
24.75000
29.00000
33.25000
28.75000
32.41667
43.91667
50.16667
50.00000
57.50000
47.33334
40.83334
28.25000
20.25000
25.00000
32.25000
34.83334
50.00000
62.41667
83.50000
104.91667
128.83334
143.66667
156.00000
165.16667
171.25000
169.16667
155.83334
164.50000
164.58334
169.66667
167.58334
170.25000
179.66667
179.50000
184.66667
192.08334
193.41667
181.33334
173.83334
180.75000
177.58334
164.91667
159.66667
152.83334
123.33334
115.83334
92.50000
66.91667
43.50000
34.00000
28.58333
25.33333
35.75000
30.08333
33.58334
46.58334
48.25000
46.33334
56.58334
46.58334
40.00000
26.66667
21.91667
29.41667
34.75000
39.33334
55.25000
73.33334
98.75000
127.83334
147.50000
159.33334
169.50000
183.00000
188.75000
192.83334
191.66667
201.16667
200.33334
201.08334
201.83334
207.08334
207.58334
211.58334
207.91667
211.58334
203.33334
191.25000
207.08334
201.75000
202.50000
191.83334
175.66667
170.58334
145.08334
131.25000
96.25000
75.91667
52.33334
37.00000
26.00000
29.41667
33.08334
32.08334
36.66667
49.91667
46.83334
43.83334
57.58334
47.08334
39.75000
27.16667
24.58333
34.00000
41.41667
60.08334
82.58334
96.58334
115.83334
145.41667
158.08334
176.00000
185.41667
191.91667
199.16667
207.33334
212.08334
208.00000
213.33334
210.91667
217.08334
218.41667
217.50000
216.91667
218.16667
211.08334
207.75000
212.75000
207.83334
212.91667
209.83334
201.41667
191.75000
186.16667
166.25000
150.83334
111.25000
83.33334
57.66667
37.33334
36.16667
37.50000
38.75000
37.00000
38.83334
46.66667
48.00000
43.33334
49.58334
43.66667
40.75000
27.41667
30.91667
39.41667
58.83334
81.83334
104.41667
114.08334
141.91667
158.91667
167.25000
180.58334
189.25000
198.66667
206.08334
211.41667
215.91667
218.33334
220.33334
222.58334
222.58334
223.58334
222.58334
221.58334
220.83334
219.00000
218.00000
218.16667
220.83334
218.33334
215.91667
210.58334
202.00000
195.66667
184.58334
165.50000
149.75000
118.16667
72.41667
38.33334
39.75000
43.66667
43.75000
38.58334
42.25000
48.91667
48.75000
47.41667
51.08334
44.16667
43.91667
34.08334
40.50000
51.91667
68.66667
93.16667
111.91667
129.08334
160.50000
165.58334
168.91667
181.00000
193.50000
203.25000
209.58334
214.83334
219.33334
221.00000
222.83334
224.66667
219.91667
222.91667
222.83334
222.33334
221.83334
216.08334
220.16667
221.50000
222.25000
220.50000
214.50000
204.91667
199.83334
194.00000
185.75000
177.16667
163.66667
139.33334
107.75000
59.33334
47.50000
47.50000
44.00000
38.83334
45.50000
56.16667
52.58334
48.41667
50.16667
47.33334
41.00000
41.08334
47.25000
58.91667
78.16667
107.00000
121.66667
143.83334
169.75000
177.00000
185.50000
185.33334
190.75000
198.83334
207.50000
215.83334
218.25000
222.50000
223.58334
224.08334
223.41667
222.75000
224.25000
223.50000
222.00000
222.16667
220.75000
219.58334
211.16667
206.08334
203.41667
201.25000
198.66667
196.25000
194.00000
184.16667
171.66667
152.58334
132.50000
90.16667
62.91667
49.00000
41.83334
38.00000
52.16667
51.25000
50.66667
44.33334
51.91667
50.75000
42.58334
41.08334
55.16667
67.00000
95.00000
117.00000
134.50000
157.25000
171.41667
172.08334
186.75000
192.66667
193.16667
198.50000
209.25000
216.66667
221.16667
221.91667
222.83334
223.50000
224.33334
223.25000
221.58334
223.66667
221.83334
221.16667
212.66667
206.91667
204.83334
205.58334
209.08334
212.08334
211.16667
206.75000
195.41667
191.41667
172.00000
159.58334
140.33334
125.58334
89.50000
65.08334
49.91667
35.91667
47.91667
49.66667
53.00000
50.33334
50.91667
54.00000
45.75000
47.83334
65.00000
86.00000
108.41667
122.75000
146.08334
157.50000
162.66667
170.25000
166.08334
173.16667
178.33334
196.66667
202.00000
207.83334
215.50000
222.08334
225.16667
224.50000
225.33334
224.33334
222.91667
221.41667
214.50000
205.91667
207.83334
202.16667
200.83334
204.75000
204.58334
202.83334
193.66667
182.58334
167.66667
154.66667
142.66667
143.33334
143.75000
138.75000
119.41667
86.58334
68.25000
31.16667
50.58334
57.00000
54.08334
60.83334
50.25000
57.08334
54.25000
63.58334
95.58334
109.75000
114.50000
126.66667
149.00000
152.41667
150.08334
143.91667
149.75000
156.00000
161.83334
166.41667
171.75000
178.25000
193.33334
205.91667
221.58334
223.25000
222.75000
221.58334
219.83334
220.58334
205.66667
199.66667
195.75000
195.16667
201.91667
194.25000
179.25000
166.41667
154.16667
145.08334
127.08334
119.00000
116.91667
114.91667
123.08334
127.66667
130.41667
107.58334
82.16667
53.00000
53.91667
58.83334
59.33334
67.91667
54.91667
64.33334
61.66667
74.75000
107.16667
115.58334
115.50000
127.41667
121.16667
110.33334
116.08334
113.83334
120.41667
124.33334
127.33334
136.91667
158.58334
163.41667
166.50000
185.83334
201.16667
211.00000
214.50000
217.16667
212.58334
213.83334
212.25000
194.66667
186.83334
186.75000
177.08334
151.75000
124.58334
114.33334
110.83334
106.75000
107.58334
106.83334
108.33334
99.66667
101.08334
115.41667
123.75000
111.50000
96.25000
68.66667
74.08334
63.25000
68.50000
66.75000
59.83334
66.50000
70.83334
86.66667
109.58334
123.58334
111.08334
104.58334
86.50000
83.83334
91.08334
107.00000
112.00000
121.41667
126.08334
112.41667
108.50000
122.16667
128.33334
144.91667
171.91667
192.33334
200.33334
210.16667
207.25000
204.41667
192.25000
177.00000
157.83334
152.41667
145.25000
111.83334
85.08334
85.58334
99.16667
103.25000
120.25000
133.00000
137.25000
126.66667
119.75000
127.08334
118.83334
121.33334
114.00000
92.75000
84.83334
84.33334
75.83334
64.33334
65.00000
70.83334
79.75000
98.75000
113.41667
127.16667
99.75000
98.75000
89.08334
104.83334
115.58334
128.41667
122.50000
107.58334
105.08334
98.41667
101.66667
102.16667
97.41667
110.50000
140.00000
166.41667
183.08334
198.16667
202.00000
195.83334
188.41667
173.08334
147.75000
120.25000
117.33334
90.91667
73.00000
74.41667
106.66667
121.33334
148.25000
154.66667
165.50000
158.50000
147.41667
150.66667
128.25000
131.00000
122.41667
114.16667
110.58334
92.25000
84.08334
77.41667
77.75000
85.41667
87.66667
111.25000
119.33334
124.58334
103.16667
116.00000
122.58334
143.41667
164.00000
158.00000
153.08334
127.58334
106.75000
87.50000
68.50000
73.66667
79.08334
105.00000
128.33334
154.25000
175.66667
177.25000
179.16667
183.75000
177.66667
169.41667
146.08334
114.33334
110.83334
98.16667
76.16667
93.66667
95.25000
111.75000
130.91667
139.58334
152.66667
167.66667
149.91667
149.41667
133.91667
143.16667
128.33334
127.83334
126.41667
97.33334
89.83334
96.66667
98.08334
87.91667
92.08334
119.25000
127.50000
126.41667
129.75000
130.50000
129.50000
159.50000
157.75000
144.00000
121.25000
106.83334
102.16667
80.75000
82.16667
90.83334
108.16667
108.33334
131.16667
143.58334
160.41667
162.00000
168.50000
172.91667
167.66667
156.50000
141.08334
124.08334
106.58334
120.08334
128.33334
102.25000
113.58334
106.58334
109.16667
125.16667
142.50000
165.25000
155.75000
150.66667
134.66667
142.00000
140.33334
136.00000
127.75000
100.00000
117.83334
117.33334
111.75000
102.50000
99.25000
127.91667
137.08334
134.25000
141.33334
140.58334
142.08334
164.16667
137.00000
133.16667
136.16667
125.25000
128.75000
66.83334
82.66667
100.75000
133.00000
143.25000
142.16667
149.83334
166.75000
189.33334
200.41667
198.33334
177.41667
159.33334
145.33334
139.58334
136.66667
140.16667
174.58334
136.50000
111.50000
130.33334
153.08334
149.83334
139.75000
159.33334
169.83334
156.50000
149.58334
143.08334
142.75000
139.75000
126.25000
115.25000
135.16667
131.91667
116.16667
114.25000
106.00000
127.91667
147.33334
148.25000
150.83334
144.50000
154.75000
150.33334
139.33334
145.25000
136.75000
110.83334
101.33334
68.91667
117.58334
128.25000
130.58334
133.50000
157.50000
163.00000
175.50000
204.16667
216.58334
217.75000
197.91667
166.58334
153.75000
157.08334
157.58334
140.41667
119.50000
119.41667
119.58334
108.75000
115.91667
144.33334
171.58334
177.33334
178.83334
161.08334
168.33334
147.33334
147.91667
143.25000
130.00000
132.33334
146.00000
131.25000
119.50000
123.16667
112.33334
129.16667
147.00000
149.50000
160.00000
151.16667
160.75000
161.66667
162.83334
151.08334
147.08334
146.58334
143.33334
124.91667
112.58334
144.08334
155.25000
158.83334
157.00000
171.58334
185.41667
208.83334
217.83334
221.33334
207.08334
182.91667
166.33334
165.00000
170.66667
170.25000
171.91667
157.08334
152.33334
148.91667
161.08334
164.08334
168.08334
188.58334
197.33334
176.58334
175.50000
149.41667
151.00000
154.58334
144.75000
146.41667
154.08334
131.58334
125.25000
130.33334
142.58334
139.83334
144.41667
156.25000
165.16667
157.50000
172.75000
176.75000
183.41667
185.00000
177.66667
173.41667
162.66667
145.41667
150.50000
159.50000
173.16667
172.33334
164.25000
178.50000
194.75000
206.58334
213.58334
217.83334
208.16667
193.08334
184.08334
181.00000
184.00000
188.25000
194.91667
185.16667
191.83334
199.00000
205.41667
207.08334
197.66667
195.91667
203.08334
186.08334
172.25000
154.25000
159.75000
156.50000
147.16667
156.16667
156.83334
139.50000
140.75000
133.00000
150.25000
144.75000
143.33334
163.00000
165.16667
166.58334
183.66667
190.66667
197.33334
196.08334
190.58334
184.33334
190.00000
177.41667
181.83334
177.50000
194.16667
185.25000
178.41667
186.33334
196.83334
203.75000
209.25000
211.58334
205.91667
194.83334
193.83334
196.33334
198.91667
194.16667
188.50000
191.25000
196.41667
206.91667
212.75000
212.16667
211.41667
203.08334
203.41667
198.08334
170.41667
155.08334
162.91667
168.33334
157.25000
162.33334
163.16667
146.41667
142.58334
145.08334
148.41667
144.00000
144.66667
163.75000
164.00000
175.83334
187.75000
193.41667
204.75000
208.58334
198.08334
196.66667
200.16667
189.91667
192.16667
201.75000
202.08334
197.16667
193.50000
194.41667
199.75000
202.16667
202.75000
206.75000
201.66667
197.00000
196.58334
198.16667
203.83334
207.75000
206.83334
201.33334
201.83334
203.50000
209.58334
215.91667
214.41667
210.08334
210.50000
192.66667
174.50000
171.33334
163.41667
179.00000
157.16667
165.66667
164.91667
149.91667
146.33334
149.91667
150.83334
152.08334
154.41667
161.50000
165.16667
177.75000
188.75000
195.41667
208.41667
210.91667
204.41667
199.66667
199.75000
198.75000
207.16667
207.16667
208.00000
201.50000
197.41667
201.25000
202.83334
201.33334
205.91667
207.58334
202.50000
199.58334
200.83334
200.16667
200.33334
206.41667
213.41667
215.66667
215.91667
217.08334
215.25000
217.91667
219.41667
217.16667
208.91667
193.58334
177.83334
171.08334
164.91667
180.33334
162.66667
166.08334
163.66667
151.91667
148.08334
152.16667
149.00000
158.66667
159.16667
156.66667
167.41667
175.91667
194.00000
196.00000
211.41667
211.50000
206.66667
206.00000
211.66667
212.75000
209.50000
211.16667
207.83334
203.75000
194.25000
203.16667
201.41667
203.83334
204.50000
205.50000
206.08334
205.66667
200.58334
199.75000
198.41667
208.91667
212.75000
214.58334
216.41667
219.58334
220.66667
222.16667
221.41667
220.00000
204.91667
195.33334
180.00000
174.00000
169.66667
178.91667
170.66667
157.33334
158.83334
156.16667
145.66667
150.75000
150.58334
162.16667
160.50000
156.08334
167.50000
178.66667
193.33334
197.08334
205.41667
209.91667
210.08334
215.16667
217.41667
217.08334
211.41667
213.41667
208.58334
203.83334
199.25000
196.50000
199.16667
202.33334
208.16667
208.41667
191.41667
187.58334
194.58334
198.08334
198.08334
202.75000
215.91667
216.91667
219.00000
221.66667
220.75000
222.75000
220.08334
216.25000
202.66667
194.41667
179.25000
170.33334
172.50000
176.91667
175.58334
157.08334
161.16667
153.41667
142.91667
150.50000
150.08334
157.50000
159.16667
155.00000
170.16667
178.16667
191.83334
197.33334
197.41667
214.16667
216.66667
217.00000
217.08334
215.66667
213.33334
208.33334
200.41667
200.41667
198.83334
192.66667
195.50000
203.75000
210.91667
199.08334
207.50000
202.00000
198.91667
195.41667
202.41667
205.25000
212.91667
219.50000
220.16667
220.50000
221.16667
221.50000
219.83334
210.83334
200.58334
193.00000
183.50000
169.58334
175.00000
174.00000
171.50000
158.08334
166.33334
151.66667
140.66667
151.16667
157.58334
158.16667
161.83334
155.50000
172.91667
175.75000
189.16667
198.16667
196.50000
212.50000
216.33334
215.83334
219.66667
216.08334
215.41667
208.00000
197.33334
192.41667
195.58334
178.41667
179.00000
190.33334
189.91667
196.83334
200.91667
198.33334
196.41667
197.50000
199.75000
205.91667
211.25000
220.83334
221.08334
221.75000
220.58334
221.00000
218.25000
206.00000
199.33334
191.58334
185.50000
166.75000
181.33334
171.16667
167.25000
160.75000
161.41667
147.75000
147.08334
150.33334
156.91667
165.25000
158.25000
152.91667
175.66667
175.75000
188.16667
198.08334
200.08334
211.00000
215.83334
217.16667
218.83334
215.91667
212.16667
210.50000
201.08334
189.91667
176.08334
169.08334
168.33334
163.91667
160.41667
157.41667
170.33334
178.25000
173.33334
183.66667
180.16667
200.08334
211.08334
220.16667
221.66667
222.08334
220.91667
218.50000
214.50000
206.33334
200.58334
191.66667
185.75000
167.16667
183.08334
160.41667
159.83334
156.33334
155.50000
148.08334
149.00000
148.83334
150.00000
159.75000
159.25000
155.41667
172.75000
170.16667
181.33334
194.00000
199.16667
211.08334
214.83334
217.91667
216.91667
214.66667
211.41667
208.00000
204.16667
192.33334
171.91667
162.58334
151.83334
150.50000
158.08334
170.25000
165.16667
159.58334
170.08334
174.50000
188.75000
203.66667
213.08334
217.08334
221.08334
221.66667
220.66667
218.08334
212.16667
205.58334
195.75000
190.66667
185.58334
164.91667
180.08334
150.91667
156.08334
163.16667
160.33334
153.00000
143.41667
150.66667
147.16667
162.58334
164.83334
159.25000
171.91667
170.41667
177.66667
195.66667
197.00000
204.58334
213.25000
215.75000
214.50000
213.25000
211.83334
209.50000
208.58334
193.41667
183.91667
172.16667
167.08334
170.00000
166.00000
166.58334
163.16667
176.16667
183.83334
194.33334
200.58334
204.25000
213.25000
216.00000
218.91667
222.66667
219.66667
214.00000
209.58334
197.75000
197.58334
187.75000
186.08334
165.33334
176.33334
159.16667
148.33334
157.33334
161.25000
152.08334
136.33334
145.16667
145.83334
160.83334
162.33334
160.00000
175.58334
164.41667
176.66667
190.83334
193.58334
197.16667
205.25000
209.41667
210.91667
212.16667
213.58334
211.58334
206.41667
196.08334
189.50000
177.66667
170.50000
170.66667
180.50000
185.58334
189.50000
198.75000
198.41667
197.25000
198.50000
205.66667
210.33334
213.33334
216.33334
220.41667
216.08334
212.83334
207.00000
202.08334
195.75000
184.16667
183.00000
172.66667
167.83334
163.50000
149.00000
153.00000
155.91667
149.08334
130.50000
130.00000
141.25000
146.25000
150.75000
161.75000
177.41667
163.33334
172.25000
188.91667
193.75000
192.66667
209.41667
209.41667
212.33334
210.41667
212.00000
211.08334
205.50000
197.58334
194.41667
193.08334
186.00000
182.25000
186.33334
193.75000
196.08334
198.58334
197.75000
198.83334
198.83334
202.33334
206.66667
209.41667
209.16667
208.00000
212.00000
210.50000
205.33334
200.66667
194.66667
182.50000
180.58334
181.75000
168.00000
164.41667
146.33334
147.91667
156.08334
151.91667
121.25000
125.83334
131.16667
137.83334
137.00000
159.16667
168.58334
167.00000
170.25000
188.16667
192.25000
191.50000
204.50000
211.50000
212.41667
212.41667
208.00000
202.25000
201.08334
200.41667
197.66667
194.41667
189.41667
191.66667
193.33334
193.08334
194.41667
195.83334
197.50000
197.75000
197.83334
195.66667
193.58334
201.33334
201.75000
205.58334
209.66667
209.08334
203.25000
196.75000
192.33334
181.16667
175.00000
177.66667
169.41667
164.66667
150.66667
157.75000
154.83334
146.66667
124.50000
125.00000
130.83334
135.75000
131.16667
155.66667
165.50000
166.66667
168.75000
187.50000
191.50000
193.16667
194.58334
207.83334
205.58334
207.58334
202.41667
199.50000
194.16667
192.91667
194.75000
194.16667
194.08334
193.91667
199.75000
204.08334
196.58334
190.50000
196.75000
205.25000
203.33334
200.75000
194.33334
199.58334
200.83334
207.25000
209.33334
210.08334
200.16667
195.50000
189.66667
179.33334
177.58334
178.41667
169.25000
161.00000
154.66667
158.16667
158.66667
144.75000
121.91667
119.91667
127.91667
135.75000
135.25000
141.91667
160.08334
166.58334
165.75000
184.41667
191.00000
193.16667
193.50000
196.50000
199.25000
206.08334
205.50000
202.25000
197.08334
198.58334
190.58334
193.50000
189.91667
191.41667
185.91667
191.16667
201.25000
205.08334
202.16667
192.66667
192.41667
199.58334
201.50000
190.00000
199.41667
200.16667
204.66667
205.66667
196.75000
197.33334
187.25000
180.66667
175.16667
179.33334
165.91667
160.08334
159.00000
163.00000
162.08334
146.08334
127.58334
128.00000
137.75000
134.08334
132.91667
144.83334
156.91667
162.58334
166.50000
185.25000
187.91667
192.58334
193.41667
198.08334
199.25000
194.66667
197.00000
191.50000
188.83334
191.58334
185.16667
185.25000
178.50000
165.58334
155.16667
174.91667
178.00000
179.50000
170.58334
173.83334
179.33334
182.41667
178.58334
179.08334
193.33334
198.00000
204.08334
195.50000
198.58334
192.66667
186.08334
179.08334
170.41667
179.33334
161.83334
160.58334
161.00000
161.50000
162.00000
138.25000
121.41667
123.58334
136.58334
129.75000
132.33334
143.33334
151.00000
160.91667
166.41667
178.33334
190.58334
192.25000
193.33334
191.66667
195.75000
195.83334
181.58334
172.08334
169.33334
168.00000
170.50000
167.00000
159.50000
149.91667
155.25000
147.50000
160.41667
174.16667
170.75000
178.16667
173.58334
177.25000
177.41667
186.33334
190.25000
203.08334
204.25000
192.83334
196.25000
193.83334
185.08334
165.58334
157.25000
173.08334
157.50000
148.00000
164.58334
156.41667
161.00000
140.75000
127.00000
134.83334
143.66667
121.83334
128.50000
135.83334
146.16667
154.33334
158.50000
171.83334
188.16667
192.00000
190.58334
196.50000
189.83334
193.08334
191.00000
185.25000
180.33334
167.91667
167.58334
155.75000
146.16667
152.66667
160.58334
170.08334
179.08334
168.00000
167.58334
172.66667
166.00000
153.75000
167.33334
185.25000
191.08334
196.25000
207.33334
201.00000
195.58334
191.25000
184.58334
167.08334
163.00000
176.83334
164.08334
153.58334
161.58334
155.50000
158.83334
139.66667
140.91667
138.75000
152.66667
140.50000
134.83334
141.33334
153.66667
164.33334
172.00000
166.16667
184.41667
190.00000
188.50000
193.41667
190.91667
197.75000
193.08334
186.66667
179.33334
175.75000
169.00000
167.75000
166.75000
159.16667
171.58334
175.08334
189.08334
180.00000
172.50000
168.16667
159.41667
159.66667
167.08334
181.91667
189.41667
203.66667
208.33334
197.75000
193.16667
188.33334
184.91667
163.50000
170.66667
172.33334
166.25000
158.16667
163.08334
160.41667
147.66667
127.16667
145.08334
138.16667
148.83334
156.00000
134.50000
144.58334
151.08334
163.00000
169.08334
176.00000
172.08334
180.83334
183.08334
185.25000
187.83334
190.25000
192.83334
194.00000
190.58334
178.00000
172.41667
173.58334
174.33334
179.41667
175.50000
177.41667
177.08334
179.16667
183.33334
177.75000
182.58334
191.00000
197.08334
198.00000
201.16667
201.00000
206.00000
197.41667
192.33334
186.66667
182.00000
165.66667
173.75000
166.91667
162.08334
164.00000
169.08334
170.83334
151.00000
121.16667
147.91667
144.33334
148.33334
150.75000
136.41667
143.91667
149.08334
163.33334
168.00000
178.08334
171.25000
182.00000
185.33334
187.58334
191.16667
190.50000
192.75000
195.50000
192.58334
190.58334
187.66667
184.08334
183.00000
183.08334
181.58334
182.83334
185.50000
186.50000
185.41667
188.16667
199.41667
202.33334
202.25000
200.91667
202.58334
203.33334
203.83334
196.16667
191.16667
184.41667
176.41667
162.66667
175.75000
165.75000
157.33334
158.58334
171.41667
168.83334
152.66667
118.00000
150.91667
149.91667
152.08334
139.50000
141.83334
140.75000
146.83334
160.75000
162.08334
172.08334
172.41667
176.25000
183.50000
187.33334
186.83334
192.58334
190.91667
195.33334
195.50000
192.83334
194.08334
189.50000
184.66667
184.08334
183.33334
182.25000
182.16667
180.58334
182.91667
185.41667
194.08334
195.58334
195.08334
195.83334
198.08334
200.83334
198.75000
193.58334
187.25000
181.00000
172.91667
159.58334
175.25000
160.08334
159.33334
158.83334
171.16667
170.16667
150.91667
120.83334
159.75000
169.00000
166.66667
150.50000
155.66667
152.58334
155.25000
165.00000
167.08334
158.16667
166.08334
169.50000
181.91667
184.75000
183.91667
190.41667
190.91667
193.83334
199.33334
199.25000
198.66667
197.33334
192.50000
189.91667
190.00000
189.50000
186.50000
186.08334
196.00000
187.16667
190.25000
193.08334
197.00000
200.50000
202.33334
202.50000
200.58334
190.75000
186.16667
177.16667
166.58334
154.58334
165.58334
162.50000
155.66667
165.00000
168.75000
162.08334
146.08334
134.91667
158.33334
173.83334
168.75000
159.25000
161.66667
153.41667
151.41667
156.41667
160.08334
145.58334
155.16667
158.58334
175.08334
180.66667
184.41667
188.33334
191.83334
191.91667
198.41667
199.08334
199.08334
199.08334
201.50000
200.33334
197.58334
192.66667
195.58334
200.50000
204.75000
200.58334
192.91667
196.75000
194.58334
193.75000
196.91667
196.83334
197.91667
188.83334
179.83334
168.50000
158.91667
150.50000
163.91667
169.66667
152.08334
163.41667
163.91667
158.00000
137.83334
141.41667
162.33334
178.83334
167.00000
161.41667
165.83334
156.00000
154.75000
161.66667
164.66667
148.50000
151.41667
155.58334
169.58334
177.25000
183.16667
189.00000
192.50000
194.83334
195.75000
199.58334
203.41667
202.91667
204.00000
203.58334
202.41667
200.91667
207.41667
208.08334
211.08334
208.33334
196.08334
196.83334
193.75000
193.16667
190.25000
189.33334
186.75000
183.75000
174.83334
165.75000
152.83334
149.25000
155.83334
156.75000
150.33334
147.08334
154.33334
150.91667
138.25000
155.83334
164.41667
180.50000
168.83334
163.00000
171.41667
160.33334
160.75000
160.50000
154.33334
149.91667
162.75000
157.66667
168.33334
177.66667
176.41667
184.00000
189.41667
194.25000
195.75000
198.58334
200.33334
199.58334
205.58334
203.58334
202.58334
206.33334
210.83334
209.33334
212.41667
210.33334
197.66667
194.75000
190.83334
191.83334
188.16667
183.83334
180.50000
174.41667
161.00000
154.66667
145.33334
137.83334
148.41667
139.50000
148.25000
157.83334
158.50000
139.75000
151.25000
153.75000
175.58334
174.83334
172.00000
166.41667
172.58334
162.58334
161.58334
166.41667
150.58334
153.66667
160.75000
162.33334
175.83334
172.33334
174.75000
175.00000
184.75000
190.00000
194.83334
194.75000
195.33334
198.08334
197.83334
195.16667
200.08334
211.33334
207.25000
208.00000
210.25000
202.91667
193.00000
189.50000
187.25000
186.00000
179.58334
177.33334
166.33334
158.41667
150.08334
147.08334
137.91667
143.66667
140.66667
125.41667
148.33334
154.25000
161.66667
152.41667
132.75000
161.58334
