58.00000
61.08334
58.41667
49.58334
44.25000
37.75000
27.75000
26.33333
24.08333
23.25000
21.75000
27.08333
30.33333
34.58334
42.25000
52.75000
65.16667
81.25000
89.91667
98.66667
102.75000
105.33334
109.50000
110.50000
113.16667
112.75000
110.66667
104.00000
102.41667
102.91667
86.25000
77.00000
69.50000
61.66667
45.00000
36.33334
30.66667
27.16667
20.16667
17.25000
13.33333
10.33333
15.66667
18.58333
18.83333
22.41667
26.50000
29.91667
36.25000
28.75000
58.66667
60.91667
62.08334
49.75000
45.50000
36.50000
25.08333
26.00000
26.33333
27.08333
31.41667
36.75000
40.91667
47.16667
60.58334
80.91667
100.91667
118.08334
126.33334
130.33334
135.16667
134.33334
138.75000
141.41667
144.08334
150.75000
147.83334
142.33334
136.50000
129.75000
125.75000
117.58334
105.16667
92.83334
77.00000
59.33334
47.16667
35.66667
28.83333
22.66667
18.50000
16.83333
14.66667
21.08333
20.50000
23.58333
27.50000
31.83333
29.91667
41.50000
56.75000
62.58334
63.33334
53.91667
45.75000
28.41667
25.33333
25.58333
27.58333
31.25000
36.66667
47.25000
53.25000
73.00000
97.58334
121.75000
137.41667
145.33334
148.16667
154.66667
157.41667
159.50000
159.50000
157.00000
157.25000
160.75000
156.83334
152.25000
150.41667
152.33334
147.58334
139.83334
136.33334
123.66667
112.16667
87.83334
66.00000
52.66667
43.00000
34.33334
24.33333
21.33333
22.41667
25.08333
18.66667
24.58333
27.75000
26.83333
30.25000
44.16667
55.50000
60.25000
60.50000
51.25000
41.33334
29.33333
24.66667
27.33333
30.66667
33.41667
40.33334
57.75000
73.33334
101.91667
124.41667
140.00000
148.83334
154.91667
158.58334
165.33334
169.00000
168.66667
165.66667
162.66667
165.00000
165.83334
165.41667
163.66667
161.58334
159.91667
157.41667
154.66667
150.16667
144.08334
134.33334
120.58334
97.50000
73.41667
59.58334
41.00000
35.83334
28.41667
26.00000
25.50000
20.25000
23.83333
30.91667
24.50000
29.66667
48.08334
52.75000
57.16667
57.00000
49.41667
39.66667
32.50000
27.16667
27.33333
30.83333
39.58334
49.91667
70.91667
98.83334
123.41667
137.33334
146.75000
154.16667
161.33334
168.25000
169.08334
177.00000
173.33334
171.50000
174.58334
173.50000
171.33334
169.91667
169.50000
167.50000
169.50000
162.16667
163.00000
160.25000
156.41667
146.41667
136.75000
120.41667
101.25000
76.66667
55.58334
43.41667
33.66667
29.83333
25.66667
20.75000
27.08333
31.58333
28.08333
29.58333
45.25000
48.66667
56.16667
56.83334
50.33334
39.08334
33.66667
26.33333
29.08333
33.33334
45.33334
66.41667
89.16667
114.16667
131.08334
142.25000
150.75000
160.91667
168.83334
172.91667
177.75000
181.50000
180.66667
181.25000
180.58334
176.50000
179.83334
179.58334
180.00000
177.58334
175.66667
173.50000
174.66667
168.41667
165.08334
158.91667
149.83334
133.16667
119.91667
100.91667
76.83334
53.33334
41.25000
34.33334
28.50000
22.41667
25.00000
31.66667
30.33333
37.91667
39.83334
48.33334
53.16667
56.41667
50.66667
38.25000
33.16667
25.83333
29.66667
35.66667
50.58334
74.50000
97.08334
122.83334
136.75000
150.91667
158.50000
166.41667
172.66667
176.08334
182.50000
184.83334
185.50000
182.91667
182.83334
182.91667
185.50000
183.75000
181.75000
181.25000
179.58334
183.00000
183.83334
177.58334
169.16667
164.08334
156.75000
142.91667
131.66667
113.50000
92.66667
69.91667
52.50000
40.41667
30.50000
27.58333
24.75000
27.75000
28.83333
37.83334
38.75000
49.41667
53.66667
55.25000
50.08334
41.41667
33.08334
26.25000
30.75000
39.41667
55.16667
80.00000
106.66667
128.75000
146.91667
156.41667
160.41667
165.75000
170.00000
179.00000
180.25000
181.16667
183.58334
184.08334
183.25000
189.50000
186.50000
185.75000
185.66667
184.75000
183.58334
181.75000
181.83334
177.66667
174.25000
170.33334
165.25000
151.41667
138.58334
124.08334
100.66667
77.33334
58.83334
42.16667
33.00000
29.75000
29.58333
28.58333
28.41667
38.00000
33.75000
46.50000
52.58334
56.50000
53.41667
43.75000
38.41667
32.25000
38.41667
47.66667
62.25000
89.25000
115.66667
136.66667
151.00000
157.16667
160.91667
165.75000
171.33334
174.50000
177.91667
180.50000
182.08334
184.16667
183.25000
190.16667
191.66667
194.66667
187.16667
188.75000
184.91667
183.66667
181.75000
181.25000
177.91667
175.58334
166.66667
157.58334
144.16667
132.41667
108.16667
83.75000
65.50000
48.91667
36.41667
31.91667
30.16667
31.66667
26.50000
40.16667
32.66667
45.33334
50.50000
55.91667
54.25000
47.33334
40.16667
37.25000
38.50000
53.50000
69.66667
99.66667
120.41667
145.25000
153.58334
158.08334
161.83334
167.66667
173.25000
176.08334
179.41667
179.08334
179.66667
182.50000
182.75000
187.75000
187.58334
186.25000
186.83334
185.75000
183.08334
185.00000
182.83334
183.33334
184.41667
179.33334
170.66667
164.08334
150.75000
138.50000
116.91667
91.16667
67.58334
53.25000
41.41667
35.50000
32.58334
27.91667
33.25000
42.66667
37.08334
44.08334
49.75000
55.16667
53.91667
49.33334
45.66667
45.08334
43.08334
59.66667
78.50000
104.41667
124.58334
146.33334
151.50000
158.83334
162.08334
167.75000
176.75000
175.41667
177.66667
179.00000
179.58334
182.08334
186.91667
185.83334
185.00000
184.58334
186.41667
185.33334
187.00000
187.00000
184.83334
188.50000
187.00000
182.16667
174.83334
165.58334
154.50000
144.83334
123.75000
99.91667
75.00000
56.33334
45.50000
37.91667
33.91667
31.50000
33.25000
48.00000
47.91667
44.75000
47.58334
54.41667
55.50000
55.00000
57.00000
55.25000
54.75000
66.16667
85.83334
112.16667
130.83334
148.16667
150.58334
157.50000
160.66667
162.91667
169.75000
173.50000
175.91667
178.75000
182.41667
183.58334
187.41667
187.66667
185.83334
187.58334
187.83334
189.75000
192.50000
194.58334
193.08334
193.75000
190.91667
180.41667
173.16667
165.75000
158.91667
148.75000
129.16667
104.75000
85.75000
70.33334
51.66667
40.75000
35.75000
34.66667
36.50000
60.58334
66.00000
45.41667
45.83334
54.16667
57.16667
61.16667
66.66667
59.16667
61.41667
72.66667
94.50000
122.83334
133.25000
147.91667
152.58334
156.25000
159.66667
159.66667
168.58334
172.33334
172.08334
178.00000
189.16667
189.91667
191.58334
191.25000
188.58334
190.08334
192.66667
194.91667
194.50000
194.08334
188.91667
189.08334
188.66667
183.66667
175.33334
170.41667
160.75000
151.83334
134.33334
113.50000
96.91667
81.08334
64.75000
43.83334
39.00000
36.33334
41.66667
70.58334
64.41667
44.25000
46.41667
53.83334
57.33334
63.58334
68.66667
67.50000
60.58334
83.50000
109.91667
128.41667
136.25000
140.91667
143.41667
147.25000
147.75000
152.83334
158.83334
163.91667
169.83334
169.91667
176.00000
184.50000
190.50000
194.41667
194.91667
195.50000
201.08334
196.83334
194.25000
188.16667
183.66667
182.08334
180.33334
175.41667
170.91667
170.50000
167.91667
152.58334
136.66667
118.50000
105.75000
98.33334
71.75000
45.91667
42.00000
41.16667
56.00000
60.00000
69.08334
45.41667
47.66667
52.00000
55.00000
67.75000
74.33334
71.00000
58.50000
89.08334
116.91667
128.08334
132.50000
127.25000
122.41667
127.25000
134.91667
134.25000
138.58334
150.41667
154.33334
157.08334
162.33334
166.58334
174.66667
182.83334
191.83334
191.33334
184.41667
184.16667
176.66667
171.50000
166.83334
162.25000
155.16667
148.16667
137.25000
136.66667
153.25000
146.50000
135.75000
121.91667
111.91667
110.50000
83.08334
51.25000
43.75000
43.16667
64.58334
60.83334
76.75000
50.16667
45.16667
49.33334
57.00000
69.83334
73.41667
76.25000
58.25000
96.08334
119.91667
115.75000
107.75000
98.91667
92.00000
93.91667
90.83334
89.00000
99.16667
95.41667
106.00000
125.25000
134.50000
140.66667
150.58334
161.50000
157.58334
157.08334
153.91667
157.50000
150.91667
140.66667
132.25000
122.08334
114.16667
110.83334
99.83334
96.25000
107.75000
120.00000
123.83334
125.25000
119.16667
118.91667
87.33334
54.08334
46.41667
47.66667
69.91667
74.66667
87.25000
55.16667
47.16667
49.83334
57.66667
75.83334
73.00000
81.16667
70.08334
102.41667
122.91667
101.91667
88.91667
78.16667
76.66667
75.50000
73.50000
68.91667
65.83334
63.58334
65.50000
72.00000
90.58334
116.41667
137.83334
140.91667
135.66667
127.91667
130.50000
112.08334
97.83334
84.91667
79.50000
80.25000
84.08334
83.41667
85.08334
88.50000
89.33334
102.83334
104.16667
122.33334
122.16667
126.33334
92.25000
61.00000
48.25000
50.00000
74.33334
86.58334
86.25000
52.83334
53.75000
49.50000
60.58334
82.58334
74.41667
89.91667
82.33334
110.41667
113.58334
91.75000
82.33334
91.75000
86.83334
78.08334
81.25000
77.83334
70.25000
66.91667
70.50000
85.75000
93.41667
93.91667
119.08334
128.41667
118.50000
119.83334
93.83334
80.66667
81.33334
78.33334
79.41667
89.41667
99.66667
104.50000
105.08334
114.25000
103.66667
102.75000
108.50000
125.58334
121.66667
127.91667
102.00000
70.50000
63.58334
62.91667
88.25000
96.91667
78.75000
55.16667
51.91667
54.66667
62.75000
80.66667
81.75000
87.58334
87.75000
117.75000
115.50000
102.33334
100.25000
106.91667
99.41667
94.91667
90.41667
82.25000
78.33334
92.16667
103.25000
98.16667
108.58334
108.83334
133.91667
137.00000
125.66667
121.75000
104.66667
102.00000
95.00000
79.66667
85.58334
83.25000
84.83334
80.83334
88.91667
102.91667
106.16667
116.66667
123.91667
131.50000
131.91667
127.75000
97.08334
77.00000
70.91667
73.08334
97.83334
101.33334
87.66667
55.08334
54.08334
54.83334
64.58334
80.00000
82.75000
87.50000
89.75000
112.83334
116.08334
115.25000
116.00000
103.83334
81.83334
93.66667
83.00000
94.25000
79.50000
110.00000
104.08334
106.66667
123.91667
121.66667
141.83334
145.00000
137.16667
135.41667
122.83334
105.16667
104.00000
88.33334
95.25000
72.00000
63.75000
62.75000
86.50000
73.66667
89.91667
117.08334
129.33334
140.08334
137.58334
121.75000
103.08334
80.58334
71.16667
80.83334
97.16667
116.91667
111.41667
61.50000
60.75000
61.41667
76.41667
82.50000
81.33334
86.41667
92.58334
112.91667
125.91667
126.16667
127.16667
103.00000
94.33334
105.50000
103.33334
90.00000
95.41667
115.66667
111.91667
127.33334
125.91667
129.66667
151.16667
155.58334
157.25000
145.66667
121.91667
123.91667
116.66667
111.75000
102.00000
81.16667
73.75000
100.58334
99.91667
94.00000
111.66667
128.75000
133.08334
134.83334
133.58334
126.41667
112.08334
88.50000
78.75000
100.41667
99.91667
124.00000
118.16667
62.50000
59.50000
59.91667
78.33334
86.41667
82.08334
85.33334
93.25000
124.16667
133.41667
136.75000
137.75000
130.25000
133.25000
141.00000
139.33334
139.41667
139.25000
135.91667
139.66667
140.25000
125.75000
137.75000
158.50000
166.83334
171.83334
156.25000
140.66667
124.00000
131.41667
131.16667
129.00000
137.50000
127.50000
130.83334
128.66667
128.50000
146.16667
154.91667
145.83334
141.16667
144.33334
134.50000
113.33334
92.75000
88.33334
113.41667
104.25000
128.66667
126.50000
61.25000
58.33334
59.75000
74.58334
88.08334
82.16667
90.00000
92.91667
127.91667
135.58334
144.16667
154.75000
156.58334
155.91667
157.33334
159.91667
160.75000
157.16667
150.16667
148.00000
143.41667
138.25000
142.16667
161.41667
175.75000
183.75000
162.25000
155.41667
141.58334
140.16667
147.00000
135.91667
145.41667
129.66667
139.91667
140.41667
149.91667
157.25000
157.08334
146.00000
142.50000
147.25000
142.58334
116.41667
99.16667
91.33334
116.16667
126.16667
134.83334
124.16667
62.75000
58.50000
59.58334
71.33334
87.75000
81.16667
88.33334
95.91667
126.91667
134.83334
144.25000
159.50000
158.58334
161.83334
160.83334
163.58334
163.33334
162.58334
163.00000
162.41667
152.58334
141.66667
150.33334
168.00000
183.33334
186.83334
167.00000
156.25000
152.00000
151.91667
162.25000
162.00000
162.66667
161.16667
158.58334
169.91667
168.00000
165.58334
154.16667
148.58334
149.16667
153.66667
133.25000
114.91667
104.75000
92.16667
139.25000
144.66667
127.50000
125.16667
64.50000
60.33334
59.66667
68.25000
80.83334
84.16667
87.50000
100.83334
122.91667
135.91667
146.00000
163.25000
164.50000
167.75000
168.66667
170.00000
168.33334
170.00000
167.16667
161.33334
146.75000
141.50000
154.91667
169.16667
181.75000
189.16667
171.00000
160.33334
163.25000
154.16667
170.33334
177.66667
175.33334
175.58334
173.75000
176.83334
172.91667
164.08334
165.83334
152.83334
150.58334
153.33334
126.16667
115.75000
110.58334
112.58334
142.00000
142.41667
131.50000
132.00000
62.33334
60.91667
57.25000
65.00000
78.66667
85.33334
90.66667
97.66667
121.16667
136.08334
149.66667
161.66667
167.16667
164.91667
168.83334
175.25000
174.33334
172.00000
175.08334
159.33334
144.75000
143.75000
160.25000
171.50000
184.08334
186.33334
172.75000
162.16667
152.75000
161.08334
173.08334
181.75000
185.50000
183.91667
185.50000
184.50000
176.58334
170.33334
167.58334
155.16667
149.75000
142.50000
121.66667
115.25000
123.08334
124.33334
146.75000
149.41667
144.50000
150.33334
60.75000
63.75000
58.91667
61.66667
77.33334
83.00000
96.16667
96.83334
119.41667
135.41667
145.33334
160.41667
163.41667
166.00000
170.83334
175.50000
177.08334
174.16667
172.25000
154.16667
148.08334
149.00000
162.00000
175.00000
185.58334
191.66667
172.16667
166.66667
149.00000
155.25000
166.66667
182.25000
189.50000
190.16667
189.41667
186.41667
178.08334
175.75000
166.91667
159.91667
155.41667
139.75000
122.41667
121.75000
123.50000
132.41667
140.16667
153.41667
145.66667
141.58334
60.16667
60.25000
64.66667
59.83334
72.00000
82.33334
94.00000
97.66667
115.75000
132.41667
143.91667
157.16667
160.00000
171.50000
174.00000
178.33334
176.58334
174.91667
169.50000
151.08334
144.08334
149.83334
163.41667
179.33334
184.08334
200.41667
172.75000
167.58334
151.66667
144.16667
160.91667
173.91667
182.25000
188.58334
190.58334
188.16667
187.08334
172.00000
168.58334
159.16667
145.91667
136.66667
126.08334
124.50000
126.16667
134.75000
129.08334
139.16667
135.75000
137.16667
55.66667
62.25000
62.50000
62.33334
70.00000
80.75000
95.58334
99.08334
113.58334
131.08334
143.00000
154.41667
162.25000
170.58334
178.33334
179.25000
178.50000
174.66667
162.16667
142.25000
141.58334
148.83334
164.08334
181.83334
187.58334
191.58334
175.58334
168.91667
160.16667
147.50000
153.25000
159.75000
174.83334
178.00000
180.58334
184.33334
181.08334
178.66667
172.50000
156.41667
148.58334
133.16667
126.58334
125.16667
126.25000
130.08334
126.83334
126.66667
133.91667
143.16667
55.16667
61.58334
66.41667
65.75000
71.41667
85.08334
97.41667
101.08334
109.50000
129.58334
140.75000
152.00000
161.91667
169.33334
175.83334
176.16667
172.50000
165.33334
152.41667
135.91667
138.16667
142.91667
160.58334
175.66667
189.50000
183.75000
168.08334
165.16667
165.00000
159.66667
144.91667
157.41667
171.33334
177.33334
180.41667
179.91667
173.91667
175.33334
165.50000
156.08334
145.83334
130.75000
126.83334
123.50000
118.58334
126.08334
122.75000
124.91667
132.66667
132.00000
55.50000
57.16667
73.00000
72.50000
73.58334
87.33334
101.00000
103.83334
107.75000
125.16667
137.58334
147.58334
160.33334
164.16667
168.50000
169.00000
166.75000
158.66667
148.66667
138.58334
140.41667
138.08334
154.75000
170.33334
182.16667
172.16667
163.00000
159.75000
160.25000
153.41667
147.33334
154.50000
162.00000
175.25000
176.83334
172.75000
175.91667
174.41667
163.00000
153.66667
142.75000
130.25000
124.16667
126.58334
122.91667
130.66667
136.50000
130.91667
139.16667
117.41667
56.58334
55.50000
70.50000
73.25000
75.50000
88.08334
98.41667
105.16667
105.50000
122.33334
135.00000
142.66667
153.33334
155.08334
158.75000
158.75000
154.33334
150.75000
146.00000
139.25000
130.33334
129.66667
139.75000
159.75000
167.33334
157.25000
149.91667
143.58334
143.41667
139.58334
150.00000
167.83334
164.50000
168.33334
179.41667
171.00000
167.00000
164.41667
162.75000
152.00000
142.41667
134.08334
117.08334
122.25000
128.58334
123.25000
139.50000
136.83334
144.91667
117.25000
56.25000
57.33334
64.58334
73.25000
75.91667
87.41667
100.25000
104.83334
105.58334
118.25000
131.91667
139.83334
144.58334
145.16667
146.58334
145.25000
144.16667
140.75000
140.75000
139.25000
125.08334
114.50000
122.08334
142.16667
139.41667
133.50000
118.16667
120.33334
125.08334
141.33334
157.75000
165.91667
167.25000
167.16667
164.75000
168.50000
164.00000
165.25000
156.25000
148.08334
142.58334
128.00000
116.08334
118.00000
129.50000
124.83334
131.83334
140.50000
138.66667
121.00000
55.50000
58.83334
65.33334
68.08334
71.83334
82.66667
96.58334
104.75000
107.33334
114.83334
130.00000
135.00000
138.91667
141.66667
142.16667
139.33334
135.08334
137.58334
133.08334
126.91667
122.58334
105.33334
101.41667
126.66667
120.58334
116.33334
99.91667
99.16667
118.33334
130.50000
145.41667
156.83334
159.33334
161.50000
157.41667
158.83334
163.00000
154.08334
155.75000
144.58334
136.75000
119.66667
118.33334
111.33334
133.08334
132.08334
128.75000
140.75000
140.08334
118.08334
54.50000
60.00000
66.83334
67.08334
72.00000
76.91667
91.91667
104.41667
108.16667
111.58334
128.41667
132.83334
139.58334
139.33334
137.08334
132.75000
132.16667
127.25000
113.33334
97.58334
86.25000
77.41667
78.50000
94.75000
102.25000
95.75000
84.83334
81.16667
87.58334
102.33334
111.25000
126.41667
137.66667
143.58334
142.66667
151.66667
157.41667
149.75000
149.66667
142.25000
129.08334
115.83334
112.75000
112.83334
130.41667
122.08334
128.33334
133.83334
128.66667
111.33334
50.83334
59.75000
65.58334
66.25000
73.41667
81.08334
92.16667
105.00000
105.25000
111.58334
121.33334
134.75000
135.50000
139.50000
133.75000
119.75000
107.08334
97.58334
85.66667
75.58334
64.25000
54.16667
69.08334
87.33334
109.50000
96.33334
81.58334
68.75000
71.16667
78.00000
85.00000
85.83334
98.25000
112.58334
118.25000
140.50000
150.66667
148.41667
147.50000
142.16667
121.58334
115.25000
109.41667
122.91667
125.41667
118.66667
135.83334
132.16667
127.25000
96.33334
58.91667
58.91667
63.00000
70.08334
76.58334
80.83334
87.00000
104.50000
105.33334
110.08334
116.91667
133.58334
134.50000
140.33334
131.50000
103.41667
80.75000
66.08334
59.33334
57.41667
63.50000
59.58334
78.50000
103.33334
110.75000
108.08334
96.91667
75.08334
75.83334
80.33334
86.50000
81.25000
77.83334
83.33334
88.58334
116.33334
155.00000
152.25000
149.83334
132.50000
119.08334
112.08334
106.50000
126.91667
121.25000
126.16667
137.33334
151.16667
121.66667
88.00000
67.66667
57.33334
65.41667
74.41667
73.91667
90.41667
89.75000
103.16667
107.58334
110.33334
116.41667
128.66667
135.08334
148.16667
132.75000
89.41667
70.33334
67.16667
71.91667
75.83334
78.91667
83.58334
105.83334
121.00000
131.66667
124.41667
108.16667
93.83334
93.58334
96.58334
98.83334
102.00000
90.00000
86.66667
83.16667
125.00000
152.25000
147.75000
142.66667
128.08334
118.58334
108.16667
111.50000
126.16667
121.66667
119.33334
135.75000
144.58334
140.08334
96.91667
80.08334
69.08334
77.75000
78.16667
83.50000
85.66667
88.50000
103.50000
102.50000
110.00000
128.66667
133.00000
131.91667
145.83334
140.00000
106.91667
90.41667
89.91667
91.58334
96.58334
108.83334
112.83334
117.75000
115.66667
122.00000
123.58334
122.83334
110.66667
103.50000
107.25000
100.08334
100.91667
105.50000
116.00000
121.50000
137.50000
151.50000
141.33334
135.25000
123.08334
126.41667
103.83334
114.16667
124.08334
124.66667
107.33334
124.25000
141.58334
144.41667
115.83334
94.83334
91.83334
88.91667
92.83334
90.75000
94.91667
94.25000
100.00000
106.25000
129.50000
130.16667
134.41667
124.50000
140.33334
146.66667
133.25000
123.00000
113.83334
108.58334
104.66667
113.16667
120.33334
124.00000
121.50000
129.41667
125.91667
123.75000
128.41667
125.66667
121.75000
117.50000
119.00000
127.66667
140.16667
142.58334
146.83334
143.91667
140.66667
133.41667
123.83334
116.25000
117.50000
109.00000
120.58334
118.00000
103.25000
122.91667
139.50000
134.16667
126.41667
98.16667
98.50000
83.41667
95.58334
96.16667
97.83334
97.08334
111.66667
106.91667
128.58334
130.25000
129.83334
123.50000
131.58334
147.58334
147.41667
144.16667
138.66667
133.58334
127.00000
125.16667
130.33334
134.08334
130.91667
137.66667
138.66667
135.58334
136.08334
131.83334
134.91667
134.91667
140.66667
149.16667
157.25000
155.41667
147.00000
139.00000
136.16667
124.08334
113.00000
114.50000
121.91667
107.16667
118.08334
106.66667
99.16667
111.50000
131.08334
134.25000
123.41667
108.91667
101.58334
91.33334
90.00000
101.83334
98.25000
94.16667
120.83334
121.33334
122.25000
136.75000
124.00000
125.41667
123.00000
139.83334
147.08334
148.83334
147.41667
146.33334
140.41667
137.83334
137.33334
144.58334
147.66667
148.66667
154.41667
150.08334
148.91667
145.50000
146.83334
147.58334
151.33334
156.66667
155.33334
152.75000
142.91667
134.08334
129.66667
120.16667
99.66667
124.41667
113.08334
123.16667
114.25000
105.83334
102.50000
114.00000
129.75000
125.08334
116.91667
106.16667
96.75000
89.00000
95.50000
103.33334
99.33334
108.66667
121.91667
124.91667
119.33334
132.50000
131.58334
119.41667
115.50000
128.83334
142.75000
146.33334
148.91667
146.91667
142.83334
140.41667
139.41667
139.91667
139.16667
140.00000
142.66667
140.75000
141.83334
143.91667
145.50000
147.33334
148.50000
151.66667
152.33334
145.58334
150.91667
124.91667
119.41667
114.41667
105.50000
123.33334
108.75000
119.16667
138.83334
107.83334
108.33334
113.58334
126.75000
108.41667
120.00000
103.83334
96.08334
95.16667
106.75000
113.25000
123.00000
121.41667
121.75000
124.75000
121.00000
123.58334
130.33334
123.58334
115.33334
123.16667
137.00000
141.83334
146.41667
148.00000
144.16667
139.58334
135.25000
133.00000
130.41667
128.91667
130.66667
133.41667
136.00000
140.16667
142.66667
146.41667
148.33334
150.00000
147.50000
140.33334
134.75000
111.75000
120.25000
110.08334
104.75000
110.66667
107.75000
121.50000
141.66667
132.58334
104.75000
105.75000
132.50000
120.41667
141.00000
100.75000
99.91667
104.75000
118.91667
137.66667
130.16667
125.83334
116.83334
120.33334
124.91667
115.58334
121.50000
121.91667
110.50000
109.50000
127.33334
135.00000
139.75000
146.66667
148.75000
146.16667
141.50000
139.25000
137.75000
135.16667
132.08334
134.41667
138.91667
145.08334
147.41667
150.66667
152.66667
146.66667
142.66667
137.25000
124.75000
117.16667
122.50000
109.58334
103.75000
100.83334
114.41667
122.00000
142.75000
146.66667
136.83334
108.75000
127.91667
117.83334
132.00000
120.25000
118.08334
109.16667
138.25000
137.25000
144.91667
130.25000
127.25000
121.50000
123.91667
117.08334
115.41667
120.00000
103.75000
98.25000
121.25000
133.75000
135.75000
146.00000
153.08334
153.50000
152.50000
153.33334
152.08334
148.58334
148.41667
152.25000
157.25000
161.00000
157.00000
155.50000
146.75000
139.00000
135.00000
125.00000
106.50000
122.75000
123.83334
107.00000
107.00000
95.25000
114.16667
125.83334
142.83334
132.33334
152.75000
126.75000
130.33334
132.08334
135.41667
129.00000
120.41667
124.33334
140.50000
141.08334
144.83334
139.91667
129.08334
128.25000
129.66667
116.91667
119.00000
110.50000
104.00000
90.66667
136.83334
142.08334
122.75000
138.25000
148.25000
157.50000
159.41667
160.00000
162.08334
161.91667
162.83334
164.41667
164.83334
163.16667
161.66667
155.08334
144.50000
137.50000
126.16667
110.83334
112.83334
124.75000
130.58334
104.41667
112.16667
97.91667
118.41667
136.16667
142.58334
130.41667
136.08334
140.08334
137.08334
166.41667
157.50000
131.16667
129.66667
139.00000
143.33334
141.66667
141.00000
142.08334
133.41667
131.75000
136.33334
123.50000
128.41667
119.41667
98.91667
113.16667
126.75000
137.66667
125.00000
127.41667
141.50000
148.66667
155.33334
156.83334
160.66667
164.50000
163.66667
159.66667
160.41667
157.58334
149.75000
143.91667
137.50000
127.00000
113.75000
118.08334
116.58334
125.41667
124.75000
114.33334
113.50000
116.58334
130.16667
145.41667
143.16667
136.00000
142.08334
141.91667
156.83334
166.08334
163.75000
144.66667
149.25000
142.16667
145.50000
145.33334
144.16667
143.91667
149.58334
136.83334
138.33334
126.33334
131.41667
131.75000
124.50000
109.41667
115.91667
133.83334
130.33334
120.08334
125.00000
133.33334
140.08334
143.91667
148.33334
147.00000
148.16667
148.91667
148.33334
140.33334
137.41667
131.00000
122.50000
113.83334
119.66667
120.58334
115.16667
120.00000
116.41667
127.50000
145.08334
130.58334
134.41667
143.08334
144.75000
152.33334
147.16667
139.25000
156.08334
179.16667
152.16667
164.00000
148.41667
153.16667
150.25000
147.41667
147.83334
140.66667
146.33334
143.00000
144.58334
141.50000
161.08334
142.00000
145.75000
110.00000
116.75000
132.16667
129.83334
116.16667
116.08334
120.66667
121.50000
126.50000
132.33334
129.41667
130.00000
133.00000
128.33334
124.91667
120.91667
116.66667
115.33334
116.83334
120.83334
111.33334
111.41667
120.25000
122.41667
139.25000
151.41667
147.75000
156.50000
154.25000
153.58334
156.66667
144.66667
153.08334
169.83334
189.25000
152.08334
