50.58334
47.41667
43.58334
39.83334
28.66667
31.16667
24.33333
25.00000
28.00000
27.75000
29.08333
32.16667
33.91667
35.83334
39.83334
41.00000
39.91667
35.66667
37.91667
40.58334
43.75000
43.91667
43.91667
46.66667
47.50000
47.75000
43.83334
42.00000
45.91667
47.25000
48.75000
44.33334
47.00000
55.08334
51.91667
45.00000
39.66667
32.58334
34.00000
29.91667
22.58333
19.75000
16.08333
20.08333
25.25000
27.58333
32.16667
30.58333
37.66667
46.25000
45.41667
44.91667
40.66667
36.16667
33.58334
31.08333
30.33333
28.16667
31.50000
28.66667
31.00000
36.25000
38.00000
46.25000
47.58334
51.41667
47.00000
52.33334
51.91667
53.00000
55.75000
58.50000
59.08334
64.91667
68.91667
70.58334
66.91667
67.83334
70.75000
66.91667
64.75000
70.33334
72.91667
72.50000
68.91667
56.41667
50.08334
46.00000
42.58334
37.50000
25.33333
22.75000
19.66667
22.83333
27.16667
29.91667
31.50000
30.75000
34.75000
39.08334
46.33334
42.25000
36.91667
32.08334
34.83334
36.50000
34.83334
33.00000
33.16667
34.00000
37.50000
42.25000
47.75000
53.25000
52.91667
60.25000
62.58334
68.25000
69.75000
71.25000
74.91667
80.00000
85.91667
88.41667
92.25000
91.00000
84.91667
87.50000
84.58334
83.25000
89.41667
95.75000
93.16667
93.58334
82.50000
71.00000
62.33334
57.75000
52.08334
47.33334
34.41667
28.33333
22.66667
26.41667
30.08333
29.91667
32.83334
29.50000
35.58334
33.75000
46.41667
37.08334
36.00000
34.33334
36.16667
38.08334
39.25000
39.00000
39.58334
40.83334
49.83334
60.41667
64.16667
66.41667
67.58334
75.08334
83.33334
87.50000
97.33334
105.00000
106.50000
116.16667
117.16667
114.66667
112.00000
112.00000
108.66667
104.16667
105.83334
105.33334
110.41667
103.66667
106.16667
102.16667
91.83334
84.33334
76.08334
70.33334
60.58334
52.66667
39.66667
29.41667
25.33333
30.33333
30.66667
28.08333
28.00000
28.25000
35.58334
34.75000
43.50000
36.25000
33.75000
35.16667
37.41667
38.25000
42.50000
45.66667
47.08334
56.25000
64.75000
85.66667
86.58334
80.83334
84.58334
101.08334
109.33334
115.08334
124.50000
133.91667
142.66667
143.91667
140.66667
138.25000
139.75000
134.75000
129.66667
127.66667
126.58334
133.41667
124.41667
124.33334
118.50000
113.00000
102.33334
95.33334
94.00000
83.75000
72.66667
63.08334
47.91667
31.08333
27.91667
29.16667
34.41667
29.83333
29.50000
28.25000
32.33334
29.91667
40.41667
36.83334
35.83334
36.91667
37.33334
38.33334
47.33334
53.00000
59.50000
70.08334
85.83334
107.91667
106.25000
103.16667
114.41667
127.41667
131.41667
139.75000
147.33334
157.33334
160.08334
158.08334
157.50000
159.16667
158.08334
155.66667
153.66667
151.83334
151.50000
146.91667
141.16667
137.16667
129.33334
125.50000
112.91667
108.08334
110.66667
97.16667
88.16667
75.58334
54.58334
38.08334
34.50000
32.58334
35.58334
34.41667
28.91667
30.66667
28.66667
25.16667
39.83334
35.41667
44.91667
42.00000
40.66667
42.75000
50.83334
60.08334
72.41667
90.83334
110.50000
124.25000
127.16667
134.25000
144.75000
146.41667
146.33334
153.00000
157.75000
161.66667
164.83334
166.75000
168.75000
169.58334
170.08334
169.08334
164.91667
167.16667
163.75000
158.00000
158.41667
155.91667
148.41667
136.00000
126.58334
126.08334
123.66667
110.41667
102.83334
87.25000
63.00000
51.66667
41.08334
38.75000
38.25000
37.83334
34.50000
29.66667
27.91667
23.83333
41.16667
42.83334
40.83334
47.75000
43.08334
44.75000
52.91667
64.25000
88.25000
106.00000
123.08334
129.66667
140.91667
150.91667
153.50000
157.50000
158.83334
162.16667
162.00000
163.66667
167.83334
169.75000
172.41667
174.66667
175.25000
174.16667
174.58334
176.16667
174.25000
173.16667
170.75000
166.50000
159.58334
151.83334
144.16667
135.66667
132.66667
119.66667
112.41667
99.91667
76.75000
62.33334
52.33334
41.66667
40.66667
37.91667
37.33334
31.25000
29.08333
24.91667
39.41667
47.00000
45.91667
50.75000
47.91667
49.66667
59.91667
73.41667
101.58334
115.16667
129.58334
140.58334
149.75000
154.91667
156.83334
161.25000
162.75000
165.83334
165.83334
167.91667
169.50000
172.75000
174.83334
175.58334
178.00000
177.91667
179.08334
179.25000
177.25000
178.58334
177.58334
176.16667
168.25000
160.50000
154.50000
145.25000
138.83334
129.00000
122.66667
113.16667
93.58334
71.16667
56.25000
44.66667
46.33334
43.66667
39.00000
32.75000
31.41667
28.75000
45.41667
46.91667
49.58334
51.41667
52.16667
54.25000
65.00000
84.50000
111.66667
119.25000
135.25000
144.91667
147.41667
152.33334
158.83334
162.33334
165.25000
169.33334
172.25000
171.75000
171.16667
171.91667
173.08334
177.58334
179.16667
178.83334
180.58334
179.75000
178.58334
179.00000
181.16667
179.00000
173.83334
165.25000
156.66667
149.91667
143.75000
136.75000
127.50000
120.25000
106.91667
80.25000
60.66667
48.50000
51.50000
48.16667
42.66667
32.16667
31.41667
34.08334
53.25000
48.16667
52.25000
54.75000
57.33334
58.50000
75.08334
98.58334
118.75000
120.58334
135.41667
140.58334
144.08334
148.58334
153.75000
161.25000
168.91667
170.58334
172.16667
176.58334
177.00000
178.00000
174.66667
176.25000
179.58334
183.08334
183.16667
182.91667
181.41667
179.91667
180.16667
178.91667
174.75000
167.75000
161.58334
155.83334
149.50000
142.08334
135.25000
126.16667
113.16667
91.50000
68.33334
53.75000
52.50000
54.25000
44.58334
34.83334
33.41667
40.08334
65.83334
51.50000
54.08334
60.91667
64.16667
65.50000
87.16667
113.00000
123.00000
124.50000
135.25000
140.41667
137.16667
137.33334
141.33334
146.50000
157.66667
166.41667
170.41667
174.91667
174.75000
174.16667
178.83334
180.00000
181.16667
186.66667
187.83334
188.08334
183.41667
181.25000
178.75000
176.58334
173.83334
169.91667
166.00000
162.16667
156.41667
148.50000
139.58334
129.08334
119.91667
102.08334
76.16667
60.58334
56.75000
55.41667
50.50000
36.50000
37.41667
42.83334
76.50000
61.25000
56.25000
58.66667
68.66667
77.83334
100.66667
118.91667
124.50000
126.00000
134.66667
137.16667
136.33334
129.75000
124.33334
121.33334
124.91667
130.16667
148.08334
161.50000
170.91667
173.66667
175.83334
177.08334
181.08334
182.91667
184.75000
183.00000
176.75000
173.66667
173.16667
173.58334
172.41667
168.50000
163.00000
160.66667
155.33334
149.00000
140.33334
131.91667
124.00000
106.08334
84.41667
67.66667
63.33334
58.25000
56.25000
43.08334
48.25000
46.25000
75.91667
68.50000
57.16667
61.16667
70.08334
83.91667
108.25000
122.00000
123.75000
127.25000
127.00000
131.16667
135.75000
130.25000
128.50000
121.16667
116.66667
120.83334
129.25000
142.08334
158.83334
167.16667
170.08334
170.58334
175.08334
174.83334
175.25000
176.41667
171.91667
168.91667
170.33334
169.91667
164.41667
157.66667
151.50000
143.08334
140.25000
136.25000
132.16667
131.00000
127.16667
112.75000
92.66667
77.16667
65.25000
63.16667
58.66667
53.08334
57.75000
53.66667
88.16667
68.50000
58.75000
62.08334
75.25000
88.58334
111.58334
124.75000
125.08334
127.58334
133.83334
135.91667
132.41667
129.83334
134.08334
133.50000
129.33334
122.66667
127.75000
136.83334
145.50000
152.75000
159.83334
164.75000
167.08334
169.58334
167.91667
163.41667
160.00000
154.91667
152.83334
139.75000
129.75000
113.83334
108.33334
109.58334
116.50000
120.75000
122.00000
123.50000
125.25000
117.00000
96.91667
86.08334
72.33334
65.66667
65.25000
69.83334
70.16667
69.16667
94.16667
87.75000
71.25000
68.16667
79.41667
95.00000
116.83334
125.83334
125.16667
129.16667
137.33334
140.83334
142.33334
145.00000
145.91667
148.83334
142.00000
134.75000
127.00000
130.25000
139.08334
145.83334
153.08334
159.75000
161.00000
163.58334
161.91667
157.83334
152.75000
150.91667
142.25000
124.41667
104.66667
97.25000
103.58334
103.08334
106.50000
115.75000
120.25000
121.16667
120.16667
117.83334
102.25000
92.08334
79.50000
66.83334
65.00000
65.58334
69.08334
72.66667
93.08334
92.16667
78.75000
72.75000
81.91667
100.00000
123.08334
126.91667
126.58334
133.91667
139.00000
140.91667
141.91667
141.75000
136.41667
142.66667
140.33334
131.08334
131.50000
129.91667
135.58334
142.25000
149.33334
156.25000
160.08334
161.16667
159.41667
154.66667
150.16667
143.08334
136.08334
131.08334
138.25000
137.75000
151.58334
150.25000
139.83334
132.75000
129.33334
125.75000
117.08334
119.58334
111.00000
91.75000
80.00000
64.66667
65.66667
69.00000
75.50000
80.41667
85.75000
97.00000
86.58334
79.08334
83.25000
103.75000
126.91667
131.41667
131.33334
134.75000
130.66667
127.66667
118.66667
122.66667
106.16667
110.00000
112.16667
115.75000
128.75000
136.33334
138.33334
137.00000
146.41667
156.25000
159.50000
161.33334
157.50000
151.50000
145.91667
140.16667
142.41667
139.33334
144.50000
153.08334
164.00000
159.66667
155.91667
150.33334
142.33334
132.00000
121.33334
121.66667
117.75000
99.16667
87.41667
69.16667
71.16667
71.83334
78.83334
83.08334
84.25000
97.91667
92.25000
85.58334
85.25000
110.75000
129.58334
131.33334
135.75000
138.00000
129.66667
121.58334
124.41667
124.25000
92.16667
65.25000
95.33334
125.58334
134.58334
142.25000
141.00000
137.08334
147.66667
157.91667
165.33334
166.91667
160.41667
151.83334
143.41667
136.75000
147.08334
148.08334
139.50000
124.66667
118.66667
121.50000
125.75000
127.41667
133.16667
131.25000
125.75000
122.00000
121.58334
102.83334
89.58334
79.25000
88.58334
81.66667
85.58334
84.83334
86.25000
101.83334
103.08334
95.75000
91.58334
115.41667
130.75000
134.83334
142.83334
145.58334
135.41667
125.25000
123.00000
148.75000
106.83334
100.33334
91.50000
143.58334
134.25000
146.83334
145.83334
143.91667
150.91667
162.25000
171.83334
173.58334
163.08334
151.75000
142.08334
140.08334
141.50000
134.25000
100.58334
86.41667
76.00000
96.16667
94.33334
99.16667
104.00000
121.91667
123.33334
122.91667
124.00000
107.25000
89.25000
85.83334
96.16667
79.83334
94.00000
82.00000
81.08334
96.91667
104.08334
102.08334
95.25000
119.66667
133.08334
139.66667
148.75000
150.91667
146.16667
145.00000
145.33334
146.83334
143.66667
118.00000
126.08334
151.08334
145.91667
140.25000
154.41667
155.50000
153.16667
165.00000
175.50000
176.41667
164.75000
150.83334
146.25000
147.33334
144.91667
142.58334
129.66667
89.83334
67.08334
120.33334
121.08334
106.75000
107.25000
114.66667
121.33334
123.75000
128.25000
110.50000
83.33334
89.50000
102.50000
90.00000
93.00000
75.25000
85.25000
92.33334
105.83334
103.91667
102.83334
123.75000
135.00000
139.83334
155.33334
157.66667
157.25000
152.33334
150.33334
146.83334
144.00000
144.41667
151.33334
146.25000
148.83334
154.25000
157.58334
156.75000
154.50000
165.75000
175.66667
177.08334
162.50000
150.41667
149.16667
157.16667
149.75000
142.16667
136.33334
143.83334
140.16667
147.58334
150.00000
135.16667
126.16667
128.25000
129.41667
132.58334
134.66667
119.41667
100.66667
98.66667
106.75000
100.41667
87.33334
78.33334
86.00000
90.41667
106.58334
109.00000
105.16667
125.91667
134.83334
141.75000
160.00000
162.50000
162.66667
158.91667
153.00000
143.75000
143.58334
142.50000
149.58334
147.16667
146.58334
157.00000
161.50000
158.58334
156.25000
165.00000
172.33334
174.25000
163.58334
150.33334
149.25000
155.75000
157.08334
155.25000
148.91667
147.33334
145.75000
143.41667
142.83334
143.50000
145.16667
145.08334
145.00000
140.75000
138.75000
126.25000
104.08334
105.08334
109.75000
101.41667
91.00000
95.00000
82.66667
89.83334
101.16667
111.08334
111.33334
126.00000
135.83334
144.08334
160.91667
164.16667
166.25000
164.33334
166.75000
161.41667
154.75000
153.91667
157.16667
158.91667
163.33334
166.41667
163.66667
156.33334
157.41667
166.08334
171.66667
173.50000
164.00000
149.16667
147.50000
155.41667
153.75000
146.75000
150.50000
139.41667
143.66667
147.58334
143.83334
143.41667
147.58334
151.50000
152.16667
144.41667
135.91667
122.50000
106.08334
118.41667
106.16667
94.50000
85.25000
114.33334
85.41667
90.83334
98.25000
113.66667
110.58334
126.41667
137.91667
145.66667
160.75000
166.25000
169.75000
170.58334
171.50000
168.58334
165.16667
166.75000
167.75000
166.41667
166.91667
165.75000
158.83334
156.66667
157.66667
166.33334
171.66667
173.58334
162.75000
149.08334
145.08334
151.91667
161.50000
154.58334
150.75000
147.91667
156.75000
138.50000
141.83334
148.41667
158.33334
153.58334
152.33334
145.25000
135.00000
125.33334
118.91667
123.58334
102.75000
91.91667
86.75000
115.75000
83.50000
94.25000
106.00000
107.91667
111.50000
126.75000
138.00000
148.16667
160.91667
167.00000
171.50000
173.16667
174.75000
174.58334
173.91667
172.08334
172.00000
169.58334
168.16667
164.08334
154.75000
154.75000
159.58334
166.91667
171.75000
174.83334
162.25000
147.91667
143.50000
147.83334
157.75000
166.00000
165.00000
159.91667
153.16667
157.41667
160.25000
164.50000
164.16667
156.16667
150.50000
145.00000
132.50000
121.91667
126.91667
116.16667
104.75000
97.00000
95.33334
127.58334
84.91667
97.16667
102.58334
117.91667
118.41667
126.50000
137.75000
145.41667
160.58334
165.50000
170.66667
171.66667
173.16667
175.16667
175.00000
173.41667
173.33334
172.66667
167.66667
159.58334
151.41667
155.25000
161.83334
167.16667
169.50000
175.83334
161.66667
148.83334
144.25000
146.00000
157.58334
165.58334
171.66667
169.58334
169.08334
170.75000
163.00000
161.75000
161.08334
156.50000
148.00000
142.91667
132.33334
125.41667
125.66667
117.25000
100.16667
110.16667
104.08334
133.50000
87.91667
96.16667
105.91667
117.58334
125.66667
124.50000
136.08334
145.00000
159.08334
163.50000
167.16667
172.66667
177.25000
177.33334
178.91667
177.41667
176.58334
175.33334
168.25000
159.25000
152.08334
155.66667
162.66667
168.16667
170.25000
176.00000
163.75000
148.91667
143.66667
146.25000
156.00000
164.50000
173.16667
173.25000
174.50000
173.66667
169.66667
163.75000
159.08334
154.08334
150.08334
144.50000
135.00000
130.33334
124.58334
125.91667
118.25000
110.91667
128.08334
115.66667
88.08334
90.66667
105.16667
115.25000
126.16667
123.58334
134.91667
143.75000
156.08334
163.41667
167.58334
173.50000
178.08334
179.08334
179.16667
178.66667
177.50000
173.41667
167.75000
154.58334
148.83334
152.08334
162.00000
170.33334
174.75000
175.00000
164.33334
150.58334
145.41667
143.91667
155.58334
165.33334
171.16667
173.83334
176.75000
176.25000
174.91667
165.25000
158.33334
152.83334
149.66667
145.83334
134.25000
131.00000
121.58334
128.00000
121.83334
127.00000
143.08334
104.25000
81.66667
93.00000
102.66667
111.33334
124.91667
124.16667
134.16667
141.50000
153.00000
161.91667
166.25000
169.50000
175.33334
177.25000
176.50000
176.25000
175.50000
170.33334
160.58334
149.75000
146.58334
140.75000
157.66667
165.91667
168.66667
170.16667
162.83334
150.58334
144.91667
144.75000
153.41667
164.91667
169.25000
173.75000
174.83334
175.91667
173.75000
166.25000
159.25000
154.33334
148.75000
141.33334
130.41667
127.91667
121.58334
138.83334
124.83334
127.25000
141.33334
105.83334
84.66667
85.58334
94.16667
109.25000
120.83334
122.25000
131.75000
141.00000
148.25000
157.25000
163.25000
167.58334
170.50000
174.00000
173.91667
173.66667
171.75000
161.83334
155.25000
150.33334
155.58334
148.25000
152.00000
163.50000
169.16667
167.08334
152.41667
150.83334
144.16667
147.66667
148.16667
161.08334
166.58334
171.16667
172.16667
171.75000
169.50000
165.00000
159.08334
153.91667
147.83334
140.08334
132.75000
128.41667
135.25000
138.16667
123.50000
131.08334
126.41667
119.58334
85.16667
82.41667
93.16667
109.75000
121.83334
120.25000
130.91667
140.41667
145.33334
155.00000
159.91667
164.16667
166.41667
170.08334
170.33334
169.33334
165.91667
156.75000
153.41667
146.41667
157.41667
154.58334
154.66667
162.41667
158.41667
156.00000
151.75000
146.58334
144.08334
143.25000
141.66667
150.33334
159.50000
167.16667
167.66667
167.41667
165.16667
160.91667
156.66667
151.41667
145.75000
134.91667
132.25000
138.41667
147.83334
146.25000
134.16667
141.00000
111.75000
115.41667
83.83334
78.66667
91.66667
107.58334
117.91667
119.25000
129.25000
137.75000
144.50000
155.08334
157.33334
160.16667
162.50000
164.83334
167.91667
167.16667
162.33334
153.66667
150.25000
142.75000
146.08334
142.75000
138.75000
153.75000
156.58334
151.83334
141.83334
138.33334
136.08334
135.83334
146.00000
151.58334
156.91667
164.75000
164.66667
162.91667
161.08334
156.75000
154.16667
149.75000
143.41667
134.66667
137.83334
137.08334
140.25000
132.33334
128.50000
141.00000
111.50000
112.25000
83.66667
78.91667
90.25000
98.91667
111.25000
119.00000
126.91667
135.75000
142.41667
150.58334
154.08334
158.58334
160.16667
160.75000
163.33334
164.41667
160.41667
156.75000
147.25000
140.25000
134.66667
136.33334
143.58334
144.16667
135.08334
133.58334
135.75000
131.33334
132.58334
140.08334
149.33334
155.66667
157.16667
159.66667
159.83334
159.16667
155.25000
154.33334
151.41667
147.91667
140.08334
134.50000
143.50000
134.41667
137.25000
123.50000
135.16667
123.25000
114.50000
122.75000
84.83334
80.66667
89.33334
94.83334
109.41667
112.58334
124.75000
133.91667
139.83334
145.83334
153.16667
154.58334
158.75000
157.83334
160.58334
160.91667
159.41667
158.83334
156.75000
145.58334
142.16667
134.33334
130.91667
131.75000
133.75000
132.83334
131.16667
133.66667
134.83334
142.91667
154.25000
158.25000
159.25000
157.66667
156.66667
156.33334
153.66667
150.50000
148.75000
145.75000
135.83334
146.75000
138.66667
139.66667
138.58334
126.16667
139.58334
111.50000
118.50000
129.00000
84.50000
81.16667
87.16667
94.00000
101.91667
109.75000
120.75000
133.00000
138.41667
144.00000
152.16667
152.58334
155.00000
151.08334
151.16667
154.08334
153.83334
152.41667
152.75000
150.66667
146.33334
144.91667
144.08334
144.25000
137.75000
134.50000
132.58334
137.33334
143.50000
151.58334
155.25000
156.50000
158.33334
156.33334
153.33334
154.50000
151.08334
148.75000
145.08334
143.58334
139.66667
142.50000
129.16667
145.08334
135.58334
126.16667
142.66667
114.75000
115.83334
133.00000
81.83334
81.33334
84.00000
92.25000
99.16667
102.83334
117.33334
134.75000
137.58334
142.16667
149.91667
154.33334
153.50000
151.25000
150.75000
150.91667
148.08334
143.16667
143.83334
142.41667
144.66667
144.50000
142.75000
144.91667
141.91667
139.08334
142.50000
141.00000
143.83334
147.41667
153.33334
155.66667
155.08334
153.08334
151.41667
150.91667
149.25000
148.33334
144.33334
143.08334
140.91667
143.00000
133.75000
145.75000
127.91667
135.00000
137.00000
129.16667
123.16667
140.33334
83.58334
84.58334
83.00000
91.16667
101.41667
99.50000
111.08334
132.83334
137.75000
141.66667
147.58334
154.41667
153.25000
149.25000
150.58334
151.41667
148.16667
144.58334
140.00000
139.16667
134.83334
136.16667
136.91667
139.83334
137.66667
135.66667
137.66667
138.91667
140.25000
145.91667
150.83334
151.25000
152.50000
148.33334
145.75000
145.33334
146.41667
145.58334
141.58334
143.41667
144.50000
141.41667
142.58334
131.08334
133.08334
140.16667
118.41667
130.50000
130.16667
126.41667
81.00000
81.25000
84.50000
84.91667
105.25000
99.25000
107.83334
125.58334
136.91667
141.25000
143.50000
153.00000
152.00000
150.41667
148.25000
149.33334
146.00000
140.58334
131.33334
132.00000
128.16667
133.58334
138.75000
138.33334
135.91667
140.33334
140.66667
130.83334
133.66667
132.91667
137.08334
141.83334
146.50000
144.33334
142.33334
150.00000
150.16667
147.25000
141.08334
141.25000
144.58334
133.58334
141.66667
126.83334
139.75000
144.91667
114.00000
122.50000
136.58334
121.41667
86.50000
84.58334
87.66667
86.58334
102.33334
102.75000
101.25000
118.83334
136.75000
140.50000
142.41667
151.00000
153.00000
153.66667
153.25000
149.33334
142.16667
132.58334
122.33334
117.33334
122.58334
132.33334
137.00000
136.50000
141.66667
144.25000
139.08334
127.83334
119.41667
115.08334
121.83334
136.25000
144.08334
147.16667
144.91667
148.66667
148.33334
146.16667
143.00000
146.66667
145.91667
135.66667
133.41667
126.41667
134.83334
149.75000
120.50000
122.41667
139.16667
113.83334
86.00000
89.25000
88.16667
92.33334
97.83334
102.58334
100.16667
114.33334
126.50000
139.25000
143.41667
148.33334
154.25000
153.91667
153.25000
146.75000
141.50000
132.66667
122.91667
121.75000
118.75000
116.91667
117.50000
116.08334
121.08334
120.25000
116.91667
117.66667
116.58334
116.83334
129.33334
140.08334
145.08334
145.41667
145.08334
148.33334
147.50000
145.16667
140.83334
151.66667
143.33334
144.25000
143.83334
138.83334
142.50000
134.16667
132.66667
131.16667
129.25000
124.75000
86.16667
90.91667
86.41667
93.33334
94.50000
96.83334
101.25000
109.66667
118.83334
130.33334
141.66667
143.41667
152.08334
152.83334
152.33334
147.91667
148.08334
146.25000
138.91667
131.00000
125.91667
122.25000
118.41667
113.91667
109.91667
114.50000
121.50000
126.08334
121.66667
124.58334
136.91667
145.08334
147.00000
145.58334
145.91667
148.25000
144.58334
142.91667
145.41667
148.41667
136.58334
142.66667
134.91667
133.33334
147.16667
109.16667
120.83334
136.91667
120.08334
131.00000
86.50000
89.08334
84.91667
93.08334
95.33334
95.25000
98.00000
104.91667
115.83334
128.91667
142.83334
141.50000
150.08334
150.91667
149.58334
150.00000
152.33334
151.16667
147.00000
145.41667
141.58334
140.08334
134.08334
130.08334
132.83334
132.33334
132.00000
129.16667
126.58334
132.33334
138.58334
143.58334
148.91667
148.83334
146.00000
147.75000
141.25000
144.08334
151.58334
150.91667
135.75000
138.66667
129.66667
125.50000
143.91667
111.41667
122.58334
142.75000
123.75000
127.91667
90.16667
83.91667
83.66667
91.41667
94.25000
91.00000
89.00000
97.25000
118.00000
119.16667
137.83334
144.16667
142.50000
149.33334
150.50000
151.25000
149.75000
150.00000
148.91667
148.75000
146.58334
143.33334
143.00000
140.83334
141.16667
141.41667
137.83334
137.50000
137.00000
140.50000
145.50000
147.33334
149.00000
148.83334
145.16667
143.08334
139.58334
148.83334
152.08334
147.50000
144.83334
140.33334
135.33334
130.50000
118.58334
123.16667
132.50000
139.83334
132.66667
123.50000
87.50000
82.41667
83.50000
90.50000
95.66667
88.41667
85.75000
94.16667
115.16667
126.08334
136.33334
140.75000
142.08334
147.25000
150.41667
151.50000
150.66667
151.16667
150.75000
149.83334
147.75000
142.83334
140.41667
137.50000
135.83334
138.41667
139.66667
140.00000
142.75000
145.41667
147.08334
149.25000
150.08334
147.00000
143.16667
138.66667
145.75000
147.16667
155.50000
143.00000
153.58334
143.58334
151.08334
136.66667
100.75000
128.91667
145.66667
133.00000
124.50000
120.75000
83.41667
77.91667
85.41667
93.50000
93.91667
86.41667
85.00000
96.25000
118.91667
135.16667
134.50000
143.58334
142.16667
142.41667
150.50000
153.75000
152.33334
149.83334
151.00000
151.08334
150.83334
148.91667
145.16667
143.75000
142.16667
145.08334
146.50000
145.75000
146.41667
147.33334
149.41667
149.50000
149.00000
146.08334
139.66667
140.33334
148.83334
149.83334
151.50000
139.50000
151.66667
137.75000
132.50000
153.58334
115.00000
125.08334
147.66667
126.58334
124.50000
130.08334
81.33334
77.50000
88.16667
93.58334
92.16667
84.58334
88.58334
116.58334
115.16667
127.33334
134.08334
141.25000
146.33334
144.33334
147.83334
150.91667
152.25000
152.00000
152.50000
153.25000
152.91667
152.08334
151.25000
149.16667
148.16667
150.91667
150.66667
148.66667
148.16667
148.25000
150.41667
147.75000
148.25000
144.50000
139.33334
148.25000
142.33334
151.83334
147.25000
145.50000
149.50000
139.00000
139.33334
134.83334
152.25000
145.33334
136.66667
126.16667
135.41667
138.75000
77.16667
82.66667
91.50000
95.25000
100.25000
100.25000
105.66667
114.00000
107.66667
125.33334
129.08334
134.75000
143.16667
139.00000
134.50000
150.08334
152.08334
152.00000
154.08334
154.25000
153.58334
153.58334
154.50000
156.58334
153.41667
152.83334
150.58334
149.33334
150.33334
150.66667
148.91667
148.83334
145.91667
140.33334
138.91667
150.91667
140.58334
148.75000
132.75000
148.08334
147.33334
138.41667
143.33334
128.91667
144.58334
155.33334
154.83334
142.00000
136.91667
133.00000
79.16667
88.66667
101.91667
110.66667
109.75000
104.75000
115.75000
113.25000
108.33334
124.00000
125.66667
132.75000
137.33334
136.08334
133.83334
141.25000
149.33334
151.66667
153.83334
153.66667
154.08334
153.91667
155.75000
154.66667
153.41667
152.25000
151.33334
150.83334
148.83334
149.08334
147.16667
146.83334
140.16667
137.25000
154.25000
156.33334
153.00000
147.33334
120.33334
141.58334
151.00000
141.33334
142.08334
108.08334
119.75000
157.08334
156.91667
138.33334
156.08334
134.91667
93.33334
106.33334
109.75000
111.58334
114.50000
113.25000
111.41667
118.50000
115.91667
119.33334
122.41667
131.58334
134.58334
130.83334
130.08334
138.50000
145.83334
147.66667
149.33334
151.50000
153.16667
151.91667
151.91667
149.66667
150.83334
150.41667
150.66667
149.41667
147.91667
147.25000
144.83334
142.75000
140.58334
155.91667
145.75000
138.91667
150.41667
147.16667
118.41667
138.16667
151.08334
151.75000
133.50000
132.25000
122.58334
149.00000
153.83334
160.41667
155.66667
141.41667
