25.25000
20.25000
16.75000
13.00000
14.50000
18.58333
17.00000
19.75000
20.66667
21.83333
24.16667
22.50000
28.58333
34.91667
40.16667
40.50000
45.08334
58.00000
80.25000
88.16667
95.50000
102.25000
103.66667
104.00000
108.25000
114.91667
119.00000
117.83334
124.66667
135.50000
134.08334
124.33334
121.83334
109.41667
102.83334
95.66667
80.58334
65.41667
48.00000
43.75000
40.66667
39.16667
35.41667
35.50000
32.91667
30.08333
34.66667
45.50000
40.83334
40.50000
25.08333
22.41667
17.50000
17.08333
16.83333
17.00000
16.91667
17.41667
22.00000
21.33333
26.83333
27.08333
32.75000
38.66667
43.33334
46.00000
54.58334
73.33334
90.83334
101.83334
110.58334
115.08334
111.58334
117.08334
120.41667
126.41667
133.66667
134.33334
141.00000
142.16667
146.00000
143.91667
135.41667
124.16667
117.66667
108.00000
92.66667
81.50000
59.83334
48.33334
43.91667
40.75000
38.25000
37.58334
33.83334
36.16667
39.91667
42.08334
41.41667
37.91667
25.58333
23.41667
18.91667
16.25000
16.33333
18.25000
16.08333
19.16667
23.00000
21.91667
29.00000
32.00000
35.08334
43.66667
47.66667
51.66667
67.50000
85.50000
102.33334
114.00000
117.50000
116.83334
122.58334
131.66667
138.41667
138.00000
144.50000
151.91667
151.25000
149.83334
153.33334
152.16667
141.75000
131.33334
123.75000
119.41667
104.91667
89.33334
72.08334
62.16667
52.50000
42.91667
40.33334
34.66667
36.58334
35.75000
38.33334
44.91667
46.75000
39.75000
24.75000
22.50000
18.16667
14.58333
13.50000
14.41667
17.16667
20.66667
22.08333
26.66667
30.00000
36.25000
40.16667
49.16667
56.00000
66.50000
77.41667
102.41667
116.91667
122.41667
124.41667
130.08334
142.75000
152.16667
157.08334
158.66667
165.50000
163.75000
158.41667
160.00000
163.16667
157.58334
150.25000
135.50000
127.41667
122.08334
114.00000
97.66667
83.66667
68.83334
59.91667
49.16667
40.00000
35.83334
34.66667
40.91667
44.50000
47.00000
46.33334
44.58334
26.16667
25.00000
18.00000
13.08333
15.66667
18.91667
19.16667
22.16667
23.58333
26.50000
30.50000
36.58334
45.75000
54.00000
59.91667
70.08334
96.00000
117.75000
126.16667
130.91667
134.50000
144.75000
153.66667
160.33334
161.16667
164.08334
167.58334
167.91667
170.16667
165.16667
163.25000
159.58334
154.41667
143.16667
132.83334
127.25000
120.08334
107.75000
92.58334
75.00000
70.08334
59.66667
45.50000
38.08334
31.58333
35.75000
45.83334
49.00000
47.58334
44.00000
29.08333
25.50000
20.00000
18.08333
17.41667
17.33333
18.25000
17.33333
23.16667
25.66667
29.75000
34.66667
44.75000
56.25000
62.16667
79.41667
108.91667
126.66667
141.91667
155.50000
158.83334
165.50000
169.58334
176.16667
176.16667
175.83334
180.00000
178.41667
176.16667
171.50000
165.66667
161.00000
154.00000
148.41667
138.50000
132.16667
126.50000
115.91667
99.83334
84.91667
72.83334
62.75000
49.00000
37.58334
34.33334
36.91667
45.00000
51.75000
43.25000
39.50000
28.50000
26.00000
23.33333
20.75000
18.41667
17.00000
14.83333
16.83333
22.33333
23.58333
24.91667
31.33333
47.25000
61.66667
75.25000
95.50000
118.50000
147.41667
163.33334
172.25000
178.16667
177.33334
180.33334
186.08334
184.83334
181.50000
184.58334
180.00000
178.16667
174.25000
172.33334
168.33334
158.66667
149.33334
142.00000
136.25000
130.08334
120.33334
107.00000
91.75000
80.25000
71.75000
55.75000
40.50000
34.41667
39.91667
49.75000
49.41667
48.25000
42.08334
29.16667
27.08333
26.08333
22.00000
17.08333
14.25000
14.75000
16.83333
20.58333
22.58333
27.50000
37.33334
56.58334
72.58334
90.50000
116.25000
138.58334
164.58334
169.83334
175.66667
177.16667
179.58334
180.75000
183.83334
185.50000
184.91667
184.58334
179.00000
177.83334
174.91667
172.25000
169.41667
164.91667
157.16667
148.66667
140.58334
133.66667
128.16667
112.75000
98.75000
86.08334
77.75000
60.41667
44.66667
35.91667
42.91667
48.00000
47.16667
46.50000
41.33334
31.08333
26.41667
28.16667
20.75000
19.41667
14.91667
18.75000
19.25000
23.58333
25.08333
36.33334
49.75000
70.83334
91.25000
117.16667
131.33334
148.58334
164.41667
169.91667
176.50000
178.83334
185.41667
183.25000
182.66667
183.25000
184.25000
185.66667
183.25000
180.08334
181.50000
178.83334
174.33334
169.91667
160.25000
151.66667
144.58334
134.41667
126.58334
114.41667
105.08334
91.58334
81.08334
67.25000
49.25000
39.83334
43.50000
48.33334
44.25000
44.50000
41.75000
36.75000
32.83334
31.00000
23.41667
24.41667
20.16667
19.00000
23.33333
25.16667
32.33334
49.50000
63.25000
84.66667
113.75000
138.75000
145.08334
155.25000
169.91667
172.00000
178.16667
181.41667
185.08334
183.16667
181.08334
183.58334
186.50000
187.33334
189.58334
183.33334
183.50000
179.16667
176.66667
170.08334
161.33334
152.16667
143.25000
131.83334
123.83334
118.00000
106.16667
93.25000
83.41667
67.08334
50.41667
41.08334
46.66667
54.33334
44.91667
40.91667
38.50000
38.50000
37.58334
29.75000
26.83333
27.08333
20.91667
20.25000
27.50000
34.33334
51.25000
64.83334
83.75000
113.58334
129.25000
149.16667
162.00000
167.00000
173.91667
179.00000
184.83334
183.50000
183.66667
181.25000
181.25000
180.00000
183.50000
186.08334
188.50000
185.25000
183.33334
174.33334
162.75000
153.08334
142.33334
136.66667
130.08334
125.33334
116.33334
114.33334
109.25000
96.83334
83.33334
73.00000
54.83334
41.08334
48.25000
55.58334
44.25000
41.83334
36.25000
42.16667
40.16667
28.66667
31.58333
31.33333
25.91667
27.00000
37.66667
52.91667
68.08334
78.16667
99.33334
125.08334
144.66667
155.08334
162.33334
167.00000
178.08334
181.58334
187.33334
183.66667
184.50000
184.91667
180.83334
178.91667
180.16667
183.41667
185.91667
185.33334
175.41667
158.58334
142.83334
129.25000
125.08334
126.16667
125.33334
123.16667
117.75000
113.16667
109.50000
100.08334
88.66667
78.83334
58.41667
42.33334
46.08334
54.00000
38.50000
35.16667
41.41667
44.75000
45.08334
37.50000
37.00000
40.41667
35.75000
38.91667
54.75000
69.66667
86.25000
89.83334
102.41667
120.91667
134.66667
138.50000
145.00000
153.00000
163.50000
173.50000
174.58334
183.33334
184.41667
183.91667
186.75000
182.66667
176.66667
176.16667
175.91667
167.66667
155.50000
136.66667
127.50000
119.00000
123.66667
123.66667
129.33334
129.00000
126.08334
121.33334
109.66667
101.66667
92.33334
77.66667
60.75000
47.83334
49.00000
56.83334
37.83334
36.66667
46.08334
47.91667
47.58334
47.83334
50.08334
49.16667
47.16667
52.33334
68.83334
80.75000
92.08334
97.16667
103.66667
107.16667
107.16667
109.58334
112.83334
124.25000
136.83334
146.00000
155.66667
165.50000
177.33334
186.91667
184.66667
179.75000
172.00000
167.91667
162.66667
148.25000
134.75000
124.16667
124.08334
122.83334
129.00000
135.66667
138.91667
137.75000
133.08334
125.75000
118.41667
106.25000
93.33334
80.50000
62.33334
56.08334
50.08334
51.75000
36.41667
40.50000
47.58334
52.50000
51.41667
53.83334
57.50000
60.33334
58.75000
65.16667
83.00000
90.41667
96.25000
105.58334
115.33334
114.58334
111.75000
110.00000
110.33334
112.83334
127.33334
140.91667
150.33334
157.33334
165.16667
173.83334
177.50000
171.16667
165.50000
158.16667
148.58334
139.33334
133.25000
128.50000
128.41667
134.83334
142.50000
145.33334
144.16667
142.33334
137.75000
133.08334
125.58334
117.41667
96.66667
85.91667
63.08334
57.16667
56.91667
50.16667
40.16667
44.75000
49.33334
55.91667
57.00000
57.83334
61.00000
66.16667
70.16667
73.66667
95.08334
107.25000
120.00000
126.50000
130.41667
132.91667
129.16667
124.75000
120.75000
124.58334
131.00000
138.58334
144.91667
150.41667
159.33334
164.41667
166.91667
165.83334
158.50000
150.25000
141.75000
135.16667
131.66667
133.58334
140.91667
148.91667
149.25000
148.66667
151.91667
144.58334
143.00000
137.25000
132.83334
123.00000
103.83334
90.25000
68.00000
55.66667
62.00000
44.16667
40.00000
50.00000
47.08334
57.33334
63.75000
58.91667
62.91667
76.00000
83.08334
84.16667
104.16667
118.83334
126.08334
130.58334
134.00000
136.58334
136.58334
133.41667
137.66667
135.66667
138.50000
139.58334
142.33334
148.33334
154.41667
163.00000
166.16667
164.41667
156.50000
146.33334
137.75000
133.91667
138.58334
145.75000
153.75000
156.41667
156.50000
158.25000
152.83334
146.08334
141.91667
136.41667
134.66667
130.75000
115.50000
103.25000
73.66667
61.75000
56.58334
46.08334
40.66667
51.91667
47.41667
56.75000
65.33334
62.16667
65.00000
85.75000
96.16667
97.83334
114.58334
125.16667
134.66667
135.16667
143.58334
153.00000
153.58334
151.41667
149.00000
145.25000
136.00000
138.91667
140.91667
146.00000
154.75000
162.08334
167.91667
165.08334
156.41667
144.75000
136.08334
135.25000
139.16667
142.66667
139.50000
139.83334
145.33334
150.25000
140.25000
136.25000
132.25000
133.25000
129.91667
131.25000
126.33334
115.75000
87.75000
68.25000
62.91667
50.66667
46.66667
45.33334
42.50000
57.00000
64.66667
68.16667
70.08334
97.50000
102.58334
115.50000
119.83334
129.00000
134.16667
136.33334
139.41667
145.41667
151.33334
139.33334
131.75000
122.75000
124.75000
131.66667
139.00000
144.66667
152.50000
164.58334
170.91667
170.83334
158.08334
144.33334
137.83334
132.25000
139.41667
123.83334
109.08334
91.66667
109.75000
88.41667
103.08334
110.50000
124.00000
131.00000
133.33334
138.41667
132.41667
123.91667
99.25000
81.83334
64.83334
59.33334
61.75000
43.41667
45.41667
55.50000
64.58334
67.08334
74.33334
106.75000
107.83334
126.33334
124.00000
129.41667
131.75000
130.33334
130.33334
120.33334
93.41667
80.16667
64.83334
100.75000
121.66667
127.58334
138.33334
144.00000
149.08334
161.83334
171.33334
174.41667
163.41667
148.66667
143.33334
140.83334
137.41667
124.33334
108.75000
96.66667
78.50000
96.33334
116.25000
122.08334
112.75000
114.33334
132.41667
139.83334
139.75000
129.91667
113.91667
89.91667
61.50000
62.16667
68.58334
50.00000
61.75000
58.00000
63.66667
67.33334
81.50000
108.75000
113.58334
131.83334
128.58334
129.91667
126.66667
111.00000
92.08334
112.00000
79.50000
58.08334
74.83334
117.50000
117.00000
128.75000
147.66667
152.66667
152.33334
158.00000
169.91667
173.08334
163.66667
152.91667
147.16667
145.08334
130.00000
129.16667
119.75000
118.33334
109.58334
122.66667
133.41667
132.08334
134.16667
136.50000
137.66667
141.41667
145.83334
137.91667
129.25000
106.00000
67.50000
66.25000
71.33334
71.16667
78.50000
60.08334
67.25000
69.75000
98.33334
115.50000
122.33334
134.91667
130.91667
128.25000
123.33334
117.91667
123.25000
129.66667
130.41667
111.91667
118.16667
119.08334
120.25000
126.75000
155.00000
154.08334
150.41667
152.25000
171.66667
170.75000
162.00000
153.33334
152.25000
145.83334
139.75000
138.08334
132.66667
141.33334
149.83334
145.75000
144.50000
143.50000
144.16667
147.91667
145.83334
148.83334
149.41667
142.50000
136.58334
110.58334
82.33334
76.91667
76.91667
79.16667
95.33334
67.75000
74.00000
74.25000
114.41667
123.83334
126.91667
139.58334
134.75000
135.75000
141.33334
135.08334
136.16667
145.91667
146.00000
142.00000
138.66667
136.50000
136.50000
148.16667
151.91667
153.75000
147.25000
147.41667
168.25000
165.16667
164.41667
154.41667
150.91667
147.33334
148.16667
144.50000
146.58334
153.25000
157.58334
160.75000
161.08334
162.50000
163.08334
158.50000
153.41667
154.75000
153.58334
145.58334
136.00000
112.25000
90.58334
92.75000
93.75000
100.16667
113.33334
78.66667
76.58334
79.33334
121.00000
126.00000
131.08334
140.66667
137.66667
142.58334
146.58334
146.00000
146.75000
148.75000
150.58334
151.25000
150.41667
152.08334
156.50000
157.25000
152.58334
151.41667
147.33334
150.66667
166.58334
165.33334
163.33334
156.50000
153.50000
155.41667
152.16667
155.33334
156.66667
161.50000
165.75000
169.50000
172.66667
172.50000
170.00000
166.00000
163.33334
160.08334
155.16667
147.08334
135.58334
116.33334
101.16667
109.00000
107.75000
115.50000
118.83334
82.83334
81.75000
86.00000
122.50000
125.41667
137.08334
142.08334
140.08334
143.33334
153.33334
157.41667
159.91667
164.00000
168.00000
169.33334
170.16667
166.58334
164.00000
158.66667
154.91667
150.83334
153.66667
154.33334
168.25000
170.25000
164.25000
161.25000
160.83334
161.66667
161.66667
164.66667
167.25000
170.50000
169.66667
172.50000
175.16667
173.25000
172.33334
172.00000
169.25000
165.25000
154.50000
149.91667
141.91667
120.25000
122.08334
113.41667
114.25000
122.83334
127.41667
86.25000
86.50000
95.08334
121.08334
127.16667
135.41667
140.00000
141.41667
147.75000
159.83334
161.08334
165.83334
171.08334
174.58334
173.16667
172.41667
170.00000
165.33334
160.08334
156.66667
156.91667
156.41667
159.33334
169.66667
172.58334
169.41667
163.83334
163.16667
164.00000
163.66667
169.25000
171.91667
173.75000
174.25000
172.91667
173.41667
174.08334
176.66667
178.75000
173.66667
167.66667
156.25000
149.25000
140.08334
122.33334
126.66667
108.66667
117.08334
126.83334
129.58334
87.16667
89.00000
104.41667
118.50000
127.08334
133.41667
135.66667
141.83334
151.16667
162.75000
166.66667
169.08334
170.50000
172.91667
170.58334
170.83334
168.25000
164.75000
161.16667
157.83334
157.75000
156.41667
162.75000
169.00000
171.75000
174.00000
166.66667
165.41667
162.91667
164.16667
165.00000
173.00000
175.91667
177.25000
175.41667
175.25000
175.58334
177.25000
180.83334
172.66667
165.08334
154.91667
147.33334
136.83334
122.25000
122.83334
106.50000
116.83334
127.00000
127.25000
92.00000
94.16667
105.58334
116.00000
124.50000
132.91667
133.41667
141.00000
151.33334
164.16667
168.08334
170.50000
170.75000
169.91667
169.33334
168.83334
169.08334
166.00000
162.33334
154.16667
155.16667
159.83334
161.83334
175.00000
171.41667
176.33334
165.75000
166.08334
162.25000
162.25000
160.75000
167.08334
177.00000
179.25000
177.16667
174.08334
173.91667
173.66667
170.91667
167.25000
162.91667
153.50000
145.75000
134.08334
125.91667
116.83334
115.41667
124.50000
123.58334
120.83334
92.75000
99.83334
103.50000
110.75000
122.00000
130.33334
136.08334
137.91667
150.00000
163.00000
169.75000
172.50000
171.50000
171.00000
168.66667
169.25000
173.08334
169.91667
160.00000
148.50000
150.83334
157.16667
167.50000
177.33334
175.33334
177.16667
172.08334
158.91667
159.91667
161.91667
161.16667
162.41667
166.83334
177.66667
183.16667
179.00000
175.91667
171.91667
167.25000
163.58334
158.08334
152.50000
142.08334
131.58334
124.58334
104.58334
113.25000
124.58334
125.33334
105.16667
94.66667
98.08334
105.41667
112.00000
120.50000
123.00000
135.25000
138.16667
146.91667
158.25000
167.25000
172.33334
170.16667
173.41667
173.58334
172.83334
174.25000
163.66667
151.75000
144.33334
149.58334
158.41667
166.00000
173.83334
170.41667
167.91667
165.75000
158.75000
148.00000
152.16667
156.83334
160.66667
163.83334
167.33334
177.66667
178.66667
175.75000
171.16667
166.00000
158.91667
153.91667
147.83334
138.75000
131.75000
121.58334
105.75000
110.66667
126.91667
113.50000
109.75000
91.08334
101.83334
106.58334
110.91667
120.00000
122.16667
130.25000
133.91667
142.25000
151.66667
158.91667
167.41667
170.00000
171.50000
173.83334
175.41667
173.66667
153.75000
145.00000
144.08334
152.33334
161.91667
155.00000
157.75000
167.50000
169.91667
164.08334
160.91667
145.16667
142.16667
153.58334
161.75000
162.75000
167.91667
172.58334
174.50000
173.41667
167.50000
160.50000
154.91667
150.16667
143.00000
136.58334
129.75000
118.08334
107.50000
121.50000
122.41667
109.58334
106.75000
94.33334
105.75000
106.83334
110.75000
115.58334
124.66667
131.08334
133.08334
138.08334
144.66667
150.75000
159.41667
168.25000
172.08334
177.41667
175.83334
164.75000
151.41667
143.33334
150.25000
155.16667
171.41667
167.75000
172.41667
184.58334
173.08334
171.50000
163.50000
144.83334
140.16667
152.50000
156.83334
163.83334
168.00000
172.83334
172.00000
169.83334
165.08334
158.25000
153.83334
145.16667
140.91667
133.66667
127.83334
114.75000
106.41667
120.66667
118.08334
96.66667
108.91667
101.41667
107.91667
107.83334
108.00000
116.08334
117.00000
127.50000
131.66667
135.00000
142.50000
148.33334
155.75000
162.58334
173.08334
177.16667
174.16667
156.25000
149.25000
144.33334
147.66667
147.16667
141.50000
152.00000
168.75000
160.25000
155.33334
158.58334
132.91667
129.66667
136.08334
140.50000
142.00000
158.50000
163.25000
175.00000
169.83334
170.00000
162.75000
157.83334
150.50000
143.75000
137.66667
131.50000
126.83334
113.08334
105.50000
119.91667
109.91667
91.66667
102.91667
102.33334
111.91667
111.16667
106.16667
113.83334
120.58334
121.16667
130.75000
134.16667
137.66667
142.66667
151.25000
159.91667
168.50000
171.08334
168.66667
151.91667
147.58334
131.00000
133.75000
125.00000
114.50000
125.16667
127.16667
114.58334
110.25000
122.08334
122.08334
116.58334
129.00000
130.66667
142.25000
156.33334
163.33334
172.00000
172.00000
168.33334
163.16667
157.25000
148.83334
144.00000
137.66667
129.75000
125.25000
113.25000
106.50000
107.75000
106.58334
97.50000
108.00000
107.16667
109.08334
111.33334
106.75000
111.50000
120.00000
122.75000
132.58334
131.33334
134.16667
143.91667
148.16667
155.08334
163.33334
164.33334
163.66667
152.58334
153.16667
135.58334
123.41667
123.50000
134.00000
125.08334
113.75000
126.16667
129.25000
122.50000
132.50000
137.50000
136.25000
143.16667
151.50000
157.50000
160.75000
164.83334
172.91667
167.33334
159.66667
156.41667
146.75000
140.00000
133.16667
127.16667
123.58334
112.75000
103.00000
102.25000
88.58334
105.83334
103.50000
114.00000
108.00000
107.58334
111.00000
112.75000
115.75000
120.25000
129.00000
127.75000
133.00000
142.66667
147.08334
153.75000
159.83334
161.25000
161.00000
153.83334
156.25000
148.25000
140.66667
132.66667
126.91667
129.08334
139.00000
146.16667
154.25000
151.00000
153.41667
151.16667
152.33334
159.08334
157.83334
158.08334
159.58334
160.33334
168.00000
164.83334
159.50000
153.25000
144.08334
138.16667
131.75000
126.16667
122.00000
107.50000
104.25000
96.16667
85.91667
111.83334
96.08334
113.08334
113.66667
107.41667
113.58334
115.75000
117.25000
121.08334
128.58334
127.83334
132.25000
137.91667
146.50000
151.50000
157.75000
161.58334
158.75000
155.66667
154.16667
154.50000
148.41667
147.50000
149.50000
153.41667
154.75000
156.16667
159.25000
163.50000
168.33334
163.33334
162.33334
160.50000
156.08334
153.25000
157.08334
154.91667
161.33334
162.00000
156.58334
150.58334
144.33334
135.50000
129.75000
123.50000
123.75000
106.25000
102.75000
99.00000
103.50000
110.16667
99.50000
115.58334
113.08334
109.75000
115.16667
120.08334
116.50000
122.83334
127.83334
126.91667
131.58334
136.66667
145.25000
150.50000
156.91667
158.16667
155.00000
153.50000
149.58334
149.50000
148.91667
149.41667
150.50000
155.83334
158.41667
161.75000
160.83334
162.58334
164.00000
162.25000
161.50000
157.75000
153.75000
149.66667
153.50000
153.41667
156.41667
158.83334
154.50000
149.91667
142.16667
135.33334
131.83334
129.00000
118.75000
105.91667
102.25000
95.50000
112.75000
105.16667
110.83334
113.00000
114.91667
106.00000
113.33334
115.00000
117.58334
122.83334
126.66667
123.33334
131.83334
134.91667
143.58334
147.91667
152.08334
156.00000
151.75000
147.16667
141.75000
145.33334
146.83334
148.91667
153.33334
156.16667
157.83334
160.91667
157.41667
159.58334
158.16667
153.41667
155.25000
152.08334
148.50000
149.50000
147.83334
150.58334
150.33334
153.50000
151.50000
147.50000
138.91667
134.00000
131.50000
124.83334
113.16667
107.25000
101.83334
98.75000
116.25000
102.58334
121.41667
115.41667
112.33334
112.00000
110.75000
116.00000
117.25000
120.25000
124.16667
126.58334
130.58334
135.91667
140.08334
147.91667
150.33334
150.00000
147.25000
141.25000
139.58334
143.58334
146.66667
149.83334
153.16667
158.25000
160.50000
161.33334
158.66667
157.58334
156.75000
154.08334
154.66667
148.91667
143.25000
145.58334
142.00000
144.16667
145.83334
149.16667
149.75000
144.83334
136.08334
134.00000
130.83334
127.50000
116.75000
108.00000
105.25000
105.08334
117.33334
104.33334
129.08334
107.58334
111.50000
113.83334
111.08334
115.75000
117.25000
120.33334
119.50000
135.08334
129.25000
133.33334
138.83334
145.00000
148.83334
146.25000
142.75000
139.91667
138.16667
138.41667
140.50000
141.16667
148.75000
152.83334
147.00000
148.33334
153.66667
149.83334
148.00000
146.08334
149.50000
148.08334
145.16667
140.58334
140.58334
142.33334
141.16667
144.00000
145.16667
142.58334
137.50000
133.25000
128.33334
122.66667
118.00000
104.00000
99.66667
121.33334
112.50000
119.08334
125.33334
100.08334
105.75000
106.75000
99.66667
111.66667
114.50000
116.83334
109.50000
138.50000
137.41667
134.33334
140.75000
144.00000
143.25000
139.75000
137.83334
134.83334
134.50000
134.41667
131.41667
130.50000
125.50000
126.75000
129.41667
134.41667
133.25000
127.91667
131.66667
135.08334
133.66667
132.50000
132.16667
130.75000
131.50000
132.50000
137.25000
135.83334
136.41667
139.58334
135.08334
132.00000
127.41667
120.00000
112.33334
99.91667
94.25000
118.08334
102.50000
129.91667
120.66667
107.25000
104.83334
108.33334
105.75000
116.66667
116.66667
117.08334
113.00000
135.33334
140.66667
132.58334
139.08334
144.75000
139.66667
133.83334
126.91667
128.50000
127.08334
120.41667
105.08334
113.91667
118.08334
120.83334
114.58334
108.50000
112.25000
114.08334
114.66667
114.16667
107.75000
112.66667
113.00000
120.00000
122.91667
125.58334
127.66667
130.41667
133.00000
136.83334
132.58334
130.00000
127.00000
127.91667
115.41667
113.75000
106.75000
117.75000
110.00000
134.58334
128.33334
104.41667
107.41667
101.50000
116.00000
124.50000
117.41667
113.25000
122.83334
134.00000
141.91667
133.08334
137.25000
140.91667
133.83334
127.58334
125.66667
123.50000
119.75000
111.08334
118.08334
114.75000
105.08334
104.00000
107.50000
112.08334
112.50000
111.58334
110.25000
108.91667
105.16667
102.41667
98.50000
97.50000
105.41667
113.75000
119.91667
127.08334
133.91667
138.91667
135.33334
130.58334
123.16667
117.16667
108.16667
107.83334
117.16667
112.00000
123.16667
132.41667
139.25000
115.41667
119.75000
96.00000
117.75000
120.50000
112.41667
103.83334
128.75000
128.91667
138.75000
133.58334
133.66667
137.41667
132.66667
128.16667
123.83334
116.16667
104.00000
100.58334
108.66667
119.25000
124.91667
126.50000
125.00000
124.33334
129.66667
128.83334
131.91667
130.66667
125.08334
120.16667
114.50000
112.58334
110.33334
109.08334
116.91667
123.83334
138.00000
139.91667
133.58334
128.41667
127.83334
116.50000
106.91667
93.91667
121.50000
108.58334
129.08334
130.41667
136.16667
117.08334
124.33334
100.91667
117.50000
116.91667
117.33334
102.33334
127.25000
129.75000
137.25000
138.25000
129.33334
136.25000
133.75000
126.83334
117.16667
118.00000
118.08334
118.41667
121.25000
123.33334
129.33334
136.00000
142.50000
144.16667
145.58334
144.75000
141.50000
135.41667
130.00000
130.16667
128.58334
126.25000
121.75000
118.00000
126.66667
130.25000
141.25000
139.33334
130.33334
122.83334
130.00000
116.75000
112.91667
109.58334
120.50000
110.66667
137.75000
138.66667
127.00000
112.83334
123.50000
109.58334
114.33334
114.16667
121.16667
102.16667
124.00000
127.91667
140.66667
144.25000
134.41667
135.91667
136.66667
127.41667
122.66667
121.41667
125.41667
125.33334
125.33334
126.50000
130.91667
135.16667
137.91667
139.75000
141.25000
138.75000
138.16667
136.75000
135.25000
136.58334
130.00000
131.08334
131.75000
132.41667
133.41667
133.00000
136.75000
134.66667
128.75000
124.50000
134.50000
125.33334
112.75000
129.00000
111.25000
113.83334
134.16667
143.50000
119.33334
116.16667
122.33334
120.75000
116.25000
119.33334
116.83334
112.58334
121.66667
131.00000
140.66667
143.83334
136.50000
134.33334
133.25000
129.33334
130.16667
132.66667
129.16667
132.25000
129.66667
129.50000
128.00000
128.58334
130.41667
130.16667
128.41667
129.75000
126.91667
128.33334
130.00000
132.91667
134.83334
136.41667
138.33334
141.25000
135.25000
133.00000
131.91667
128.00000
125.00000
123.16667
132.83334
118.00000
99.75000
140.58334
106.58334
115.41667
140.25000
145.83334
127.66667
119.00000
112.50000
122.75000
113.16667
124.33334
118.50000
126.75000
119.33334
130.75000
141.91667
139.33334
135.75000
134.25000
128.66667
130.50000
136.00000
137.83334
135.08334
134.75000
131.66667
129.50000
127.33334
123.41667
122.75000
123.33334
122.83334
123.25000
125.83334
128.25000
133.25000
133.25000
136.91667
139.33334
141.00000
143.25000
135.83334
132.58334
126.58334
123.83334
120.91667
128.58334
141.50000
136.75000
108.50000
133.50000
110.00000
126.25000
141.91667
152.91667
129.41667
127.91667
115.50000
137.25000
121.25000
124.25000
117.25000
128.33334
122.66667
125.66667
140.66667
144.91667
138.08334
131.08334
126.08334
127.83334
136.33334
135.83334
138.75000
138.33334
135.08334
135.66667
132.25000
133.58334
130.08334
130.33334
129.08334
133.25000
135.25000
136.33334
138.58334
134.91667
138.16667
138.66667
142.00000
141.41667
137.08334
129.83334
123.75000
119.75000
121.91667
127.91667
144.66667
135.91667
130.41667
147.08334
122.00000
131.41667
141.58334
150.16667
128.33334
