53.33334
52.41667
49.33334
45.25000
45.16667
46.08334
49.00000
54.08334
56.83334
60.91667
61.33334
58.33334
52.83334
48.66667
44.75000
42.00000
46.08334
50.50000
50.08334
46.66667
40.58334
35.58334
37.58334
40.83334
42.91667
43.08334
44.33334
42.50000
44.16667
45.16667
46.41667
51.25000
58.58334
62.33334
61.08334
56.33334
51.33334
46.08334
45.25000
46.75000
46.91667
47.41667
45.50000
44.08334
38.83334
35.08334
35.08334
32.16667
31.58333
32.66667
52.66667
53.75000
50.91667
47.75000
47.00000
49.08334
49.75000
56.16667
65.50000
73.66667
78.58334
76.91667
70.41667
65.08334
60.83334
62.50000
67.83334
66.75000
57.91667
49.41667
42.16667
40.91667
43.91667
48.25000
50.91667
48.91667
44.58334
43.33334
45.25000
45.16667
49.16667
55.33334
57.75000
57.16667
54.00000
53.25000
51.66667
49.16667
50.41667
51.00000
53.16667
56.66667
56.58334
52.00000
43.91667
39.25000
36.66667
33.08334
33.00000
32.33334
52.75000
53.08334
49.16667
47.25000
47.83334
48.08334
52.33334
59.75000
74.41667
80.91667
90.16667
94.16667
90.66667
92.16667
91.41667
95.58334
100.83334
92.25000
74.41667
62.41667
61.33334
68.08334
80.25000
84.50000
76.91667
64.08334
55.25000
51.25000
52.25000
56.08334
61.41667
63.91667
64.91667
59.00000
55.83334
58.33334
60.33334
58.91667
60.16667
62.91667
66.83334
69.58334
64.08334
55.66667
45.91667
40.08334
38.25000
31.50000
32.41667
33.58334
52.25000
50.75000
48.08334
47.83334
47.08334
47.25000
53.33334
64.50000
82.41667
93.50000
100.66667
105.91667
106.58334
111.33334
113.66667
117.08334
121.83334
118.00000
100.66667
98.00000
105.50000
115.08334
129.25000
130.75000
116.58334
102.33334
95.66667
92.91667
90.50000
86.66667
88.08334
89.66667
83.00000
75.00000
69.83334
72.33334
74.25000
74.41667
76.41667
79.75000
80.83334
77.83334
68.91667
58.00000
49.41667
40.75000
38.50000
33.25000
35.41667
35.50000
51.75000
48.83334
47.25000
48.66667
47.83334
49.16667
53.41667
69.08334
88.00000
99.08334
106.50000
110.75000
110.83334
115.66667
118.16667
121.91667
125.41667
128.41667
127.00000
129.25000
138.83334
144.33334
151.58334
149.91667
143.75000
141.25000
137.33334
132.16667
128.91667
124.58334
124.91667
121.33334
110.58334
100.16667
92.58334
92.08334
92.91667
94.66667
93.91667
93.33334
88.50000
81.00000
70.00000
61.25000
52.16667
44.33334
40.91667
33.58334
36.83334
36.00000
50.83334
48.41667
49.16667
50.41667
50.41667
45.66667
53.41667
74.16667
93.16667
100.16667
105.66667
109.66667
111.83334
116.08334
118.66667
122.25000
125.50000
130.41667
134.16667
139.33334
144.83334
147.75000
150.50000
150.08334
151.91667
152.41667
150.41667
147.66667
145.83334
139.91667
136.58334
131.25000
124.83334
117.91667
111.25000
109.66667
109.91667
109.75000
106.91667
101.25000
93.33334
83.83334
73.66667
65.91667
55.41667
47.58334
43.16667
34.33334
32.75000
36.66667
48.50000
48.50000
49.75000
53.16667
51.91667
44.83334
54.91667
78.33334
94.91667
99.58334
105.41667
108.75000
115.50000
116.66667
119.16667
123.41667
126.50000
130.91667
135.00000
139.41667
146.66667
149.91667
151.50000
152.83334
154.16667
152.33334
150.83334
148.83334
149.16667
143.25000
137.33334
130.75000
126.00000
120.91667
116.41667
115.50000
114.50000
114.66667
110.50000
103.33334
95.08334
85.33334
77.25000
68.91667
59.50000
47.83334
44.33334
38.00000
32.66667
33.41667
46.25000
46.83334
48.91667
56.16667
51.50000
48.91667
58.66667
82.25000
96.66667
101.66667
105.16667
109.66667
115.83334
118.33334
120.83334
124.75000
128.08334
132.08334
136.66667
139.66667
145.25000
148.25000
153.16667
155.91667
156.08334
153.58334
150.58334
150.58334
148.41667
144.50000
138.75000
131.83334
127.08334
122.08334
118.50000
117.91667
116.58334
115.25000
110.83334
105.08334
96.83334
86.83334
79.33334
71.58334
61.41667
50.66667
43.91667
38.91667
34.58334
32.08334
45.50000
45.66667
49.25000
59.16667
51.41667
53.00000
62.33334
87.83334
99.00000
104.00000
105.91667
109.91667
116.33334
119.66667
122.16667
124.75000
129.58334
132.91667
136.58334
141.25000
144.75000
147.41667
151.66667
155.00000
155.16667
151.75000
152.16667
150.50000
147.41667
143.33334
139.91667
133.33334
128.75000
124.00000
121.83334
119.83334
118.16667
115.16667
110.75000
105.08334
96.50000
87.25000
80.83334
74.41667
64.08334
54.25000
45.25000
40.16667
36.75000
33.91667
45.25000
49.58334
51.83334
59.41667
54.91667
58.08334
72.50000
92.83334
100.50000
104.33334
107.50000
111.33334
115.75000
119.25000
124.08334
126.66667
131.33334
135.33334
139.50000
144.08334
144.25000
148.66667
151.66667
153.33334
152.50000
153.00000
152.50000
148.83334
149.00000
145.91667
142.00000
134.91667
130.58334
125.08334
125.33334
122.91667
120.33334
115.66667
111.41667
105.83334
97.00000
89.25000
84.41667
75.00000
68.00000
58.16667
47.08334
42.00000
37.33334
38.08334
50.25000
53.25000
53.33334
60.58334
60.50000
65.91667
79.91667
96.00000
102.08334
106.25000
109.75000
112.41667
117.08334
120.25000
124.50000
126.58334
130.91667
136.33334
141.58334
146.25000
147.00000
151.00000
151.58334
149.83334
150.91667
152.41667
152.41667
148.91667
149.50000
146.00000
142.16667
137.50000
130.91667
127.33334
126.41667
123.16667
120.08334
116.41667
113.75000
105.50000
96.58334
90.58334
83.58334
77.58334
70.75000
59.66667
49.16667
42.50000
38.00000
36.83334
55.41667
54.58334
50.83334
64.91667
66.58334
71.16667
84.83334
97.25000
102.33334
106.33334
110.33334
112.91667
116.00000
118.91667
122.33334
126.91667
129.91667
136.41667
141.41667
144.75000
142.58334
146.16667
145.50000
145.50000
147.58334
148.50000
149.08334
146.41667
146.33334
142.58334
141.83334
136.50000
131.75000
129.33334
127.25000
124.25000
120.50000
118.41667
114.08334
105.50000
98.33334
88.66667
81.83334
77.66667
71.41667
59.91667
50.83334
46.50000
43.08334
41.58334
55.91667
56.66667
54.91667
66.08334
75.25000
75.41667
86.25000
96.91667
100.25000
100.75000
106.16667
111.58334
114.41667
116.41667
119.83334
124.33334
125.33334
133.00000
138.08334
139.33334
139.25000
139.41667
134.58334
136.08334
140.41667
140.50000
143.58334
142.91667
144.08334
139.91667
140.50000
135.83334
132.33334
128.91667
127.16667
123.41667
121.41667
120.33334
115.50000
109.00000
99.16667
88.33334
82.08334
75.75000
70.08334
61.91667
52.50000
52.83334
49.66667
50.58334
56.41667
56.91667
62.91667
68.33334
78.50000
81.33334
86.75000
95.66667
95.16667
90.83334
92.00000
99.50000
105.33334
114.16667
120.41667
123.41667
123.75000
126.41667
128.50000
132.75000
131.50000
129.83334
127.75000
130.16667
136.00000
134.00000
133.08334
134.16667
134.50000
133.16667
136.75000
135.75000
133.00000
128.00000
125.83334
122.83334
120.00000
115.75000
112.83334
108.91667
100.75000
86.50000
80.91667
74.66667
74.50000
69.75000
59.16667
59.33334
52.33334
53.00000
57.16667
59.66667
62.41667
71.83334
84.75000
88.41667
89.41667
92.91667
90.83334
76.66667
78.50000
87.41667
88.66667
86.91667
86.08334
93.25000
105.33334
112.16667
116.08334
120.33334
123.16667
123.91667
123.08334
130.75000
134.83334
130.66667
126.58334
128.41667
128.66667
128.66667
128.91667
129.58334
126.41667
121.83334
118.00000
119.00000
114.50000
109.16667
105.25000
99.25000
96.75000
86.00000
79.41667
75.83334
74.25000
72.75000
62.41667
61.41667
55.66667
56.25000
57.66667
60.58334
62.58334
72.16667
87.16667
93.16667
95.16667
95.41667
90.33334
79.50000
81.25000
85.75000
89.33334
83.00000
64.83334
62.41667
66.41667
80.50000
96.83334
104.33334
111.08334
117.16667
122.00000
130.66667
133.75000
128.66667
125.75000
124.58334
120.00000
118.91667
117.16667
107.83334
99.58334
96.83334
99.91667
105.50000
105.83334
96.25000
92.83334
85.83334
83.75000
80.83334
75.91667
75.33334
74.33334
73.41667
68.33334
63.75000
60.66667
67.08334
59.25000
68.58334
71.50000
74.66667
85.33334
92.41667
96.33334
99.91667
98.75000
98.75000
108.66667
114.00000
117.83334
120.83334
112.50000
96.50000
76.75000
73.66667
73.25000
80.66667
89.25000
106.50000
121.16667
129.08334
132.83334
131.33334
128.25000
120.66667
107.00000
97.33334
82.16667
64.00000
61.58334
66.41667
73.66667
92.00000
88.66667
80.33334
83.41667
77.33334
71.08334
72.58334
71.25000
73.00000
76.25000
72.41667
67.75000
65.41667
67.83334
69.16667
57.25000
73.83334
79.00000
81.50000
85.08334
93.83334
99.66667
102.08334
102.58334
102.83334
103.50000
104.33334
103.41667
101.91667
97.58334
89.66667
85.58334
86.91667
87.91667
84.58334
87.16667
99.08334
119.58334
129.50000
138.91667
135.58334
122.25000
105.33334
81.91667
67.58334
60.66667
66.25000
70.25000
77.16667
77.50000
79.91667
74.50000
78.33334
84.08334
81.83334
74.25000
71.50000
74.16667
79.41667
79.33334
75.58334
72.91667
70.41667
67.33334
68.00000
57.75000
77.00000
79.91667
79.75000
86.58334
95.08334
99.50000
102.75000
104.75000
98.41667
78.58334
62.75000
59.08334
61.58334
54.08334
70.58334
50.66667
83.00000
92.00000
104.16667
110.33334
104.50000
118.91667
132.50000
143.83334
132.41667
115.66667
92.00000
77.25000
87.08334
90.33334
86.91667
86.16667
86.75000
73.91667
62.50000
64.75000
73.50000
77.33334
84.41667
82.66667
80.66667
86.00000
88.33334
84.08334
80.41667
80.08334
73.33334
76.66667
74.08334
57.33334
76.83334
77.58334
78.83334
89.33334
93.91667
101.58334
104.41667
107.91667
98.66667
73.66667
66.75000
81.83334
81.66667
46.50000
48.25000
76.75000
116.58334
103.25000
118.91667
136.33334
109.08334
116.75000
133.25000
143.16667
131.58334
116.16667
94.58334
104.16667
127.00000
116.41667
108.41667
109.75000
106.58334
65.91667
61.58334
57.50000
63.75000
60.66667
67.91667
79.33334
87.16667
93.08334
93.08334
86.75000
83.25000
82.33334
75.75000
79.25000
72.75000
54.66667
74.08334
75.25000
78.58334
89.83334
94.16667
100.58334
106.58334
110.08334
110.25000
101.08334
96.75000
101.08334
106.83334
101.91667
103.41667
108.41667
115.41667
119.08334
128.33334
137.41667
114.16667
116.58334
130.91667
140.41667
131.75000
116.75000
99.50000
116.91667
134.66667
123.33334
112.75000
118.58334
110.50000
76.75000
67.66667
75.41667
85.50000
71.41667
68.33334
82.16667
95.00000
101.33334
97.50000
92.08334
88.75000
84.00000
79.16667
83.25000
76.50000
55.58334
70.16667
69.00000
75.91667
87.91667
96.83334
102.00000
107.33334
114.58334
118.66667
113.83334
109.58334
109.16667
106.00000
106.41667
106.16667
105.91667
109.16667
117.58334
129.75000
127.16667
110.66667
117.33334
129.91667
135.50000
129.50000
115.83334
100.33334
108.50000
122.50000
128.33334
119.00000
115.66667
106.91667
98.66667
88.66667
88.25000
87.33334
86.66667
88.50000
100.33334
108.00000
106.75000
100.25000
90.50000
85.41667
83.66667
82.91667
80.91667
76.66667
60.50000
69.16667
66.41667
72.58334
86.83334
98.16667
102.25000
107.83334
117.91667
122.66667
118.75000
114.50000
110.33334
109.91667
110.16667
108.25000
107.91667
112.16667
119.25000
123.25000
115.83334
108.08334
117.50000
128.58334
132.25000
126.16667
115.33334
100.83334
103.58334
111.91667
121.91667
116.25000
109.41667
105.33334
99.08334
99.25000
98.50000
93.50000
95.66667
105.41667
112.00000
114.00000
112.58334
101.50000
93.08334
87.16667
83.25000
87.75000
85.33334
76.25000
61.83334
68.16667
67.41667
74.58334
83.66667
97.83334
102.33334
108.66667
119.50000
124.08334
123.66667
119.91667
115.58334
113.00000
110.91667
114.25000
116.08334
118.16667
121.41667
117.66667
110.83334
108.75000
116.33334
127.16667
129.75000
123.33334
113.33334
101.08334
101.33334
107.00000
115.66667
118.75000
115.25000
111.25000
108.83334
109.00000
106.83334
106.33334
108.41667
112.91667
117.75000
118.50000
113.50000
99.66667
92.83334
91.00000
83.00000
85.66667
84.16667
82.91667
61.66667
63.83334
67.16667
77.16667
78.83334
94.58334
100.91667
107.00000
119.50000
125.91667
128.16667
125.33334
121.08334
119.50000
118.83334
120.25000
120.25000
123.41667
120.66667
114.08334
108.08334
109.00000
116.91667
124.91667
127.33334
121.08334
111.91667
103.00000
99.83334
102.83334
114.25000
120.16667
118.50000
115.75000
111.75000
111.08334
112.16667
114.25000
118.25000
121.33334
122.00000
117.75000
111.25000
97.41667
91.00000
89.75000
84.08334
84.91667
84.83334
84.41667
60.33334
58.33334
64.91667
76.08334
80.25000
85.91667
99.66667
105.16667
117.75000
124.25000
128.58334
129.58334
128.08334
125.75000
126.16667
127.00000
127.66667
128.16667
123.25000
112.58334
108.16667
110.08334
117.50000
125.91667
127.91667
120.08334
109.41667
102.66667
97.75000
99.83334
112.08334
121.25000
123.66667
120.83334
118.41667
118.08334
119.25000
121.58334
124.25000
125.33334
121.08334
117.08334
108.41667
96.33334
88.33334
89.41667
81.33334
85.16667
85.66667
87.25000
59.33334
56.91667
60.00000
72.08334
80.66667
82.00000
97.33334
103.91667
114.66667
121.33334
128.00000
130.83334
133.75000
132.75000
134.33334
134.00000
133.50000
131.41667
124.33334
110.33334
107.91667
109.00000
116.16667
127.33334
129.41667
120.25000
107.50000
99.25000
97.33334
96.75000
109.50000
121.41667
126.83334
126.41667
127.08334
129.83334
131.16667
129.91667
126.25000
123.08334
118.58334
112.91667
103.83334
92.83334
88.41667
86.58334
79.91667
85.91667
88.08334
90.08334
58.41667
56.83334
59.08334
67.25000
80.25000
83.58334
92.83334
102.91667
110.91667
118.41667
125.08334
130.16667
135.50000
135.08334
137.16667
134.58334
135.33334
131.83334
121.00000
109.16667
107.58334
108.16667
116.00000
128.66667
128.16667
117.83334
105.91667
97.16667
96.08334
97.83334
109.00000
121.25000
128.58334
128.66667
129.08334
133.50000
135.83334
133.58334
126.91667
121.66667
116.33334
110.75000
100.50000
90.33334
86.16667
84.25000
83.25000
86.25000
94.33334
96.66667
53.83334
56.00000
59.58334
64.00000
74.08334
83.75000
92.75000
101.33334
107.50000
114.41667
122.08334
128.16667
132.75000
134.75000
136.08334
134.75000
135.58334
133.66667
119.00000
107.50000
106.00000
109.25000
116.25000
125.16667
124.91667
117.75000
106.25000
93.16667
87.91667
94.75000
107.41667
122.33334
130.50000
129.00000
130.50000
135.25000
135.75000
133.75000
126.33334
119.91667
113.33334
107.41667
96.66667
87.66667
85.66667
85.33334
83.33334
80.16667
94.83334
99.50000
51.66667
52.41667
58.41667
64.08334
66.58334
81.08334
93.75000
101.41667
106.16667
111.41667
118.66667
127.00000
130.66667
135.08334
134.16667
133.08334
135.75000
137.16667
120.58334
104.41667
103.83334
109.00000
117.08334
122.00000
122.58334
116.16667
106.08334
88.50000
83.25000
88.50000
105.41667
122.25000
127.16667
127.91667
130.75000
134.91667
135.33334
131.33334
124.33334
118.33334
109.50000
101.58334
91.00000
87.08334
91.66667
89.91667
87.66667
87.41667
93.91667
110.50000
50.58334
53.75000
57.50000
64.16667
64.25000
77.00000
93.33334
99.33334
104.00000
108.75000
116.41667
124.00000
129.75000
132.91667
132.50000
131.41667
131.50000
134.41667
121.66667
102.41667
105.00000
111.16667
119.00000
123.00000
121.83334
116.58334
103.58334
88.66667
85.25000
91.25000
100.00000
116.83334
122.66667
126.66667
131.75000
132.58334
133.08334
127.75000
120.91667
114.33334
106.75000
97.16667
87.16667
84.91667
91.25000
88.16667
88.16667
96.00000
99.41667
120.83334
46.16667
53.08334
57.41667
57.75000
61.08334
72.91667
92.00000
99.50000
104.16667
108.58334
114.50000
120.58334
126.91667
131.16667
129.91667
130.33334
130.50000
128.75000
121.66667
106.25000
107.75000
112.00000
122.25000
130.75000
129.91667
122.75000
105.00000
91.83334
91.00000
92.16667
95.25000
113.08334
118.08334
125.58334
130.00000
131.41667
130.83334
124.00000
117.83334
110.75000
103.66667
97.66667
84.25000
83.33334
88.33334
87.75000
88.66667
101.16667
102.91667
128.25000
41.33334
50.08334
56.25000
57.66667
58.25000
70.83334
88.83334
99.75000
104.41667
108.41667
113.50000
118.75000
124.25000
127.83334
128.66667
129.16667
127.08334
124.83334
117.50000
106.16667
108.33334
114.16667
128.00000
141.16667
139.08334
127.91667
106.25000
92.08334
91.50000
93.83334
94.91667
113.58334
118.41667
123.00000
127.33334
129.91667
127.50000
121.91667
114.66667
108.08334
101.41667
93.58334
86.83334
82.41667
88.75000
90.50000
97.91667
108.08334
115.41667
129.50000
37.75000
43.33334
49.75000
54.33334
57.58334
70.66667
88.91667
99.00000
102.75000
108.25000
112.83334
119.33334
122.50000
127.00000
129.83334
128.33334
124.41667
122.41667
109.75000
102.50000
101.50000
106.25000
119.91667
127.91667
127.08334
113.58334
95.08334
86.66667
93.66667
92.50000
92.50000
112.00000
119.08334
120.25000
127.33334
128.33334
125.75000
120.33334
112.83334
105.08334
100.25000
85.66667
87.58334
85.33334
92.58334
97.16667
106.66667
104.16667
120.50000
126.83334
34.41667
38.41667
45.83334
50.16667
56.08334
68.83334
87.50000
98.58334
103.25000
108.16667
113.75000
119.58334
122.41667
125.83334
129.58334
129.66667
123.16667
123.08334
107.16667
88.50000
82.00000
90.08334
102.00000
106.25000
106.33334
96.25000
77.75000
69.91667
79.66667
80.50000
89.41667
109.75000
120.75000
120.33334
127.50000
128.50000
124.66667
118.66667
112.16667
104.33334
98.41667
82.75000
86.41667
90.33334
96.00000
100.33334
112.58334
113.50000
135.83334
127.00000
34.91667
36.91667
42.50000
47.50000
56.08334
67.75000
84.00000
98.66667
103.41667
107.66667
113.50000
118.83334
121.58334
126.50000
129.58334
130.16667
124.08334
121.50000
109.91667
89.58334
76.75000
84.33334
92.50000
93.33334
92.50000
83.33334
69.33334
66.25000
66.33334
79.16667
98.50000
113.83334
120.83334
120.58334
125.75000
127.16667
123.33334
117.91667
112.33334
104.58334
97.75000
86.58334
85.08334
94.50000
96.50000
95.50000
115.08334
114.75000
140.16667
127.58334
34.00000
34.91667
40.08334
46.75000
54.75000
64.41667
81.25000
97.33334
103.00000
107.25000
112.08334
116.25000
121.50000
124.83334
128.58334
126.91667
122.41667
121.25000
115.58334
111.16667
106.00000
102.00000
101.75000
101.41667
97.58334
92.66667
87.58334
83.25000
91.50000
104.83334
112.41667
115.75000
117.91667
117.83334
123.16667
125.58334
123.41667
117.83334
110.41667
104.00000
93.75000
89.91667
84.25000
97.41667
94.16667
100.66667
110.25000
124.50000
138.75000
132.66667
33.41667
35.33334
40.00000
45.83334
55.41667
62.16667
77.08334
96.66667
102.83334
107.50000
110.66667
114.66667
119.16667
121.41667
124.83334
120.91667
116.66667
115.50000
112.91667
112.50000
112.91667
110.00000
109.00000
111.25000
112.83334
111.00000
108.75000
111.25000
109.83334
111.25000
112.66667
112.58334
112.91667
112.08334
115.25000
118.41667
119.58334
117.00000
109.50000
102.33334
90.16667
91.00000
84.66667
98.41667
100.16667
115.91667
115.33334
130.33334
135.33334
132.25000
34.25000
34.75000
38.33334
46.58334
53.50000
60.33334
72.33334
94.25000
101.50000
107.83334
110.41667
112.16667
116.16667
118.41667
115.58334
113.66667
112.75000
111.58334
108.75000
110.83334
112.33334
113.41667
115.50000
117.50000
115.25000
116.58334
118.50000
117.50000
113.41667
111.66667
110.00000
107.66667
105.08334
103.50000
105.75000
107.41667
113.83334
114.00000
110.41667
99.91667
90.25000
90.16667
87.16667
99.83334
98.75000
118.33334
112.33334
135.00000
125.83334
128.66667
34.41667
33.83334
35.58334
43.33334
52.25000
57.25000
68.91667
92.00000
101.25000
107.58334
110.58334
112.50000
114.08334
114.83334
106.58334
105.83334
108.50000
108.58334
108.58334
111.33334
113.33334
116.33334
121.00000
120.50000
114.41667
115.33334
120.91667
119.83334
115.33334
112.16667
109.33334
103.91667
98.66667
96.33334
97.08334
97.00000
105.41667
111.00000
107.08334
99.16667
94.25000
89.25000
92.66667
105.16667
107.91667
121.66667
117.75000
136.66667
124.50000
129.58334
37.00000
34.66667
35.16667
43.00000
51.41667
56.83334
65.41667
82.83334
97.58334
107.08334
110.91667
110.58334
111.83334
107.91667
99.41667
99.00000
101.83334
103.66667
106.58334
112.91667
117.16667
121.66667
125.41667
124.33334
117.91667
118.41667
123.00000
123.83334
119.16667
114.00000
112.08334
106.33334
100.25000
94.83334
91.08334
92.66667
102.33334
111.75000
106.25000
98.75000
97.50000
90.91667
96.16667
107.41667
115.41667
114.91667
122.83334
133.75000
128.75000
131.16667
40.91667
39.83334
46.00000
49.08334
54.00000
55.83334
62.50000
79.83334
106.50000
108.16667
111.08334
109.33334
108.83334
103.91667
97.75000
99.33334
98.16667
105.41667
108.16667
113.16667
114.41667
117.75000
122.58334
125.58334
122.66667
122.33334
120.75000
119.33334
110.00000
106.58334
105.25000
100.91667
96.58334
87.75000
86.75000
94.58334
106.08334
113.08334
105.66667
95.83334
96.16667
93.75000
98.16667
100.58334
123.33334
107.75000
123.58334
126.75000
130.41667
130.91667
53.00000
48.66667
48.50000
49.50000
58.00000
71.00000
80.08334
88.75000
100.33334
112.41667
110.16667
111.00000
109.50000
105.08334
99.83334
99.41667
95.75000
97.50000
95.08334
92.58334
92.41667
93.16667
96.33334
105.66667
111.58334
110.08334
104.41667
92.33334
85.41667
81.00000
77.91667
77.33334
77.83334
84.91667
92.41667
103.16667
109.33334
111.58334
103.75000
93.83334
95.08334
99.41667
98.16667
101.91667
129.33334
104.00000
124.66667
130.00000
128.75000
133.08334
52.50000
55.83334
61.58334
67.50000
77.00000
83.08334
84.33334
89.58334
95.33334
116.33334
113.91667
110.58334
110.41667
109.25000
104.75000
97.66667
94.50000
86.91667
71.16667
64.58334
72.33334
77.00000
83.00000
84.41667
80.83334
82.66667
78.00000
74.83334
74.50000
74.41667
74.00000
74.08334
79.83334
88.75000
99.41667
109.25000
111.91667
108.75000
101.41667
95.50000
96.66667
106.00000
101.75000
106.41667
123.58334
113.58334
124.33334
131.83334
123.66667
135.41667
75.16667
68.58334
71.91667
74.25000
77.16667
85.50000
89.75000
97.00000
109.75000
131.50000
118.25000
112.08334
110.33334
110.25000
108.91667
105.25000
100.58334
94.25000
82.33334
80.66667
81.91667
87.83334
90.66667
94.83334
82.83334
76.25000
86.08334
93.66667
94.33334
95.41667
94.16667
93.75000
99.25000
101.66667
107.83334
108.91667
107.08334
105.66667
97.33334
98.91667
100.41667
110.58334
100.66667
109.58334
112.58334
115.41667
132.50000
128.50000
128.83334
137.66667
79.41667
72.25000
76.66667
82.50000
87.83334
92.50000
106.58334
112.75000
119.41667
132.16667
130.83334
118.00000
111.33334
109.08334
108.50000
111.08334
108.83334
105.16667
99.91667
97.25000
97.33334
103.91667
108.50000
109.58334
108.00000
107.25000
112.41667
111.58334
108.08334
103.16667
103.16667
104.00000
102.33334
103.16667
106.58334
105.50000
98.75000
98.75000
97.66667
99.16667
102.00000
110.08334
102.00000
111.58334
109.75000
117.16667
130.50000
126.91667
138.08334
141.50000
94.08334
94.33334
92.08334
89.66667
103.91667
120.50000
132.08334
128.08334
125.08334
131.50000
135.83334
125.41667
116.08334
108.33334
105.66667
106.75000
105.58334
107.66667
106.75000
107.25000
106.00000
110.58334
115.41667
117.50000
118.41667
118.75000
119.08334
117.50000
111.25000
107.58334
105.25000
103.91667
102.00000
104.50000
101.50000
96.83334
91.08334
90.58334
95.83334
97.25000
99.83334
106.83334
102.25000
110.25000
118.00000
121.41667
128.58334
134.16667
140.00000
146.83334
104.58334
98.58334
102.75000
120.91667
129.08334
132.08334
138.91667
133.91667
134.16667
134.41667
138.41667
131.50000
119.33334
112.16667
103.91667
101.83334
102.08334
103.83334
104.83334
107.50000
109.58334
111.50000
114.58334
117.41667
117.75000
116.75000
116.08334
114.83334
109.83334
105.16667
101.00000
101.33334
104.08334
101.91667
94.50000
91.33334
84.75000
87.83334
92.08334
97.25000
96.91667
107.00000
107.83334
111.50000
117.58334
122.00000
137.50000
132.66667
143.66667
149.83334
123.16667
132.00000
138.08334
146.33334
135.75000
132.83334
139.83334
142.08334
137.75000
134.25000
141.75000
140.33334
115.50000
116.66667
105.91667
98.58334
97.91667
98.25000
102.41667
105.50000
105.00000
105.25000
104.50000
102.33334
100.16667
97.66667
97.00000
97.91667
95.33334
95.50000
99.08334
102.75000
102.58334
94.91667
91.50000
89.66667
83.16667
87.50000
90.08334
96.33334
94.91667
106.83334
110.33334
116.16667
113.00000
121.91667
150.16667
137.83334
145.66667
154.16667
157.25000
161.25000
151.91667
142.41667
138.58334
148.50000
148.83334
153.66667
147.16667
149.91667
143.91667
141.91667
118.33334
113.75000
113.25000
98.16667
94.66667
90.83334
91.50000
100.50000
103.50000
101.58334
98.41667
99.75000
94.41667
94.16667
92.66667
94.83334
97.25000
103.00000
104.75000
102.91667
97.91667
87.41667
92.00000
87.33334
81.33334
86.25000
92.83334
93.50000
95.75000
106.41667
108.91667
119.75000
110.33334
132.08334
149.00000
139.33334
152.75000
155.08334
