78.58334
71.83334
68.58334
68.08334
68.25000
58.00000
55.91667
29.91667
25.00000
29.33333
38.91667
60.00000
78.00000
90.08334
103.50000
115.25000
129.33334
142.00000
134.91667
132.33334
126.16667
132.91667
144.00000
150.66667
152.58334
161.33334
170.75000
173.50000
178.75000
180.83334
187.25000
181.08334
172.50000
152.00000
132.41667
97.75000
68.75000
47.16667
40.00000
33.83334
39.83334
49.58334
55.91667
62.83334
75.66667
86.33334
96.83334
99.75000
101.50000
102.33334
62.66667
59.66667
56.41667
58.41667
56.33334
56.08334
60.75000
47.25000
47.25000
56.58334
83.25000
100.83334
112.75000
132.16667
151.00000
169.25000
176.91667
182.41667
181.16667
176.75000
178.83334
177.16667
181.16667
186.08334
189.50000
190.75000
185.25000
189.25000
192.00000
193.50000
194.91667
191.66667
189.58334
173.83334
160.25000
132.75000
98.75000
74.08334
50.08334
41.50000
40.75000
52.50000
57.16667
59.91667
67.83334
77.00000
91.50000
98.50000
101.00000
99.58334
65.91667
59.58334
67.00000
68.00000
65.75000
70.66667
73.58334
62.75000
67.50000
81.33334
106.83334
129.75000
153.33334
165.16667
174.50000
182.75000
189.08334
193.08334
192.41667
190.25000
194.50000
197.58334
200.58334
200.91667
202.75000
203.75000
203.66667
203.08334
204.50000
201.58334
203.83334
199.41667
194.58334
185.58334
174.75000
163.16667
131.66667
102.33334
76.33334
56.41667
51.25000
56.08334
53.16667
66.00000
70.75000
68.25000
84.41667
94.58334
96.08334
97.16667
67.75000
64.83334
68.66667
69.08334
71.41667
80.16667
83.58334
78.33334
83.66667
101.25000
126.91667
155.58334
164.66667
170.25000
178.75000
182.91667
191.00000
195.58334
199.58334
201.75000
205.00000
206.25000
205.83334
208.41667
209.75000
209.83334
208.25000
208.41667
208.58334
205.75000
207.66667
203.08334
199.75000
191.33334
184.75000
171.91667
165.00000
140.66667
101.66667
69.75000
56.41667
57.33334
47.66667
52.83334
55.66667
58.41667
66.25000
82.41667
80.83334
84.33334
63.66667
64.75000
70.00000
68.41667
81.41667
84.33334
91.50000
86.08334
93.83334
111.75000
140.16667
161.08334
166.58334
172.50000
178.50000
187.50000
195.50000
199.00000
202.66667
205.75000
208.91667
209.75000
211.33334
213.00000
213.25000
212.83334
212.75000
212.83334
213.08334
210.33334
211.00000
206.91667
202.75000
197.33334
188.00000
183.66667
176.83334
152.16667
125.00000
95.16667
66.25000
65.08334
54.50000
54.50000
61.08334
55.50000
60.75000
74.50000
84.08334
81.83334
67.66667
70.08334
70.08334
68.16667
84.25000
89.66667
97.16667
94.58334
101.75000
122.25000
141.50000
162.41667
166.83334
173.25000
179.00000
188.41667
196.50000
201.08334
203.75000
207.50000
207.83334
210.91667
213.00000
213.66667
214.41667
214.75000
214.83334
214.25000
213.91667
214.00000
211.58334
207.50000
203.08334
197.00000
189.41667
183.91667
181.25000
160.50000
136.08334
109.25000
77.83334
70.41667
61.41667
54.75000
61.41667
58.16667
58.66667
73.66667
81.91667
80.50000
71.50000
70.25000
60.33334
71.16667
86.08334
95.16667
103.91667
98.83334
106.25000
124.25000
143.83334
160.66667
167.66667
172.66667
179.83334
188.66667
195.08334
200.41667
202.50000
205.75000
207.50000
208.75000
211.58334
212.75000
213.75000
214.33334
213.50000
215.08334
216.50000
216.50000
214.91667
209.58334
203.58334
197.58334
191.66667
187.33334
182.16667
172.41667
142.50000
118.41667
83.91667
70.83334
62.50000
60.58334
59.33334
64.41667
55.25000
74.83334
82.83334
83.00000
72.25000
66.66667
64.08334
71.83334
86.75000
94.25000
105.66667
100.00000
106.25000
123.75000
143.33334
160.08334
167.16667
172.16667
179.41667
188.25000
196.66667
203.00000
205.41667
207.33334
209.58334
212.08334
212.08334
213.25000
214.50000
213.33334
215.00000
215.41667
214.75000
217.08334
217.33334
214.00000
206.41667
200.08334
192.41667
186.41667
180.58334
174.91667
146.25000
120.91667
92.75000
69.25000
64.66667
63.16667
58.58334
61.91667
56.75000
69.41667
81.16667
84.50000
64.41667
57.91667
60.50000
71.58334
82.00000
93.66667
105.91667
95.33334
109.08334
120.58334
142.25000
161.58334
169.25000
176.08334
184.33334
193.33334
201.16667
206.50000
209.75000
213.66667
214.00000
214.25000
213.08334
212.83334
213.83334
214.91667
214.50000
215.66667
217.08334
218.66667
217.75000
215.33334
211.50000
204.58334
195.66667
188.08334
180.83334
174.08334
148.58334
123.41667
98.75000
75.00000
70.33334
64.66667
65.08334
63.16667
58.75000
68.50000
79.66667
84.75000
67.25000
56.83334
62.00000
74.58334
83.58334
95.66667
103.75000
100.25000
109.75000
119.50000
139.08334
162.33334
172.16667
183.41667
191.66667
199.08334
205.66667
210.33334
214.25000
216.75000
216.83334
218.33334
215.50000
214.58334
215.83334
215.83334
217.08334
219.66667
220.75000
220.25000
220.08334
218.00000
215.41667
209.16667
202.91667
195.25000
187.08334
176.41667
151.75000
121.41667
100.25000
83.58334
70.58334
64.41667
68.66667
69.25000
60.16667
66.33334
80.91667
87.16667
66.75000
57.75000
63.91667
73.50000
85.08334
98.25000
99.58334
103.41667
110.41667
117.91667
139.83334
161.75000
177.50000
190.50000
199.08334
204.83334
209.91667
212.83334
217.41667
220.25000
221.25000
221.08334
219.08334
217.16667
218.16667
218.66667
220.33334
221.75000
222.75000
221.16667
219.25000
216.50000
212.33334
209.58334
205.16667
198.91667
190.41667
184.16667
157.58334
123.83334
103.00000
87.33334
79.16667
71.08334
71.41667
68.75000
63.58334
69.08334
79.66667
78.33334
74.75000
61.58334
65.08334
73.33334
82.16667
95.16667
100.33334
109.41667
106.08334
119.00000
141.50000
166.08334
180.50000
190.16667
196.50000
200.33334
205.50000
209.83334
213.75000
217.41667
220.83334
223.16667
223.33334
220.16667
220.66667
221.00000
220.33334
223.00000
221.58334
218.08334
214.16667
208.33334
200.50000
192.08334
187.83334
183.66667
172.50000
180.00000
164.83334
124.91667
102.66667
92.41667
92.41667
75.75000
75.50000
67.91667
72.25000
68.66667
75.66667
72.58334
76.08334
60.75000
60.58334
68.91667
78.16667
95.16667
98.50000
109.08334
111.91667
122.33334
141.83334
160.16667
160.58334
172.75000
168.33334
173.50000
179.83334
184.08334
196.41667
201.41667
209.66667
216.91667
221.08334
224.16667
220.83334
219.91667
219.25000
217.91667
213.16667
206.33334
188.41667
164.41667
141.66667
133.58334
134.66667
138.83334
139.91667
142.16667
163.83334
128.75000
106.66667
95.41667
101.00000
76.00000
77.75000
68.66667
71.83334
64.91667
79.41667
77.58334
67.75000
61.08334
61.16667
69.50000
77.00000
92.58334
97.41667
110.91667
112.91667
120.66667
134.41667
136.33334
113.91667
113.08334
118.50000
119.33334
113.58334
121.00000
128.00000
149.91667
168.25000
189.91667
206.58334
211.91667
213.75000
214.00000
210.83334
205.33334
181.58334
144.50000
107.50000
86.25000
84.25000
88.25000
92.16667
95.66667
105.91667
127.16667
135.00000
130.16667
115.16667
96.66667
110.91667
87.66667
81.58334
72.83334
70.16667
66.83334
76.33334
76.16667
65.16667
61.91667
63.75000
68.75000
81.16667
92.25000
101.00000
114.08334
116.08334
122.41667
115.25000
94.75000
73.83334
72.41667
84.33334
90.16667
83.66667
88.66667
91.58334
99.75000
125.08334
138.83334
174.58334
200.08334
206.16667
206.75000
199.58334
179.58334
140.75000
90.41667
72.41667
93.00000
112.75000
129.08334
131.25000
130.75000
103.75000
93.33334
105.41667
108.83334
124.75000
99.00000
111.33334
102.91667
88.00000
70.75000
69.50000
68.33334
74.75000
86.25000
63.33334
60.33334
63.50000
67.75000
79.00000
98.00000
105.58334
117.33334
115.16667
102.33334
88.33334
76.16667
89.41667
106.66667
112.25000
124.83334
125.16667
126.75000
134.91667
121.41667
129.91667
144.00000
148.83334
180.58334
202.25000
203.83334
187.08334
165.41667
132.25000
107.25000
138.83334
159.66667
172.25000
186.33334
175.16667
171.16667
157.41667
111.75000
103.00000
110.00000
115.83334
102.50000
110.16667
108.83334
93.66667
83.50000
68.75000
64.08334
75.91667
86.66667
64.83334
64.41667
68.75000
68.33334
82.33334
102.91667
111.50000
124.66667
109.91667
90.33334
86.08334
111.58334
136.08334
138.50000
167.58334
166.91667
165.58334
166.25000
167.75000
153.75000
138.83334
154.50000
151.00000
165.25000
196.00000
197.33334
150.58334
157.00000
142.91667
147.66667
161.08334
157.66667
157.91667
160.33334
188.66667
172.75000
177.66667
155.75000
142.16667
110.50000
118.25000
111.58334
137.83334
108.58334
105.08334
82.08334
67.58334
63.66667
79.00000
93.33334
64.33334
63.91667
69.83334
71.91667
89.33334
108.41667
120.16667
123.75000
105.16667
115.33334
114.66667
149.50000
143.83334
153.16667
150.91667
141.08334
135.41667
138.33334
135.75000
137.16667
139.83334
138.58334
148.33334
137.75000
140.91667
158.66667
142.08334
131.75000
121.91667
147.25000
156.58334
139.91667
140.58334
148.16667
136.25000
134.41667
140.58334
151.00000
143.58334
145.33334
130.16667
122.75000
125.25000
102.16667
105.00000
87.58334
75.83334
67.25000
89.00000
93.33334
55.08334
63.08334
68.58334
73.00000
91.41667
113.08334
120.66667
133.41667
140.66667
163.08334
144.41667
138.83334
133.00000
124.25000
133.16667
114.91667
123.08334
127.83334
110.50000
120.16667
145.66667
127.66667
142.25000
142.41667
152.50000
177.83334
188.41667
166.08334
129.33334
148.00000
133.16667
143.91667
139.83334
95.66667
88.66667
93.83334
101.58334
112.91667
138.91667
146.16667
134.50000
117.00000
105.16667
101.08334
108.41667
91.50000
85.50000
71.25000
80.91667
93.16667
55.58334
62.91667
67.33334
74.75000
92.08334
113.83334
120.33334
124.33334
138.91667
162.75000
139.41667
126.16667
109.50000
97.66667
94.50000
107.75000
98.25000
111.25000
133.91667
129.00000
146.75000
131.50000
166.83334
170.33334
185.25000
183.08334
191.66667
188.66667
137.58334
148.08334
117.33334
150.33334
151.83334
124.83334
78.58334
102.75000
120.91667
88.66667
113.50000
135.33334
142.91667
122.91667
114.58334
112.58334
106.33334
92.25000
87.66667
75.66667
76.91667
91.75000
62.33334
67.33334
74.91667
81.58334
97.58334
114.66667
127.83334
134.58334
144.33334
153.66667
113.33334
121.91667
93.33334
93.08334
122.41667
100.00000
111.50000
121.75000
139.16667
131.25000
144.75000
133.08334
173.08334
172.16667
195.91667
194.66667
199.41667
191.00000
148.33334
136.50000
120.58334
142.41667
132.16667
118.83334
111.50000
130.58334
139.25000
123.00000
118.75000
117.75000
142.66667
134.50000
127.83334
116.91667
110.58334
102.16667
88.08334
76.16667
80.41667
99.08334
86.50000
74.58334
73.58334
86.83334
101.83334
125.91667
128.33334
145.75000
143.00000
144.91667
103.41667
132.75000
119.16667
118.16667
118.83334
126.41667
130.83334
129.33334
123.16667
135.66667
144.83334
148.00000
175.00000
164.00000
197.75000
200.91667
190.91667
191.25000
176.25000
133.41667
141.66667
132.58334
123.00000
117.50000
116.33334
135.91667
154.75000
151.00000
138.58334
141.00000
135.00000
141.00000
126.66667
104.41667
120.91667
111.58334
93.75000
87.08334
80.16667
102.33334
85.83334
101.16667
83.00000
87.00000
111.33334
126.41667
130.25000
144.91667
137.08334
137.75000
142.83334
146.00000
151.08334
143.16667
142.33334
140.66667
138.08334
133.25000
139.08334
152.08334
143.00000
169.66667
178.50000
180.75000
198.08334
205.25000
197.75000
196.41667
191.00000
145.50000
153.33334
154.75000
139.50000
145.00000
152.16667
147.16667
150.00000
145.16667
152.08334
162.25000
150.08334
142.91667
126.16667
108.16667
117.33334
112.58334
90.41667
79.91667
86.83334
106.91667
109.75000
101.75000
84.33334
91.25000
121.66667
132.08334
132.83334
138.00000
133.58334
145.50000
164.25000
144.33334
177.25000
169.16667
157.41667
158.08334
158.66667
159.83334
166.75000
168.33334
157.83334
176.41667
161.33334
202.00000
197.66667
203.91667
210.08334
190.41667
198.16667
173.75000
150.58334
170.33334
172.83334
156.83334
156.58334
171.25000
177.16667
151.58334
166.75000
167.91667
165.91667
149.50000
130.66667
110.66667
122.66667
106.08334
100.41667
87.08334
88.83334
114.16667
113.58334
110.66667
89.33334
91.00000
128.50000
136.16667
128.00000
140.91667
135.41667
148.91667
156.33334
176.41667
149.41667
184.25000
183.75000
174.08334
174.83334
179.75000
183.33334
165.25000
174.16667
165.33334
184.83334
202.08334
198.25000
203.75000
213.41667
197.08334
194.75000
189.75000
167.50000
161.33334
183.41667
187.41667
187.08334
191.58334
175.83334
162.75000
169.91667
184.16667
175.41667
154.83334
129.41667
106.00000
123.66667
105.16667
106.00000
90.33334
81.66667
98.58334
111.66667
99.25000
99.75000
92.83334
129.83334
132.08334
128.33334
147.91667
138.91667
155.66667
168.75000
177.50000
184.75000
162.33334
186.66667
191.91667
186.58334
184.00000
177.66667
167.58334
160.25000
180.75000
190.41667
198.91667
201.50000
207.33334
212.00000
206.66667
196.33334
177.25000
173.25000
179.83334
185.50000
163.58334
163.00000
169.66667
181.00000
186.58334
180.00000
185.83334
179.33334
157.75000
131.75000
104.33334
115.83334
111.41667
100.16667
88.00000
84.00000
91.75000
114.58334
102.91667
89.75000
95.83334
122.41667
130.16667
131.58334
143.25000
145.25000
156.50000
174.08334
183.75000
192.33334
195.00000
195.16667
185.66667
173.91667
178.66667
188.41667
180.16667
182.91667
187.16667
188.50000
196.83334
207.41667
210.50000
207.41667
200.25000
203.00000
196.66667
183.41667
183.58334
187.83334
186.00000
192.66667
193.83334
197.00000
197.83334
182.50000
187.83334
182.25000
163.08334
128.50000
107.58334
112.16667
121.08334
90.66667
87.75000
84.58334
106.66667
110.91667
98.08334
90.16667
107.33334
120.25000
131.33334
132.50000
143.08334
153.83334
159.41667
175.00000
183.83334
194.75000
200.25000
203.91667
204.75000
202.91667
200.91667
191.50000
183.16667
195.75000
182.08334
180.08334
186.66667
204.25000
208.83334
205.41667
198.33334
192.33334
198.41667
195.91667
191.58334
201.75000
199.41667
196.83334
197.75000
201.58334
201.75000
195.08334
191.33334
186.25000
166.83334
129.08334
133.33334
120.91667
120.66667
95.00000
88.08334
93.83334
110.41667
112.66667
104.25000
91.25000
112.66667
123.33334
130.66667
132.91667
145.91667
154.58334
160.75000
177.91667
186.66667
195.91667
202.41667
204.66667
205.08334
204.91667
201.75000
190.75000
189.41667
187.75000
181.08334
183.00000
179.75000
190.08334
197.33334
196.91667
196.66667
183.08334
188.33334
190.83334
189.83334
202.83334
204.58334
208.08334
208.16667
206.33334
202.58334
200.08334
194.41667
186.33334
170.75000
130.00000
136.33334
127.41667
112.83334
91.91667
86.75000
103.58334
117.16667
116.58334
118.58334
103.83334
113.83334
127.50000
140.16667
137.33334
146.41667
156.25000
161.91667
178.08334
188.33334
195.91667
200.00000
202.91667
206.16667
204.66667
202.91667
189.75000
182.08334
158.41667
164.91667
157.50000
150.50000
141.83334
152.66667
173.16667
177.50000
158.75000
165.91667
171.75000
192.75000
201.08334
207.66667
209.08334
210.08334
208.66667
204.25000
200.00000
195.16667
187.00000
173.58334
131.16667
121.91667
130.25000
112.75000
102.83334
99.58334
110.16667
121.08334
122.16667
123.33334
111.83334
122.75000
130.41667
137.83334
143.50000
144.75000
152.91667
159.25000
179.66667
184.83334
194.75000
198.08334
203.00000
203.33334
204.50000
202.41667
192.00000
181.16667
165.58334
157.25000
181.16667
147.91667
115.16667
105.33334
131.41667
154.83334
170.66667
168.83334
170.25000
190.00000
204.00000
207.58334
209.25000
208.66667
208.58334
203.41667
200.75000
193.33334
186.41667
170.16667
132.08334
114.41667
122.83334
114.33334
101.50000
101.00000
110.41667
117.41667
128.50000
111.91667
126.58334
127.58334
123.75000
132.83334
143.08334
142.75000
154.58334
156.25000
176.33334
181.08334
191.66667
198.25000
201.50000
204.00000
203.75000
201.91667
195.16667
188.83334
167.91667
162.25000
166.58334
163.25000
146.16667
130.00000
120.58334
145.16667
171.08334
176.58334
187.58334
193.75000
205.75000
205.33334
206.91667
207.33334
206.08334
204.58334
197.58334
192.75000
185.16667
166.33334
132.25000
117.91667
123.33334
110.33334
103.08334
101.08334
113.41667
117.16667
138.25000
119.33334
118.91667
123.25000
123.83334
129.25000
137.41667
142.00000
151.66667
156.41667
174.66667
179.91667
187.08334
194.91667
199.41667
201.66667
201.16667
198.41667
194.08334
184.50000
180.16667
174.33334
166.58334
151.91667
151.66667
147.08334
156.00000
170.91667
170.16667
184.41667
183.16667
197.83334
204.66667
208.00000
205.75000
206.75000
207.08334
201.66667
197.50000
188.83334
181.66667
156.41667
133.16667
136.16667
119.66667
111.50000
100.91667
112.16667
117.41667
118.83334
136.41667
121.41667
112.83334
129.33334
121.50000
128.00000
135.33334
140.41667
149.41667
153.25000
169.75000
174.83334
183.91667
191.25000
196.41667
197.83334
196.33334
195.00000
187.41667
181.33334
172.41667
172.83334
171.83334
156.16667
153.00000
153.41667
169.83334
178.75000
180.58334
181.83334
188.08334
202.00000
201.91667
205.91667
205.25000
205.08334
204.33334
200.50000
195.33334
186.50000
176.58334
151.41667
136.66667
126.66667
122.25000
111.58334
102.50000
110.25000
114.33334
105.16667
125.58334
125.25000
117.91667
121.75000
123.83334
125.50000
136.75000
141.16667
148.41667
151.16667
161.83334
173.33334
174.91667
187.41667
192.33334
189.75000
191.33334
189.75000
181.91667
177.50000
171.33334
171.08334
172.25000
169.00000
171.25000
175.16667
174.83334
182.58334
182.91667
187.66667
191.33334
192.66667
198.33334
199.58334
203.25000
201.41667
199.75000
198.16667
193.66667
181.58334
170.66667
146.33334
138.08334
123.66667
122.25000
112.66667
98.58334
105.08334
108.00000
101.83334
116.16667
124.25000
122.08334
118.83334
126.25000
125.75000
127.16667
134.75000
145.00000
149.00000
153.91667
169.91667
174.25000
178.41667
181.83334
181.91667
183.66667
181.33334
176.75000
175.83334
175.66667
174.33334
180.33334
179.75000
181.50000
189.16667
186.91667
183.25000
187.58334
189.41667
185.91667
191.00000
195.58334
197.41667
196.25000
196.25000
196.75000
196.58334
189.75000
177.00000
162.83334
144.25000
136.25000
125.91667
117.16667
115.08334
104.58334
95.33334
98.83334
100.83334
116.66667
114.83334
119.58334
118.83334
118.83334
119.50000
126.75000
130.00000
143.83334
147.08334
149.16667
161.00000
167.00000
165.75000
175.25000
176.25000
173.75000
168.50000
165.91667
169.08334
165.41667
168.50000
172.83334
169.66667
168.41667
168.66667
175.00000
174.16667
168.50000
176.41667
182.58334
181.50000
186.50000
189.91667
190.66667
193.25000
191.16667
189.66667
187.83334
172.50000
155.08334
139.58334
133.75000
122.91667
117.91667
116.91667
108.00000
97.00000
102.58334
102.08334
108.08334
95.16667
110.75000
111.33334
114.25000
121.08334
124.00000
127.50000
141.00000
142.83334
147.66667
157.66667
160.91667
157.33334
160.83334
162.58334
160.83334
159.00000
158.25000
158.00000
158.50000
159.83334
152.66667
144.75000
154.91667
153.00000
163.16667
157.50000
155.83334
155.83334
158.75000
168.83334
176.08334
178.00000
182.91667
189.08334
186.75000
187.41667
180.33334
168.25000
150.41667
137.58334
132.33334
128.83334
113.41667
114.25000
107.00000
99.25000
107.58334
101.33334
101.91667
90.58334
102.08334
101.83334
111.33334
119.50000
117.50000
128.00000
131.41667
141.25000
146.50000
152.50000
158.91667
160.66667
160.16667
156.25000
156.66667
156.58334
154.83334
154.50000
146.91667
145.58334
148.16667
153.41667
156.25000
161.50000
171.41667
168.33334
164.08334
167.16667
154.25000
150.58334
154.83334
165.83334
172.25000
179.66667
180.83334
182.33334
173.75000
163.00000
152.33334
146.50000
127.66667
119.50000
116.50000
111.08334
109.83334
102.83334
102.50000
102.25000
89.83334
86.58334
104.33334
99.00000
108.00000
107.83334
117.41667
122.25000
129.25000
140.41667
141.91667
149.25000
158.66667
160.58334
160.83334
154.41667
151.50000
147.58334
141.25000
137.41667
147.58334
149.91667
161.75000
163.00000
161.33334
168.83334
173.25000
177.91667
168.58334
163.16667
156.58334
161.00000
154.25000
156.16667
162.58334
169.08334
173.50000
174.83334
166.66667
156.50000
152.00000
140.91667
123.75000
117.25000
114.50000
110.91667
116.25000
98.83334
98.25000
95.50000
87.50000
86.91667
104.58334
99.08334
103.91667
104.16667
116.33334
121.33334
126.00000
132.25000
138.58334
141.75000
152.75000
159.58334
156.25000
153.16667
147.41667
146.25000
146.83334
153.91667
158.16667
161.75000
168.41667
168.16667
168.25000
160.58334
163.91667
162.41667
165.50000
166.75000
169.33334
167.66667
165.16667
165.50000
164.08334
163.41667
167.00000
170.33334
158.08334
149.08334
146.83334
135.41667
114.50000
120.33334
113.25000
111.83334
113.83334
90.08334
89.58334
93.08334
87.75000
86.25000
106.75000
100.08334
100.25000
106.41667
110.08334
114.41667
122.33334
127.83334
136.50000
138.66667
144.41667
148.00000
146.83334
147.25000
147.66667
155.00000
161.91667
168.33334
171.58334
169.16667
170.75000
172.91667
171.25000
170.00000
166.91667
167.58334
172.66667
171.91667
165.16667
164.91667
163.58334
165.75000
161.33334
156.83334
160.66667
158.58334
148.91667
141.33334
142.16667
126.16667
114.16667
115.66667
110.91667
111.75000
111.08334
90.50000
93.33334
89.66667
84.25000
83.25000
104.25000
102.66667
99.16667
105.83334
106.83334
111.16667
122.16667
124.33334
129.33334
135.50000
134.00000
137.58334
139.00000
140.41667
142.25000
155.75000
159.33334
162.66667
164.00000
162.33334
156.75000
154.16667
162.33334
166.00000
160.50000
165.83334
163.91667
161.16667
160.91667
160.25000
156.33334
155.41667
153.25000
152.16667
152.41667
148.08334
138.58334
141.75000
129.33334
123.08334
115.58334
115.75000
109.25000
114.16667
111.50000
90.50000
93.00000
90.00000
88.08334
84.66667
106.08334
102.33334
99.00000
110.00000
105.50000
110.25000
122.16667
120.16667
125.50000
129.66667
128.00000
126.50000
129.50000
130.41667
140.66667
153.33334
155.91667
153.66667
147.83334
143.66667
144.08334
142.08334
142.91667
144.16667
141.16667
144.25000
145.41667
151.58334
155.16667
157.00000
154.66667
143.08334
140.08334
138.91667
141.75000
137.41667
129.50000
131.50000
120.58334
121.00000
114.25000
114.91667
110.83334
118.25000
114.33334
88.16667
96.50000
90.83334
91.08334
91.50000
107.50000
102.33334
98.25000
112.00000
104.91667
112.91667
113.00000
117.83334
122.83334
130.91667
122.41667
116.66667
120.25000
124.08334
131.83334
142.58334
140.16667
141.66667
136.58334
137.33334
141.91667
135.00000
131.16667
134.75000
139.08334
143.83334
146.00000
153.50000
154.08334
154.41667
152.25000
143.91667
138.00000
133.58334
133.66667
125.58334
130.25000
123.00000
122.91667
123.83334
110.58334
113.00000
111.58334
121.50000
119.91667
89.83334
94.50000
94.50000
82.08334
87.58334
106.00000
101.08334
98.50000
104.58334
103.83334
110.66667
111.58334
115.41667
118.00000
121.58334
117.83334
111.41667
111.91667
114.33334
123.25000
142.00000
139.41667
141.66667
143.58334
139.00000
140.50000
140.16667
137.25000
136.83334
140.25000
143.58334
146.83334
145.08334
148.33334
146.58334
144.50000
136.75000
131.50000
126.33334
125.00000
118.58334
130.58334
128.50000
130.58334
124.83334
107.66667
112.50000
119.16667
122.75000
121.66667
102.58334
90.83334
97.16667
80.58334
84.75000
98.91667
102.58334
94.58334
101.16667
106.16667
109.58334
114.16667
110.00000
115.33334
117.91667
115.25000
109.16667
107.66667
109.33334
120.33334
139.75000
144.16667
141.50000
140.66667
140.75000
143.75000
144.91667
142.00000
141.50000
144.58334
144.66667
146.75000
142.33334
146.58334
143.08334
140.66667
129.91667
124.75000
118.16667
118.00000
111.66667
127.91667
129.75000
135.58334
125.00000
119.00000
121.83334
126.00000
121.75000
123.25000
114.08334
113.16667
111.00000
78.00000
85.83334
90.50000
95.83334
103.50000
97.00000
102.75000
110.75000
111.16667
113.50000
112.00000
111.41667
109.00000
106.58334
104.83334
107.50000
117.41667
133.25000
137.25000
138.50000
141.25000
139.00000
138.83334
139.83334
144.58334
134.25000
133.25000
136.58334
136.58334
141.66667
138.50000
135.50000
133.08334
125.16667
119.33334
113.08334
109.58334
117.50000
130.25000
136.41667
132.41667
120.91667
125.33334
124.66667
126.50000
116.33334
120.25000
109.91667
118.66667
117.58334
72.00000
90.83334
89.41667
97.83334
98.25000
102.25000
99.83334
106.25000
108.58334
115.08334
106.33334
108.41667
103.83334
103.08334
96.41667
103.91667
110.83334
131.83334
139.66667
144.08334
148.75000
144.91667
142.33334
137.66667
137.16667
131.25000
131.58334
133.33334
133.41667
129.50000
130.25000
127.75000
127.16667
122.33334
110.58334
106.58334
107.75000
124.00000
130.25000
133.08334
128.16667
125.75000
125.58334
118.83334
118.00000
109.16667
127.75000
106.66667
121.00000
119.50000
73.75000
93.08334
92.91667
97.41667
99.41667
103.41667
101.33334
103.41667
108.25000
113.58334
103.50000
104.00000
105.25000
93.66667
91.41667
102.25000
108.33334
126.66667
132.75000
141.83334
142.75000
142.91667
135.33334
136.33334
134.75000
133.58334
131.33334
128.25000
127.33334
125.83334
123.58334
119.66667
118.16667
114.66667
102.41667
103.25000
117.66667
122.41667
130.58334
133.50000
127.50000
121.58334
127.08334
112.16667
114.00000
117.58334
133.50000
108.08334
124.33334
120.58334
