29.41667
26.00000
25.83333
28.91667
31.91667
33.16667
35.58334
39.00000
35.83334
34.41667
36.83334
35.75000
36.25000
37.00000
34.25000
34.58334
32.91667
32.58334
32.91667
31.41667
33.08334
30.41667
29.66667
27.58333
26.83333
23.91667
23.50000
24.58333
26.91667
24.83333
23.50000
23.00000
24.16667
21.50000
21.00000
20.16667
21.08333
20.58333
24.00000
23.75000
24.58333
28.25000
26.41667
28.33333
29.16667
26.08333
26.33333
34.33334
35.50000
37.16667
26.58333
26.16667
27.33333
28.25000
30.08333
28.41667
32.33334
33.33334
33.58334
32.58334
35.00000
32.41667
32.66667
34.66667
35.08334
36.66667
35.58334
34.25000
34.50000
31.83333
32.41667
33.41667
34.16667
29.91667
27.08333
24.00000
21.75000
19.75000
20.25000
25.00000
25.66667
24.66667
25.91667
25.66667
24.08333
24.00000
22.91667
23.41667
23.33333
26.83333
24.91667
26.25000
28.50000
33.33334
28.66667
26.25000
25.25000
34.08334
37.16667
38.25000
27.00000
28.00000
29.25000
28.83333
28.75000
26.50000
29.25000
31.83333
35.58334
33.08334
32.16667
32.41667
33.50000
35.16667
35.33334
36.41667
35.41667
34.58334
35.66667
36.00000
33.33334
34.50000
32.33334
30.16667
27.83333
23.08333
21.58333
21.75000
21.00000
19.91667
24.25000
29.41667
31.75000
30.75000
29.33333
27.41667
25.91667
25.58333
26.00000
26.41667
24.50000
26.25000
26.16667
31.91667
28.41667
25.25000
23.16667
32.50000
38.50000
39.08334
27.00000
29.83333
24.33333
22.91667
24.91667
25.00000
29.25000
29.16667
29.50000
27.75000
27.25000
30.83333
37.41667
40.91667
44.66667
46.00000
41.41667
36.08334
36.75000
36.41667
35.83334
36.16667
35.00000
34.33334
30.00000
27.66667
25.50000
26.66667
23.83333
25.91667
26.33333
32.16667
37.50000
37.25000
34.25000
32.00000
30.83333
28.58333
25.33333
24.75000
23.58333
24.16667
21.58333
27.50000
27.25000
22.25000
23.25000
30.91667
37.33334
40.08334
28.00000
25.83333
21.75000
20.83333
20.66667
19.50000
20.08333
23.33333
21.83333
23.08333
28.41667
32.83334
38.41667
44.25000
49.83334
50.41667
46.50000
41.25000
37.00000
36.33334
35.08334
34.25000
33.66667
34.00000
33.83334
34.75000
31.58333
32.16667
31.83333
31.83333
40.33334
38.75000
40.16667
42.16667
45.33334
42.50000
38.41667
32.75000
27.66667
24.16667
23.33333
21.16667
20.00000
23.75000
24.00000
21.08333
21.33333
31.08333
36.58334
44.25000
30.66667
26.00000
20.58333
17.33333
17.66667
16.16667
18.83333
17.58333
20.83333
26.08333
34.41667
37.91667
41.50000
46.00000
47.08334
45.00000
49.83334
51.16667
52.25000
44.00000
37.66667
35.08334
35.41667
36.58334
38.33334
41.58334
45.33334
52.41667
57.66667
62.66667
64.66667
65.25000
64.58334
65.16667
68.16667
63.16667
51.50000
39.58334
32.91667
24.41667
19.91667
18.66667
19.83333
23.25000
24.41667
20.91667
22.00000
31.08333
37.50000
40.58334
26.75000
26.08333
21.33333
19.16667
14.75000
16.50000
14.41667
15.33333
19.91667
32.58334
55.08334
70.41667
78.25000
72.58334
67.33334
63.41667
55.66667
52.58334
56.66667
54.08334
53.16667
52.00000
48.41667
49.58334
54.08334
63.58334
74.33334
82.41667
94.58334
101.91667
102.50000
102.66667
106.33334
106.16667
101.41667
88.58334
75.66667
54.66667
37.08334
26.00000
19.66667
17.91667
17.33333
18.50000
21.25000
21.00000
21.25000
31.33333
36.00000
38.75000
26.25000
23.16667
21.58333
18.50000
14.25000
14.25000
11.58333
17.08333
36.58334
63.75000
80.83334
92.08334
95.41667
95.16667
92.75000
91.91667
88.41667
85.75000
87.58334
88.66667
85.58334
84.58334
87.66667
99.50000
104.75000
113.16667
118.75000
125.58334
133.66667
141.50000
146.83334
145.00000
144.00000
140.91667
129.75000
119.16667
102.50000
78.41667
52.75000
29.83333
20.58333
17.25000
14.91667
17.08333
20.91667
19.08333
22.41667
33.25000
37.58334
44.50000
23.50000
21.00000
20.58333
19.83333
15.25000
12.00000
13.41667
27.00000
61.25000
96.16667
124.58334
131.33334
133.00000
132.16667
131.16667
127.91667
126.41667
130.08334
132.91667
134.83334
135.83334
145.58334
157.50000
162.75000
166.41667
172.91667
173.91667
176.08334
176.91667
178.58334
178.16667
173.83334
171.08334
164.58334
155.16667
148.58334
131.83334
108.41667
73.00000
41.25000
26.33333
17.75000
13.58333
13.75000
19.00000
20.33333
21.75000
34.83334
38.91667
57.91667
24.33333
20.75000
16.83333
20.75000
18.16667
12.25000
18.83333
44.83334
75.25000
120.00000
152.00000
162.66667
166.83334
167.50000
168.58334
172.25000
173.50000
172.91667
172.83334
174.50000
179.41667
186.50000
191.58334
193.66667
192.91667
196.91667
197.16667
197.83334
197.58334
196.08334
195.08334
194.16667
190.00000
183.50000
176.33334
166.50000
150.58334
135.16667
98.58334
61.33334
38.08334
26.16667
16.33333
17.75000
19.16667
20.08333
23.91667
36.08334
36.16667
61.16667
29.91667
19.41667
17.58333
19.50000
19.58333
20.66667
29.58333
57.08334
93.25000
139.08334
159.58334
169.58334
174.16667
176.91667
178.66667
182.33334
192.25000
199.75000
205.66667
207.16667
206.00000
204.66667
206.58334
208.16667
204.83334
203.83334
204.66667
202.91667
202.00000
201.16667
200.08334
197.91667
193.83334
189.58334
183.91667
176.08334
161.41667
144.91667
122.08334
90.25000
63.16667
43.16667
28.83333
20.41667
18.33333
21.33333
24.08333
39.41667
41.75000
64.83334
27.08333
19.75000
17.83333
21.83333
26.41667
30.66667
47.58334
73.25000
116.58334
149.83334
166.33334
175.66667
177.66667
181.25000
185.08334
189.33334
195.66667
204.66667
214.16667
219.41667
217.25000
217.50000
222.91667
223.16667
220.66667
218.41667
216.16667
210.33334
206.08334
202.75000
201.16667
199.08334
192.33334
186.41667
177.16667
167.91667
158.33334
142.33334
129.41667
105.58334
80.91667
62.25000
45.83334
28.75000
24.08333
23.50000
24.50000
36.83334
39.41667
78.00000
33.08334
22.58333
23.41667
29.33333
32.16667
39.08334
60.00000
91.41667
132.41667
150.83334
158.75000
170.00000
175.16667
178.41667
189.33334
197.58334
205.33334
209.08334
219.66667
227.50000
225.33334
224.58334
227.58334
228.16667
228.50000
227.75000
227.41667
220.33334
211.75000
202.08334
196.41667
183.83334
177.00000
172.91667
163.91667
146.66667
134.83334
122.75000
119.41667
107.83334
94.33334
77.75000
58.75000
39.75000
33.25000
28.16667
34.91667
48.41667
56.66667
88.91667
39.08334
27.08333
29.08333
34.41667
37.66667
51.16667
70.41667
108.00000
134.16667
144.25000
147.25000
158.16667
166.41667
174.41667
173.91667
176.58334
175.08334
180.16667
187.25000
197.41667
205.50000
216.91667
218.58334
219.33334
220.00000
218.33334
214.66667
207.25000
189.91667
172.41667
161.25000
154.83334
146.83334
136.66667
120.16667
111.00000
102.83334
97.83334
95.83334
95.25000
99.58334
89.75000
64.16667
47.91667
40.66667
32.66667
44.25000
54.50000
65.83334
91.66667
37.33334
29.50000
35.91667
39.16667
46.91667
57.41667
83.00000
121.00000
131.50000
131.91667
131.50000
126.41667
132.66667
150.83334
159.16667
165.33334
165.33334
162.25000
158.50000
153.41667
163.33334
175.83334
193.50000
208.16667
209.25000
200.75000
181.41667
163.58334
141.83334
109.75000
95.66667
84.41667
80.91667
78.83334
78.50000
73.16667
82.58334
82.41667
86.08334
90.58334
96.91667
94.00000
68.08334
60.75000
49.41667
42.75000
49.50000
57.58334
74.25000
107.83334
40.00000
33.08334
32.16667
41.75000
53.66667
61.75000
93.00000
128.16667
124.41667
109.91667
111.08334
116.16667
97.75000
116.91667
103.75000
108.91667
115.25000
114.91667
121.16667
128.25000
141.50000
151.25000
161.33334
180.66667
186.83334
175.16667
152.16667
118.75000
81.83334
67.25000
60.58334
61.91667
68.50000
74.33334
77.33334
89.91667
104.58334
85.25000
90.08334
97.33334
87.08334
88.66667
90.25000
80.83334
68.25000
54.41667
55.66667
68.91667
84.75000
98.25000
33.50000
37.00000
38.16667
45.91667
51.50000
63.75000
97.50000
129.16667
113.58334
99.83334
110.50000
110.25000
115.83334
112.58334
91.75000
92.08334
82.58334
79.75000
86.58334
104.91667
110.83334
130.25000
159.00000
183.83334
186.66667
169.08334
151.41667
98.41667
72.66667
82.66667
64.83334
65.83334
73.00000
86.50000
98.58334
101.41667
109.50000
105.41667
104.75000
114.58334
98.75000
104.25000
113.33334
95.75000
76.91667
54.83334
67.00000
81.16667
109.41667
106.50000
36.50000
44.25000
47.58334
61.16667
63.58334
74.16667
107.00000
133.83334
122.16667
121.16667
133.25000
130.58334
124.50000
129.66667
106.66667
92.41667
79.50000
77.50000
76.50000
108.75000
103.66667
131.91667
169.08334
193.33334
189.08334
185.08334
146.33334
105.08334
82.00000
87.25000
69.25000
55.16667
63.16667
71.41667
93.16667
109.16667
99.33334
93.41667
98.08334
102.41667
120.58334
133.41667
111.50000
103.08334
84.33334
74.08334
69.75000
98.16667
115.08334
121.50000
39.08334
56.08334
60.58334
76.00000
77.66667
88.50000
121.75000
131.83334
122.75000
135.91667
132.75000
120.58334
104.58334
104.58334
97.00000
94.33334
70.91667
76.16667
74.41667
101.83334
118.00000
134.41667
151.25000
184.41667
181.75000
167.66667
132.50000
100.58334
93.75000
103.83334
106.66667
78.16667
92.66667
83.91667
82.08334
91.58334
84.66667
91.91667
110.25000
116.50000
141.91667
145.83334
136.50000
100.25000
82.16667
75.58334
79.75000
112.16667
110.16667
116.08334
45.91667
59.75000
68.41667
89.08334
80.25000
100.91667
128.75000
139.25000
130.25000
130.66667
122.25000
104.16667
85.33334
79.33334
76.00000
61.16667
86.41667
69.58334
90.75000
95.33334
113.83334
120.08334
156.75000
179.00000
185.75000
171.91667
137.08334
101.33334
99.08334
110.50000
137.50000
81.66667
61.91667
65.00000
97.75000
113.16667
96.00000
107.08334
123.50000
125.66667
145.75000
141.33334
142.16667
116.91667
95.66667
73.66667
88.75000
121.83334
102.83334
125.75000
54.66667
66.41667
74.83334
93.33334
88.25000
108.16667
137.58334
143.91667
141.25000
148.00000
144.75000
113.91667
92.58334
103.83334
124.08334
82.58334
72.91667
78.66667
120.08334
138.91667
132.00000
141.00000
148.66667
195.41667
194.91667
175.83334
140.83334
112.58334
116.25000
116.91667
129.25000
102.50000
81.50000
92.58334
107.83334
113.16667
109.50000
125.33334
146.58334
149.08334
150.08334
136.83334
142.08334
123.33334
93.16667
85.41667
93.83334
118.25000
116.50000
148.00000
61.75000
70.08334
86.50000
91.66667
95.91667
108.83334
140.25000
152.50000
152.00000
158.83334
148.33334
131.25000
118.83334
129.58334
148.58334
126.41667
123.50000
110.75000
137.58334
149.83334
152.33334
136.66667
150.08334
193.75000
202.41667
187.83334
147.50000
114.91667
123.16667
140.16667
133.33334
130.33334
110.66667
119.50000
114.50000
121.50000
122.91667
139.66667
159.41667
160.83334
151.00000
145.75000
137.50000
128.25000
92.33334
103.83334
101.58334
112.75000
133.75000
167.08334
68.58334
67.16667
87.83334
89.41667
101.00000
110.66667
138.00000
146.33334
155.66667
175.75000
170.00000
159.16667
148.00000
138.33334
148.00000
143.66667
139.25000
139.08334
157.33334
159.91667
158.66667
138.91667
153.41667
199.58334
207.33334
194.58334
156.33334
117.08334
124.58334
144.00000
144.66667
143.50000
126.41667
133.41667
145.33334
153.58334
150.66667
153.66667
163.83334
157.00000
156.16667
157.16667
141.33334
120.50000
98.58334
114.41667
119.66667
116.83334
150.58334
182.25000
72.16667
69.83334
87.16667
88.16667
108.25000
112.50000
135.91667
151.75000
155.66667
178.00000
184.00000
172.16667
170.00000
172.08334
177.16667
175.50000
170.41667
164.83334
175.83334
178.91667
171.75000
150.91667
161.91667
206.16667
215.91667
203.00000
187.83334
135.25000
133.16667
153.91667
160.50000
167.50000
161.75000
173.58334
178.83334
175.91667
172.25000
173.50000
174.33334
159.75000
164.08334
152.41667
138.25000
130.75000
101.08334
103.83334
131.33334
128.75000
151.66667
190.08334
76.75000
75.58334
90.00000
89.41667
113.41667
120.91667
136.25000
154.66667
162.41667
181.16667
194.16667
193.58334
190.66667
187.50000
189.25000
190.16667
190.91667
192.16667
194.25000
188.08334
175.58334
162.08334
174.50000
210.00000
217.91667
208.25000
193.83334
152.66667
140.33334
155.83334
170.91667
179.50000
187.91667
186.58334
192.25000
193.16667
189.66667
181.66667
178.00000
168.91667
167.75000
154.41667
148.25000
130.16667
103.25000
118.58334
141.33334
142.91667
152.91667
167.91667
78.66667
72.83334
91.00000
94.16667
116.16667
124.33334
144.25000
171.25000
161.16667
179.33334
199.75000
201.50000
202.91667
203.75000
205.91667
206.25000
204.66667
199.66667
191.91667
182.33334
168.16667
162.25000
183.08334
204.50000
218.66667
214.08334
197.50000
157.91667
133.75000
150.41667
172.75000
187.66667
200.41667
196.25000
198.91667
198.91667
184.16667
186.83334
179.08334
172.83334
175.58334
155.41667
139.66667
119.33334
108.50000
137.25000
131.16667
155.58334
168.33334
163.00000
81.58334
72.08334
93.08334
100.58334
120.66667
132.25000
145.33334
175.00000
162.00000
171.75000
198.16667
201.83334
207.83334
211.66667
213.66667
214.00000
214.16667
210.50000
202.25000
190.16667
180.25000
176.16667
192.58334
207.41667
214.25000
213.91667
200.91667
167.25000
135.08334
137.91667
169.91667
187.75000
202.66667
202.00000
201.91667
199.08334
191.00000
180.83334
180.66667
182.25000
169.25000
154.33334
128.41667
115.66667
95.50000
144.50000
138.41667
139.41667
181.41667
176.66667
87.66667
76.75000
92.83334
106.00000
124.91667
141.41667
147.16667
176.16667
175.91667
173.33334
187.33334
201.41667
209.91667
215.75000
216.58334
217.91667
215.33334
207.66667
199.75000
187.66667
175.25000
186.66667
195.41667
204.25000
211.00000
212.75000
204.08334
177.25000
140.58334
132.16667
150.83334
178.50000
200.16667
204.00000
205.75000
205.91667
197.58334
191.50000
178.91667
175.41667
167.66667
159.00000
128.33334
115.33334
116.66667
140.58334
137.16667
148.58334
170.91667
173.50000
85.00000
82.58334
89.75000
105.66667
120.91667
139.33334
153.25000
161.41667
181.25000
179.50000
187.58334
198.66667
201.16667
213.25000
215.00000
214.33334
209.83334
199.33334
208.58334
178.33334
181.66667
187.75000
199.00000
204.75000
211.75000
210.66667
201.41667
183.16667
149.66667
140.16667
155.16667
173.91667
199.58334
204.16667
210.91667
204.33334
201.41667
196.58334
171.41667
188.00000
172.41667
149.50000
115.66667
121.16667
141.83334
142.00000
147.33334
172.25000
167.50000
175.41667
68.41667
77.00000
89.83334
115.16667
116.25000
130.91667
153.25000
154.08334
172.83334
184.08334
189.58334
197.33334
206.16667
212.00000
214.00000
214.08334
208.41667
214.16667
195.33334
177.25000
181.91667
184.58334
197.83334
210.75000
214.75000
212.50000
205.50000
187.58334
156.83334
139.58334
161.00000
179.91667
197.75000
209.41667
207.66667
201.91667
206.50000
196.66667
177.08334
183.50000
165.41667
135.50000
118.83334
120.91667
147.33334
130.83334
145.25000
185.66667
167.91667
167.00000
69.50000
81.00000
91.08334
115.16667
119.58334
127.66667
145.91667
157.08334
157.91667
176.50000
187.66667
197.83334
205.83334
208.66667
206.16667
209.66667
207.83334
196.66667
191.75000
181.25000
179.16667
185.16667
189.41667
194.33334
207.58334
211.83334
202.50000
177.08334
158.58334
142.16667
155.41667
169.83334
203.66667
208.83334
215.41667
216.58334
209.25000
196.83334
183.16667
176.00000
161.58334
126.16667
125.16667
116.50000
146.50000
151.91667
149.16667
178.08334
183.25000
181.08334
67.58334
83.08334
89.58334
106.50000
117.66667
126.08334
137.75000
151.58334
154.25000
165.41667
186.33334
199.91667
208.91667
213.83334
217.25000
217.50000
213.83334
205.50000
198.00000
182.16667
173.66667
167.00000
167.33334
182.25000
196.25000
191.50000
176.91667
159.00000
141.66667
131.75000
146.66667
165.16667
199.00000
208.83334
213.25000
211.16667
207.50000
185.50000
185.41667
172.75000
163.00000
125.08334
129.16667
125.91667
149.50000
163.83334
158.25000
166.33334
174.16667
148.00000
71.41667
79.16667
86.66667
100.58334
108.00000
113.41667
127.58334
142.75000
150.16667
159.16667
178.41667
194.25000
205.00000
209.16667
215.91667
215.25000
216.50000
211.58334
196.41667
175.33334
155.25000
154.50000
150.83334
155.25000
161.75000
156.00000
147.33334
127.83334
110.50000
117.83334
141.66667
181.00000
199.66667
208.83334
208.41667
211.91667
204.33334
187.41667
184.83334
167.83334
148.66667
121.16667
123.91667
136.58334
141.16667
147.41667
172.08334
173.16667
156.41667
160.08334
78.16667
83.33334
89.33334
94.08334
105.16667
105.83334
117.91667
132.50000
146.08334
154.75000
171.58334
184.00000
199.16667
207.58334
213.41667
211.75000
213.83334
212.50000
203.08334
188.83334
160.25000
143.66667
147.91667
141.33334
141.33334
141.00000
126.08334
108.91667
110.66667
127.91667
156.08334
185.50000
196.75000
201.58334
210.33334
208.66667
193.33334
188.41667
179.75000
165.83334
140.16667
122.58334
115.75000
144.33334
140.75000
146.75000
163.91667
159.83334
149.58334
169.00000
76.00000
87.00000
89.00000
86.08334
98.75000
103.58334
115.16667
122.75000
138.83334
151.91667
166.41667
179.91667
192.91667
202.66667
208.33334
208.50000
202.41667
206.50000
197.91667
190.25000
178.00000
163.50000
160.58334
153.16667
149.00000
145.66667
136.00000
128.08334
129.83334
145.08334
165.33334
176.33334
195.83334
204.08334
206.75000
202.08334
189.58334
174.91667
171.91667
163.75000
139.75000
128.25000
120.33334
139.66667
152.16667
143.25000
160.50000
160.25000
151.33334
179.50000
72.41667
87.08334
86.75000
82.66667
93.33334
100.41667
114.00000
117.00000
131.58334
151.00000
157.91667
173.33334
188.00000
195.58334
201.66667
202.16667
202.50000
198.16667
197.25000
183.41667
178.83334
176.50000
178.08334
177.58334
168.91667
166.33334
161.75000
151.25000
145.16667
152.00000
162.58334
173.41667
191.83334
192.91667
199.83334
195.58334
178.66667
178.66667
174.91667
154.91667
131.58334
138.91667
123.91667
125.58334
149.16667
144.75000
164.25000
156.00000
151.16667
171.58334
61.83334
79.75000
78.08334
79.25000
87.83334
98.00000
108.00000
117.25000
120.41667
141.91667
154.00000
164.08334
181.25000
187.16667
192.75000
196.08334
194.83334
192.33334
185.58334
173.41667
172.08334
176.91667
179.50000
181.41667
175.33334
172.33334
171.25000
166.50000
157.91667
160.00000
166.75000
170.83334
173.50000
191.16667
190.91667
175.91667
177.75000
172.58334
159.58334
137.58334
122.25000
129.83334
133.25000
111.25000
123.08334
154.16667
159.75000
159.50000
167.66667
145.66667
63.33334
81.08334
75.83334
75.16667
88.25000
91.91667
99.08334
106.91667
114.91667
131.33334
146.66667
155.00000
174.83334
180.50000
186.66667
189.25000
188.58334
185.00000
178.50000
177.33334
173.50000
179.25000
187.75000
184.08334
181.16667
180.00000
173.25000
168.25000
165.50000
165.25000
164.16667
162.50000
167.58334
168.08334
169.08334
168.50000
162.33334
161.66667
159.16667
132.66667
128.91667
126.91667
139.00000
109.66667
125.75000
151.50000
152.75000
161.66667
178.41667
152.83334
56.58334
81.91667
75.33334
70.16667
85.58334
91.75000
94.33334
101.33334
117.25000
130.66667
139.83334
144.91667
166.58334
173.58334
179.00000
181.00000
178.66667
181.50000
180.00000
169.33334
167.00000
168.75000
172.25000
172.66667
168.33334
166.33334
164.16667
163.08334
162.41667
155.83334
145.25000
142.83334
146.00000
153.08334
152.66667
147.83334
148.25000
155.66667
153.25000
131.66667
138.33334
130.41667
136.91667
144.58334
129.83334
143.00000
164.08334
134.58334
172.66667
154.50000
57.16667
71.08334
70.00000
66.00000
79.33334
90.33334
107.41667
106.41667
111.66667
128.58334
135.75000
136.16667
153.58334
162.41667
163.75000
166.16667
157.41667
159.08334
153.75000
139.16667
139.58334
142.83334
143.58334
148.58334
149.41667
144.75000
138.41667
138.08334
142.08334
146.08334
148.00000
148.41667
146.83334
145.08334
147.66667
144.08334
148.16667
151.08334
140.00000
120.66667
133.83334
138.16667
122.83334
141.58334
135.58334
130.16667
168.41667
150.25000
154.58334
138.91667
61.16667
68.16667
62.08334
69.16667
91.33334
102.33334
107.33334
107.16667
110.00000
119.83334
129.75000
125.25000
144.75000
159.75000
157.83334
160.08334
149.66667
137.00000
125.16667
128.00000
133.91667
126.50000
121.00000
119.75000
125.58334
124.58334
118.91667
109.66667
107.75000
104.33334
107.91667
123.58334
133.33334
138.83334
138.91667
136.50000
146.91667
153.00000
135.00000
112.33334
120.33334
143.33334
136.16667
127.83334
127.91667
118.08334
144.50000
169.25000
135.41667
132.58334
66.91667
70.83334
71.91667
87.00000
101.16667
104.33334
98.83334
96.25000
105.83334
116.00000
125.91667
115.16667
141.50000
157.33334
160.08334
165.25000
157.66667
152.58334
137.66667
131.58334
124.25000
119.08334
117.83334
119.08334
124.16667
131.83334
134.66667
139.00000
135.41667
123.75000
114.25000
125.08334
138.08334
147.75000
135.50000
131.91667
142.83334
150.16667
133.25000
118.16667
118.16667
128.50000
147.58334
127.66667
131.41667
118.75000
107.00000
163.00000
145.25000
148.00000
86.00000
95.91667
91.41667
103.58334
101.16667
92.08334
96.41667
96.16667
107.41667
118.66667
123.00000
113.66667
136.25000
154.08334
157.83334
162.83334
162.25000
159.58334
157.50000
151.08334
138.41667
141.75000
142.16667
139.66667
134.08334
132.66667
133.50000
141.50000
139.08334
132.25000
124.91667
137.41667
149.58334
144.66667
139.41667
144.00000
137.16667
142.33334
122.25000
117.16667
116.33334
114.08334
154.16667
135.50000
125.91667
123.66667
101.75000
141.00000
132.75000
131.08334
109.58334
107.50000
99.08334
99.41667
91.66667
94.75000
93.25000
104.08334
107.00000
114.91667
122.41667
116.00000
124.16667
150.75000
156.25000
157.66667
160.58334
157.91667
162.83334
166.75000
156.00000
148.91667
141.58334
136.33334
130.33334
125.33334
129.75000
135.50000
138.41667
136.58334
136.08334
141.33334
143.66667
139.50000
136.08334
145.91667
131.91667
129.83334
115.75000
112.25000
108.91667
114.00000
132.50000
135.33334
123.66667
129.66667
124.50000
118.83334
129.41667
149.00000
110.16667
103.66667
103.33334
101.75000
93.50000
105.00000
96.83334
96.41667
105.33334
111.83334
120.33334
116.00000
120.58334
145.50000
145.41667
151.41667
154.25000
151.08334
156.25000
161.58334
153.66667
144.91667
136.41667
127.83334
123.66667
121.83334
124.50000
128.08334
133.83334
131.75000
144.16667
145.33334
137.41667
130.66667
126.83334
143.83334
137.75000
123.83334
115.58334
112.58334
116.00000
128.83334
119.41667
122.50000
115.00000
113.50000
145.16667
112.41667
122.83334
156.41667
110.75000
108.25000
122.75000
109.58334
101.25000
99.75000
90.33334
99.66667
100.66667
110.16667
117.33334
117.58334
128.08334
126.75000
137.08334
144.25000
143.41667
143.66667
150.58334
152.25000
153.83334
145.58334
138.08334
130.83334
125.50000
126.25000
132.00000
136.00000
140.91667
139.08334
151.33334
145.66667
134.91667
124.33334
122.33334
129.91667
130.58334
116.08334
116.75000
120.50000
108.83334
128.58334
129.66667
129.83334
119.41667
101.50000
145.08334
117.83334
110.75000
145.83334
120.33334
118.25000
126.50000
101.66667
105.91667
99.25000
88.91667
108.50000
103.83334
113.00000
117.75000
118.25000
121.66667
122.75000
128.25000
138.91667
131.83334
142.91667
140.75000
152.41667
152.16667
149.25000
144.75000
144.16667
143.58334
144.25000
147.66667
149.91667
143.58334
148.66667
149.83334
139.33334
129.75000
122.41667
119.25000
111.08334
111.91667
103.83334
113.66667
111.83334
102.83334
122.66667
124.50000
110.16667
127.58334
117.83334
127.50000
124.33334
127.75000
144.91667
123.25000
120.41667
123.91667
99.16667
106.16667
102.41667
96.66667
117.66667
109.08334
112.41667
116.66667
116.08334
116.83334
122.25000
123.50000
130.16667
129.58334
132.75000
134.25000
141.41667
146.58334
150.91667
153.75000
155.83334
155.00000
153.41667
157.41667
156.08334
145.50000
156.25000
148.25000
136.16667
124.75000
120.75000
114.91667
109.58334
100.58334
95.50000
97.66667
102.91667
95.66667
108.66667
114.50000
100.66667
115.83334
130.83334
105.33334
115.91667
139.08334
137.08334
121.58334
121.75000
116.50000
108.58334
124.08334
114.75000
106.00000
117.58334
113.25000
107.83334
118.41667
112.50000
118.83334
126.00000
128.08334
125.00000
125.41667
129.75000
131.75000
136.16667
140.16667
145.33334
151.50000
157.50000
159.25000
164.83334
164.25000
156.25000
158.25000
159.83334
146.41667
132.16667
123.25000
119.50000
109.83334
103.50000
101.25000
101.50000
100.16667
98.75000
92.33334
102.91667
103.25000
100.25000
117.50000
132.00000
110.75000
113.58334
128.66667
129.66667
119.00000
128.50000
128.00000
124.75000
133.25000
118.75000
107.91667
122.83334
117.66667
108.41667
119.75000
117.41667
117.66667
119.41667
132.50000
130.16667
125.08334
122.08334
135.50000
138.00000
137.08334
145.33334
150.16667
157.58334
158.08334
166.58334
162.50000
159.41667
148.66667
155.41667
140.33334
128.08334
118.66667
115.50000
105.75000
99.33334
101.00000
105.66667
105.16667
98.75000
94.83334
95.91667
104.83334
101.83334
119.50000
118.08334
104.50000
119.83334
127.50000
121.33334
