100.50000
109.16667
110.66667
102.58334
108.41667
107.50000
125.50000
147.91667
166.75000
180.83334
188.16667
193.66667
198.25000
194.16667
189.66667
194.33334
193.41667
191.50000
181.50000
175.83334
176.75000
165.33334
164.50000
164.16667
169.00000
166.41667
169.91667
169.91667
169.83334
163.00000
160.33334
163.50000
155.16667
140.83334
153.00000
150.66667
138.33334
140.83334
132.41667
116.41667
123.75000
119.91667
111.08334
114.66667
116.08334
111.33334
110.75000
103.83334
106.33334
98.75000
104.33334
101.58334
106.00000
104.66667
108.83334
103.91667
139.58334
150.41667
174.16667
186.66667
191.25000
197.66667
199.08334
199.41667
198.58334
197.16667
198.91667
195.66667
191.25000
185.41667
185.75000
170.25000
168.00000
173.25000
174.50000
176.91667
170.50000
175.41667
170.91667
171.50000
157.58334
163.91667
162.33334
141.16667
149.50000
143.33334
139.33334
142.58334
135.91667
119.33334
131.00000
129.50000
114.33334
115.66667
112.16667
107.00000
109.91667
107.41667
105.50000
97.41667
92.58334
93.08334
99.25000
105.41667
116.08334
117.33334
142.16667
157.08334
173.83334
190.33334
194.33334
200.16667
201.41667
202.66667
195.66667
200.16667
200.25000
197.16667
194.50000
196.25000
187.75000
176.50000
175.00000
176.91667
176.91667
183.50000
171.25000
172.25000
179.25000
173.83334
159.33334
162.25000
156.66667
145.91667
146.16667
137.58334
131.50000
144.83334
137.00000
126.25000
134.83334
134.91667
132.41667
117.83334
118.25000
105.58334
105.00000
108.58334
93.91667
101.33334
88.75000
93.33334
98.66667
106.16667
114.00000
122.50000
146.08334
163.16667
175.25000
192.91667
194.41667
199.75000
202.75000
200.50000
203.50000
200.66667
199.25000
196.33334
200.16667
198.00000
193.66667
193.16667
177.16667
177.41667
182.75000
186.66667
178.16667
165.58334
182.00000
174.00000
167.25000
164.08334
160.91667
154.16667
148.91667
142.58334
143.66667
147.83334
141.75000
133.50000
135.08334
140.75000
137.83334
120.41667
124.50000
111.33334
104.08334
103.25000
103.83334
105.33334
83.25000
90.91667
100.41667
97.33334
116.91667
132.33334
153.50000
160.25000
173.50000
192.41667
194.33334
199.08334
203.00000
204.91667
206.66667
204.91667
201.66667
198.58334
203.16667
199.58334
202.08334
198.66667
181.66667
179.50000
188.58334
188.83334
182.75000
173.33334
185.83334
183.58334
171.50000
174.25000
166.41667
172.66667
163.08334
155.08334
156.91667
153.66667
144.83334
150.83334
144.33334
142.75000
141.33334
136.08334
128.50000
122.41667
106.00000
105.58334
103.83334
107.75000
81.00000
91.00000
100.25000
104.83334
118.50000
134.50000
150.41667
162.00000
168.58334
196.50000
199.41667
198.75000
204.00000
206.00000
205.50000
211.33334
203.25000
204.33334
205.41667
202.66667
206.50000
207.41667
195.83334
188.08334
192.66667
193.91667
192.08334
184.16667
183.75000
190.33334
187.00000
181.00000
180.50000
188.33334
183.25000
166.08334
171.50000
160.50000
167.66667
166.83334
159.58334
144.41667
140.16667
145.58334
140.08334
115.41667
109.75000
108.16667
112.08334
111.75000
85.33334
89.00000
97.75000
108.25000
120.33334
137.91667
158.08334
168.83334
167.08334
196.91667
200.58334
203.08334
205.41667
207.41667
208.66667
210.75000
209.16667
208.25000
210.08334
210.75000
209.75000
209.33334
204.41667
197.16667
194.25000
200.16667
199.33334
189.25000
191.58334
198.75000
197.58334
189.25000
195.16667
201.25000
194.75000
179.08334
190.41667
182.33334
186.91667
174.83334
166.75000
151.41667
146.91667
148.08334
141.58334
122.83334
108.66667
112.58334
114.66667
112.66667
86.91667
91.08334
96.58334
110.16667
117.25000
141.00000
153.16667
172.50000
165.58334
195.50000
200.50000
204.33334
210.16667
210.08334
212.58334
213.00000
211.83334
208.66667
212.75000
215.41667
212.66667
207.16667
210.25000
205.00000
200.91667
205.25000
205.58334
201.58334
198.50000
206.66667
211.58334
200.58334
207.66667
210.50000
205.25000
190.75000
200.75000
201.41667
197.41667
182.33334
175.16667
149.41667
151.25000
147.08334
134.08334
124.66667
112.33334
108.50000
111.00000
112.83334
93.33334
90.33334
98.75000
111.58334
118.25000
140.91667
151.91667
171.33334
161.83334
197.25000
203.41667
205.83334
209.25000
211.91667
214.33334
215.33334
216.00000
212.16667
215.50000
219.00000
219.25000
216.75000
215.00000
214.66667
210.25000
211.16667
216.16667
212.16667
212.50000
219.66667
221.91667
214.83334
217.41667
221.08334
216.75000
208.16667
210.00000
216.16667
209.33334
196.58334
179.00000
149.66667
146.33334
143.75000
137.50000
119.83334
116.41667
107.58334
108.16667
109.75000
81.00000
87.83334
94.33334
109.91667
123.83334
143.33334
150.08334
159.50000
157.08334
199.33334
205.83334
209.58334
213.41667
215.66667
218.08334
218.33334
217.91667
216.33334
218.00000
220.16667
220.66667
220.50000
218.00000
219.58334
219.50000
220.00000
221.83334
221.66667
223.50000
226.25000
226.75000
223.66667
227.00000
228.91667
228.75000
218.50000
223.91667
224.25000
221.66667
208.16667
185.00000
144.25000
142.83334
144.33334
130.08334
128.41667
115.50000
103.41667
107.08334
107.91667
85.33334
90.91667
92.83334
113.33334
127.16667
136.00000
148.33334
154.08334
159.66667
201.41667
207.25000
211.41667
216.08334
217.00000
220.00000
220.41667
220.83334
219.75000
221.58334
221.66667
221.25000
222.75000
222.33334
223.16667
223.33334
224.00000
225.25000
227.00000
228.58334
229.75000
230.66667
231.66667
230.16667
230.75000
231.08334
227.66667
230.25000
227.41667
224.91667
214.41667
187.83334
146.25000
131.33334
134.91667
130.16667
124.50000
118.66667
107.75000
104.41667
103.91667
85.91667
88.25000
94.50000
110.41667
120.00000
133.41667
139.66667
149.91667
164.58334
202.08334
208.33334
212.00000
215.08334
219.58334
220.91667
222.00000
223.16667
221.08334
223.08334
221.33334
222.66667
223.66667
225.58334
224.66667
226.16667
225.50000
227.00000
229.66667
230.25000
228.16667
232.08334
228.91667
230.16667
230.00000
227.16667
232.58334
231.50000
228.00000
225.41667
217.25000
193.75000
153.50000
127.91667
126.58334
122.08334
127.50000
121.16667
105.33334
103.00000
96.25000
86.16667
91.41667
101.41667
111.00000
124.00000
126.08334
134.50000
148.41667
166.58334
203.83334
207.33334
212.00000
215.66667
218.25000
219.00000
222.58334
223.16667
222.91667
224.33334
222.91667
224.25000
225.50000
224.33334
226.41667
227.16667
228.33334
229.08334
230.50000
230.50000
231.66667
224.58334
227.33334
226.75000
227.75000
229.58334
228.08334
220.83334
223.08334
220.41667
216.41667
202.16667
164.00000
132.58334
118.25000
118.33334
120.08334
119.66667
100.25000
95.50000
87.58334
80.00000
92.16667
105.41667
110.58334
119.83334
121.16667
128.41667
151.83334
179.00000
197.66667
199.33334
200.41667
203.83334
208.66667
208.58334
212.66667
214.91667
218.50000
223.50000
225.41667
226.83334
227.16667
227.00000
227.16667
229.91667
230.00000
230.83334
230.66667
231.75000
229.41667
229.83334
227.00000
226.50000
224.66667
222.33334
216.66667
210.66667
208.08334
204.50000
199.25000
198.58334
173.33334
138.50000
128.91667
116.50000
119.16667
114.16667
100.41667
93.58334
82.08334
83.83334
90.75000
108.58334
125.50000
122.58334
115.83334
131.50000
152.91667
181.75000
185.58334
194.33334
194.33334
189.75000
185.58334
191.08334
192.41667
199.33334
208.58334
214.66667
220.50000
220.75000
223.41667
224.83334
224.00000
221.16667
225.66667
226.33334
225.25000
222.16667
220.00000
212.91667
209.91667
200.00000
199.75000
196.25000
190.33334
190.83334
188.91667
183.33334
182.41667
189.41667
171.00000
138.41667
131.75000
132.00000
132.83334
120.25000
98.83334
89.83334
83.33334
84.00000
91.91667
121.16667
127.66667
125.41667
123.83334
136.41667
155.50000
175.50000
171.00000
169.50000
163.91667
163.25000
172.00000
173.50000
174.83334
175.50000
177.41667
183.50000
196.91667
206.66667
213.58334
215.75000
216.50000
220.75000
216.00000
217.25000
208.25000
202.83334
188.50000
179.50000
172.00000
173.41667
175.16667
168.33334
171.33334
173.50000
176.41667
189.00000
181.75000
189.08334
182.66667
159.58334
139.75000
139.75000
127.33334
114.58334
114.41667
92.00000
87.08334
82.33334
108.75000
119.08334
129.08334
130.50000
127.08334
136.83334
158.41667
166.58334
149.66667
151.50000
157.00000
154.66667
148.75000
143.08334
152.16667
160.75000
166.66667
178.08334
173.00000
182.25000
192.91667
200.00000
204.58334
213.33334
213.41667
205.08334
205.41667
196.75000
185.16667
178.08334
175.08334
163.75000
167.50000
174.08334
172.66667
176.58334
184.91667
191.25000
198.16667
194.41667
181.66667
155.41667
138.08334
131.33334
121.50000
113.50000
116.83334
92.75000
86.50000
83.66667
112.33334
116.66667
124.33334
133.75000
124.91667
147.83334
157.50000
170.33334
173.75000
181.16667
172.50000
168.41667
164.25000
150.50000
140.66667
134.41667
137.91667
152.25000
174.25000
184.91667
186.41667
203.83334
203.50000
206.75000
207.00000
203.00000
202.75000
186.75000
169.25000
142.91667
134.00000
132.75000
134.33334
136.08334
141.33334
162.33334
168.41667
178.75000
185.41667
188.75000
186.50000
149.41667
144.41667
119.16667
111.16667
110.83334
110.25000
92.66667
88.66667
84.83334
108.58334
114.50000
129.08334
137.25000
140.25000
151.58334
162.83334
178.00000
183.33334
177.58334
172.08334
140.58334
116.25000
128.41667
102.75000
124.25000
122.25000
140.25000
156.75000
152.91667
169.83334
182.75000
200.41667
205.66667
209.75000
207.50000
192.66667
180.50000
160.33334
142.58334
143.33334
112.25000
77.91667
94.00000
114.25000
111.66667
112.33334
149.16667
179.91667
190.41667
193.66667
156.33334
145.33334
136.50000
128.08334
125.08334
118.58334
111.66667
105.08334
88.58334
102.50000
120.41667
123.16667
132.58334
139.25000
152.75000
165.33334
174.08334
187.41667
160.41667
126.58334
105.91667
113.16667
110.08334
99.00000
131.58334
119.00000
132.58334
143.25000
167.83334
178.08334
181.33334
203.50000
207.75000
206.00000
209.66667
199.50000
187.16667
170.25000
149.25000
153.33334
138.91667
137.25000
137.16667
157.16667
159.25000
152.16667
172.66667
185.08334
202.66667
195.16667
161.25000
148.25000
139.75000
140.00000
147.50000
126.33334
109.58334
105.00000
82.50000
98.50000
110.41667
113.33334
124.83334
133.00000
149.75000
157.16667
165.50000
184.75000
166.25000
156.33334
154.75000
151.33334
149.91667
134.08334
154.25000
157.00000
145.58334
161.58334
184.08334
193.41667
184.08334
206.75000
210.08334
209.16667
211.66667
207.25000
200.33334
178.08334
180.83334
178.25000
177.08334
176.16667
188.66667
191.66667
187.91667
196.83334
199.50000
203.91667
212.58334
211.25000
184.33334
153.41667
146.75000
147.66667
149.50000
133.08334
109.66667
105.83334
99.08334
118.83334
137.00000
138.33334
130.83334
144.33334
162.08334
163.58334
172.00000
195.16667
193.50000
191.08334
180.58334
176.16667
186.33334
174.83334
178.00000
170.58334
153.25000
178.91667
188.00000
195.58334
191.16667
202.00000
212.16667
204.33334
215.00000
207.66667
201.83334
196.16667
193.25000
187.41667
185.25000
191.16667
197.66667
199.83334
203.00000
211.83334
220.16667
217.33334
223.66667
223.58334
200.91667
155.16667
141.16667
136.50000
142.00000
130.66667
123.58334
105.50000
102.58334
103.91667
135.50000
143.16667
130.33334
160.75000
158.08334
169.50000
183.50000
202.50000
202.25000
197.00000
196.66667
191.58334
190.50000
187.25000
186.33334
185.08334
175.33334
186.25000
200.00000
196.66667
198.16667
203.00000
204.83334
209.75000
217.50000
211.00000
196.00000
209.75000
205.50000
205.00000
202.00000
203.83334
211.25000
215.58334
219.83334
223.91667
223.41667
228.91667
232.66667
224.25000
213.50000
161.50000
138.75000
134.75000
135.16667
129.50000
129.41667
102.66667
107.08334
97.50000
138.33334
140.16667
133.33334
165.16667
159.16667
171.00000
192.83334
210.00000
205.91667
211.91667
210.58334
210.83334
208.58334
206.58334
201.66667
195.58334
197.08334
205.33334
212.91667
199.75000
203.83334
205.33334
211.91667
215.08334
218.50000
217.00000
208.50000
209.41667
214.91667
218.41667
219.75000
217.00000
218.58334
223.33334
224.16667
226.16667
225.91667
235.75000
228.91667
229.41667
215.91667
163.50000
143.83334
139.33334
136.66667
128.00000
123.08334
105.08334
109.33334
103.66667
137.33334
145.08334
132.66667
159.16667
170.66667
170.83334
195.08334
213.41667
214.50000
217.00000
217.00000
214.16667
214.33334
212.83334
209.25000
205.00000
205.33334
210.58334
207.33334
207.50000
213.08334
208.91667
212.83334
215.08334
227.25000
216.58334
215.50000
212.75000
219.25000
222.75000
223.91667
225.00000
223.66667
226.16667
224.08334
227.75000
227.08334
231.00000
233.33334
229.66667
216.25000
172.16667
146.58334
138.41667
133.50000
128.66667
120.58334
98.91667
114.58334
103.16667
124.58334
149.16667
138.75000
156.66667
175.66667
174.50000
194.66667
217.91667
211.08334
217.41667
217.58334
216.41667
216.00000
215.50000
204.41667
210.83334
207.00000
213.75000
207.75000
214.58334
212.41667
208.83334
218.08334
218.66667
227.16667
214.50000
218.00000
214.16667
220.66667
227.08334
229.08334
227.33334
222.91667
225.41667
220.75000
232.50000
234.08334
233.91667
232.91667
228.16667
215.66667
177.41667
150.25000
152.41667
142.91667
129.50000
117.75000
94.83334
100.25000
107.66667
118.66667
135.75000
143.66667
156.08334
165.25000
171.16667
195.16667
214.50000
217.83334
212.50000
218.91667
219.00000
212.41667
216.83334
218.25000
214.25000
212.75000
215.83334
207.41667
212.83334
207.75000
213.66667
220.00000
220.91667
225.41667
219.41667
222.16667
218.58334
212.50000
218.83334
218.41667
223.08334
223.00000
226.25000
229.91667
232.16667
232.25000
230.75000
230.08334
227.33334
212.83334
176.41667
164.25000
152.08334
144.33334
132.16667
109.83334
93.58334
106.33334
119.16667
123.16667
116.83334
154.00000
152.00000
164.58334
168.33334
188.16667
214.00000
215.75000
216.75000
215.50000
219.25000
221.08334
219.33334
216.66667
210.83334
209.66667
209.91667
203.75000
214.00000
205.66667
206.41667
214.50000
214.00000
217.66667
214.33334
215.58334
216.50000
214.91667
218.75000
223.83334
221.08334
223.50000
221.41667
224.33334
229.25000
227.91667
229.33334
227.58334
223.75000
210.25000
175.50000
165.91667
143.25000
143.83334
149.58334
104.08334
93.25000
107.33334
121.00000
118.41667
112.41667
153.41667
160.91667
162.50000
164.33334
178.58334
210.25000
214.83334
215.50000
218.41667
218.08334
218.66667
217.83334
210.58334
210.25000
204.33334
207.41667
204.66667
206.91667
198.50000
202.00000
204.33334
207.58334
211.16667
199.50000
197.58334
205.91667
208.83334
210.08334
219.00000
217.66667
218.91667
219.50000
219.58334
223.58334
227.58334
226.50000
225.83334
220.50000
204.75000
175.00000
161.83334
145.08334
154.08334
141.08334
107.08334
102.41667
110.83334
113.33334
115.08334
112.75000
133.91667
168.16667
158.66667
166.50000
168.33334
207.58334
211.08334
213.33334
215.33334
217.25000
218.66667
212.16667
205.08334
202.41667
200.16667
198.91667
203.41667
197.33334
190.66667
194.58334
202.41667
204.66667
209.66667
202.33334
204.91667
201.91667
201.25000
208.50000
212.75000
213.41667
215.33334
215.16667
216.75000
219.16667
222.33334
223.33334
221.16667
216.91667
200.08334
170.41667
166.66667
153.08334
146.91667
133.83334
104.75000
109.83334
113.08334
108.00000
116.41667
118.58334
135.41667
148.91667
153.83334
163.91667
165.08334
201.58334
208.41667
213.00000
214.33334
215.08334
212.75000
209.66667
199.58334
201.00000
200.58334
195.16667
196.41667
197.00000
191.00000
193.41667
195.75000
199.58334
199.50000
198.25000
199.41667
191.08334
200.50000
207.50000
209.33334
214.00000
209.91667
211.33334
213.41667
217.33334
220.41667
220.08334
218.91667
215.66667
195.75000
160.83334
163.75000
155.91667
157.50000
127.25000
106.66667
107.75000
112.25000
110.16667
119.50000
119.00000
135.41667
140.00000
137.58334
153.41667
166.33334
192.25000
205.75000
209.66667
211.75000
213.83334
207.83334
203.50000
197.58334
198.83334
203.16667
200.00000
203.33334
189.25000
187.41667
189.50000
192.08334
190.33334
192.41667
191.75000
188.41667
195.00000
202.58334
206.25000
213.41667
211.75000
208.41667
207.25000
215.58334
216.50000
217.66667
217.50000
215.91667
212.25000
188.00000
158.83334
158.08334
163.25000
149.50000
132.08334
106.25000
107.33334
114.58334
126.41667
117.25000
123.00000
129.83334
137.75000
139.58334
149.50000
165.33334
171.66667
204.83334
206.75000
209.00000
209.41667
205.33334
202.33334
202.08334
198.91667
198.08334
201.08334
200.41667
194.58334
186.50000
181.33334
180.58334
184.75000
188.00000
191.83334
198.50000
196.50000
200.91667
209.41667
205.66667
208.91667
208.83334
208.41667
213.75000
217.16667
217.41667
215.25000
214.75000
207.91667
181.58334
158.75000
159.75000
164.75000
143.25000
126.16667
103.25000
111.66667
118.08334
114.75000
120.00000
117.75000
126.91667
138.33334
136.00000
147.25000
164.50000
167.83334
201.91667
205.83334
207.66667
207.25000
202.33334
203.00000
202.00000
203.50000
201.83334
193.66667
191.41667
191.91667
192.83334
193.00000
193.25000
188.33334
193.83334
200.41667
202.66667
206.50000
212.00000
210.58334
211.08334
209.41667
214.00000
209.16667
210.91667
216.00000
215.33334
215.16667
212.50000
205.08334
176.58334
162.83334
158.00000
148.41667
137.50000
117.33334
109.50000
113.33334
106.75000
104.50000
118.00000
122.25000
123.91667
137.08334
138.58334
144.25000
161.58334
163.83334
198.75000
203.58334
204.83334
203.08334
201.91667
202.50000
201.75000
202.66667
201.91667
200.41667
196.08334
195.66667
197.00000
198.58334
203.25000
201.75000
205.00000
208.00000
207.58334
213.16667
215.50000
213.58334
215.25000
213.58334
214.08334
214.75000
207.25000
213.75000
216.08334
213.25000
211.00000
200.83334
175.83334
158.66667
151.25000
138.00000
134.91667
112.75000
111.66667
106.25000
101.50000
101.16667
114.16667
123.91667
117.83334
131.16667
135.83334
144.66667
155.66667
164.66667
192.16667
202.16667
201.91667
202.50000
200.66667
201.58334
199.83334
199.75000
200.33334
200.41667
197.83334
196.58334
197.66667
197.66667
202.50000
201.16667
202.50000
207.66667
211.91667
207.83334
207.33334
213.58334
216.08334
216.16667
212.16667
213.66667
208.08334
211.41667
215.33334
213.83334
212.00000
194.16667
167.58334
140.33334
138.00000
139.08334
131.50000
112.58334
110.50000
99.16667
94.33334
102.50000
109.33334
125.66667
116.50000
120.66667
122.50000
144.00000
150.50000
162.83334
178.91667
198.58334
201.25000
202.08334
201.33334
199.16667
199.58334
197.25000
196.00000
194.91667
198.08334
197.58334
192.66667
193.58334
199.50000
202.66667
206.25000
201.50000
199.33334
201.16667
203.33334
200.33334
209.25000
209.83334
210.41667
209.33334
207.50000
211.58334
213.83334
214.66667
209.41667
185.41667
162.75000
134.66667
137.16667
136.58334
125.00000
107.66667
109.58334
93.16667
91.58334
111.66667
115.58334
108.66667
111.66667
117.91667
118.66667
136.00000
150.91667
159.41667
167.16667
197.50000
203.00000
200.58334
199.33334
197.33334
192.91667
186.66667
186.66667
190.58334
193.16667
191.50000
188.50000
189.25000
189.66667
201.41667
201.33334
196.83334
193.00000
184.08334
189.25000
189.91667
179.33334
174.75000
180.00000
187.41667
202.08334
209.66667
213.33334
214.41667
206.33334
176.58334
157.50000
133.66667
128.08334
127.83334
128.58334
111.91667
108.50000
88.75000
100.41667
111.91667
112.16667
109.83334
112.16667
115.08334
113.00000
130.91667
146.66667
151.00000
164.00000
192.41667
201.00000
196.91667
191.33334
185.75000
173.41667
169.75000
160.16667
163.91667
166.25000
155.83334
169.83334
181.50000
190.16667
187.66667
185.33334
188.91667
182.41667
178.91667
169.41667
161.58334
151.25000
153.25000
152.33334
173.66667
196.33334
213.41667
214.91667
211.50000
197.83334
170.33334
148.33334
136.41667
125.75000
132.25000
124.00000
115.16667
110.41667
84.66667
103.50000
102.83334
111.16667
109.66667
112.91667
115.58334
109.16667
126.33334
146.08334
147.66667
160.50000
184.16667
197.83334
198.75000
195.83334
190.41667
184.91667
175.66667
155.33334
143.33334
160.00000
164.41667
162.41667
151.66667
168.75000
166.91667
170.58334
181.91667
179.75000
180.83334
191.16667
193.91667
172.41667
165.41667
167.33334
195.75000
207.66667
216.58334
213.91667
206.83334
178.16667
163.33334
140.75000
132.16667
127.83334
126.50000
114.66667
109.83334
106.33334
79.91667
88.41667
98.91667
106.41667
109.91667
115.66667
114.50000
111.00000
124.58334
134.50000
146.50000
159.41667
162.58334
196.00000
199.33334
198.16667
197.08334
191.83334
162.91667
150.41667
160.75000
180.66667
178.91667
179.83334
185.00000
187.66667
197.33334
185.75000
193.00000
193.41667
197.50000
186.08334
188.25000
161.83334
173.25000
197.58334
207.41667
211.25000
215.00000
211.25000
198.41667
167.08334
153.16667
134.83334
130.58334
124.16667
124.91667
111.33334
108.16667
99.91667
80.75000
82.08334
89.08334
104.91667
111.75000
112.50000
109.91667
112.91667
115.41667
128.50000
146.16667
154.33334
163.75000
182.33334
194.91667
200.41667
198.16667
194.08334
185.50000
179.83334
159.66667
157.83334
170.75000
183.58334
189.50000
194.66667
195.83334
180.50000
193.33334
183.41667
193.00000
180.00000
188.08334
189.66667
205.00000
210.50000
208.41667
212.33334
211.58334
207.33334
183.91667
159.41667
141.75000
133.00000
125.00000
116.25000
113.75000
109.16667
108.66667
94.25000
86.08334
80.16667
84.66667
97.66667
115.33334
111.33334
108.50000
113.91667
112.00000
121.83334
140.91667
148.91667
161.25000
170.00000
188.58334
195.58334
196.91667
198.66667
195.58334
195.08334
195.66667
194.75000
191.83334
186.75000
169.91667
172.66667
178.91667
178.58334
189.25000
193.75000
198.58334
199.08334
207.00000
209.66667
212.75000
213.08334
208.66667
208.83334
206.58334
199.66667
168.00000
141.16667
135.41667
130.00000
117.00000
107.75000
108.08334
112.75000
101.33334
95.00000
87.25000
78.50000
84.00000
97.00000
110.08334
108.58334
103.00000
113.50000
112.50000
117.25000
139.25000
147.00000
159.08334
159.00000
179.25000
189.58334
194.08334
197.33334
196.50000
194.25000
197.16667
196.58334
197.50000
195.33334
192.75000
190.83334
189.33334
192.16667
195.66667
201.50000
204.75000
206.33334
211.00000
213.08334
212.00000
207.50000
206.08334
203.16667
198.25000
192.16667
154.50000
134.33334
133.50000
118.25000
109.50000
105.00000
101.33334
99.41667
95.00000
95.66667
91.33334
80.08334
80.41667
95.41667
107.16667
110.66667
105.25000
113.58334
108.50000
118.00000
136.08334
146.16667
152.25000
155.91667
160.66667
181.75000
189.50000
193.91667
192.25000
196.16667
190.33334
193.91667
193.66667
194.41667
192.41667
193.00000
192.83334
194.91667
200.33334
200.25000
201.08334
201.75000
205.83334
207.91667
206.00000
205.33334
201.66667
200.41667
194.25000
174.83334
153.50000
128.33334
127.08334
110.16667
112.50000
98.75000
100.33334
95.83334
97.00000
102.58334
89.50000
87.00000
80.91667
91.33334
97.50000
107.58334
102.83334
108.75000
107.66667
112.58334
135.83334
147.33334
154.75000
151.50000
157.16667
173.91667
183.08334
188.91667
193.00000
192.25000
194.00000
190.91667
191.75000
194.83334
195.75000
196.75000
195.16667
196.08334
198.50000
201.25000
202.33334
204.16667
204.33334
202.91667
203.25000
202.08334
195.00000
196.41667
188.08334
161.83334
154.91667
126.08334
116.66667
106.58334
111.66667
101.00000
98.16667
95.08334
99.83334
102.16667
91.66667
91.08334
81.00000
90.66667
92.41667
102.58334
107.91667
98.08334
103.75000
110.66667
134.00000
148.33334
155.33334
156.08334
151.66667
160.41667
179.25000
184.00000
190.08334
191.16667
193.16667
199.75000
196.00000
196.25000
198.41667
201.08334
198.75000
197.91667
200.75000
202.66667
204.58334
203.58334
202.16667
202.41667
203.41667
200.58334
192.50000
193.83334
186.16667
167.00000
154.25000
116.91667
113.83334
103.41667
107.58334
94.58334
91.66667
100.00000
102.66667
103.08334
91.66667
90.91667
83.50000
91.25000
94.50000
100.00000
105.66667
98.16667
96.91667
107.58334
132.91667
148.00000
156.50000
158.41667
155.33334
152.50000
170.66667
181.75000
189.00000
194.66667
195.08334
199.66667
202.50000
200.25000
200.66667
202.50000
203.41667
204.41667
205.83334
207.33334
207.25000
203.58334
205.08334
205.66667
205.66667
196.16667
194.83334
194.08334
178.33334
167.00000
156.25000
107.58334
102.00000
106.83334
96.33334
95.75000
98.16667
104.83334
102.16667
107.25000
90.33334
89.16667
77.41667
94.41667
93.16667
100.66667
110.41667
95.41667
100.00000
105.00000
132.33334
150.41667
154.66667
158.83334
161.91667
155.25000
158.58334
182.58334
186.66667
191.58334
196.33334
203.16667
202.41667
203.75000
204.50000
207.41667
207.75000
207.91667
208.08334
211.50000
211.16667
207.66667
205.25000
208.50000
203.58334
195.16667
194.41667
200.25000
177.25000
163.50000
151.75000
110.75000
103.00000
96.91667
90.00000
97.00000
102.41667
106.50000
104.91667
105.66667
93.16667
87.91667
82.91667
98.50000
94.75000
103.16667
108.41667
99.25000
105.41667
106.50000
127.41667
147.50000
155.41667
156.58334
157.75000
162.75000
156.66667
169.25000
186.41667
191.41667
197.16667
200.91667
204.33334
208.08334
208.83334
213.91667
216.25000
212.16667
212.08334
212.83334
213.41667
210.25000
209.33334
210.75000
199.58334
197.66667
196.25000
203.58334
171.50000
173.33334
151.00000
110.75000
95.50000
98.33334
94.08334
104.66667
101.50000
104.16667
104.00000
104.08334
93.58334
