35.30000
35.90000
30.30000
23.70000
22.50000
24.90000
23.20000
24.90000
25.20000
27.20000
27.50000
29.20000
28.40000
27.40000
29.60000
29.80000
31.60000
33.60000
35.40000
37.60000
41.60000
47.20000
54.40000
56.30000
64.40000
81.80000
85.20000
84.00000
75.60000
76.00000
82.20000
84.40000
81.50000
82.40000
74.10000
56.80000
41.30000
23.70000
12.10000
7.40000
7.60000
7.00000
12.80000
18.80000
21.60000
26.90000
41.00000
57.70000
77.20000
92.30000
33.80000
34.10000
29.90000
22.10000
23.70000
26.80000
25.80000
25.70000
26.90000
28.40000
28.90000
31.80000
33.40000
37.00000
36.20000
35.90000
36.10000
43.40000
45.40000
48.40000
56.30000
64.60000
71.70000
73.00000
86.90000
99.10000
103.70000
98.10000
89.70000
93.80000
103.70000
105.10000
101.40000
100.70000
95.60000
77.40000
63.50000
38.90000
22.30000
11.60000
7.50000
8.30000
14.00000
19.20000
22.40000
28.40000
38.90000
57.50000
78.80000
92.30000
34.70000
31.40000
27.40000
23.10000
25.30000
27.30000
26.60000
26.70000
27.10000
29.00000
32.20000
36.90000
38.40000
45.60000
46.10000
45.10000
47.00000
58.60000
55.70000
63.80000
73.70000
86.00000
88.80000
95.10000
106.70000
118.60000
119.30000
111.80000
101.00000
113.80000
122.50000
123.90000
120.20000
121.10000
111.00000
96.60000
81.10000
61.00000
37.20000
19.70000
9.10000
9.20000
15.30000
20.10000
24.50000
29.20000
38.60000
57.60000
77.60000
95.70000
32.50000
29.10000
23.60000
24.60000
26.90000
28.60000
23.90000
26.00000
29.90000
33.60000
39.70000
40.70000
46.60000
56.50000
54.20000
53.50000
66.10000
76.10000
71.70000
82.60000
96.20000
110.20000
108.60000
115.50000
125.50000
139.20000
130.80000
127.70000
121.60000
133.40001
145.20000
143.90001
140.00000
137.60001
130.10001
113.70000
97.80000
79.90000
56.60000
34.10000
16.40000
10.80000
13.40000
20.70000
24.00000
30.40000
40.50000
60.80000
82.00000
96.90000
29.50000
23.40000
22.90000
22.80000
28.50000
25.90000
24.30000
28.10000
33.90000
41.40000
49.70000
46.30000
57.80000
69.20000
64.30000
67.10000
82.20000
92.50000
91.20000
112.40000
121.30000
131.40001
130.60001
137.60001
148.10001
154.80000
145.90001
141.20000
133.70000
157.50000
161.50000
153.80000
153.60001
150.60001
139.40001
124.00000
112.30000
95.30000
76.80000
53.20000
30.70000
15.40000
15.10000
20.50000
22.30000
27.70000
38.80000
65.20000
83.70000
95.40000
28.60000
24.40000
19.90000
20.20000
24.20000
24.00000
26.70000
34.10000
44.00000
56.50000
61.40000
61.10000
73.90000
82.70000
75.20000
83.40000
99.40000
110.00000
108.20000
136.10001
141.60001
154.20000
147.70000
164.20000
163.70000
173.80000
164.20000
164.20000
156.30000
176.60001
170.30000
165.70000
166.00000
156.80000
147.50000
132.80000
126.40000
108.50000
93.10000
70.70000
43.80000
23.70000
17.60000
21.70000
19.80000
26.50000
43.20000
68.00000
84.20000
100.90000
30.90000
31.40000
20.10000
18.20000
22.20000
25.40000
30.80000
41.40000
57.80000
68.30000
78.90000
80.30000
92.70000
96.40000
83.30000
103.80000
113.20000
126.40000
127.00000
156.10001
152.60001
174.50000
164.00000
177.70000
173.90001
182.80000
174.10001
172.80000
177.10001
181.30000
175.80000
172.50000
171.60001
161.50000
155.70000
142.30000
139.50000
123.40000
104.80000
85.70000
58.50000
33.20000
22.80000
21.50000
19.10000
28.10000
53.20000
73.90000
87.80000
95.00000
35.80000
31.50000
31.80000
16.70000
22.50000
26.20000
34.90000
47.40000
70.00000
88.00000
97.50000
101.40000
109.50000
110.20000
103.50000
117.00000
127.30000
137.60001
138.90001
166.70000
165.00000
177.30000
173.30000
181.30000
183.10001
183.20000
181.60001
179.30000
180.60001
187.20000
181.40001
176.20000
174.40001
164.20000
156.80000
152.20000
146.60001
135.50000
116.20000
95.30000
71.50000
42.40000
27.00000
26.00000
20.60000
29.80000
56.10000
74.60000
91.70000
98.70000
36.90000
32.40000
32.80000
22.70000
24.00000
27.90000
39.70000
58.40000
88.60000
105.30000
115.20000
118.00000
122.50000
123.70000
119.00000
125.80000
137.20000
143.90001
151.70000
173.30000
178.00000
178.60001
179.80000
185.70000
186.30000
183.60001
181.80000
186.00000
185.60001
185.30000
181.40001
179.00000
170.40001
163.80000
154.80000
155.40001
148.70000
139.30000
123.70000
104.10000
78.00000
49.70000
31.60000
29.50000
24.20000
33.60000
56.40000
77.80000
94.10000
102.80000
40.90000
36.40000
29.10000
33.10000
27.40000
31.50000
42.90000
70.50000
103.30000
119.70000
127.30000
129.10001
131.50000
130.80000
130.20000
128.00000
139.70000
153.20000
161.80000
180.20000
183.70000
182.90001
183.70000
186.80000
187.00000
186.00000
182.70000
187.40001
187.40001
185.10001
182.80000
176.80000
164.00000
157.10001
149.00000
152.00000
146.20000
138.90001
127.30000
111.00000
86.00000
56.00000
34.90000
32.90000
30.40000
37.50000
54.60000
83.30000
99.50000
104.90000
37.70000
41.50000
27.60000
35.40000
33.10000
36.40000
52.10000
87.60000
115.70000
133.00000
134.40001
134.30000
133.80000
132.50000
135.80000
136.50000
149.10001
156.00000
165.90001
175.80000
187.10001
188.50000
189.30000
191.30000
189.90001
189.40001
188.90001
187.60001
190.60001
190.30000
185.30000
171.70000
155.00000
152.30000
145.60001
142.10001
134.60001
133.70000
132.70000
119.90000
97.60000
65.00000
39.90000
36.50000
37.10000
46.20000
57.60000
82.70000
91.60000
103.00000
47.00000
55.00000
46.30000
36.40000
39.60000
42.80000
66.70000
103.30000
129.60001
137.80000
134.70000
128.10001
128.70000
131.20000
138.30000
138.20000
148.50000
158.00000
164.10001
171.40001
179.20000
185.00000
194.40001
197.60001
196.40001
196.00000
195.20000
196.50000
198.70000
187.30000
167.50000
151.00000
142.80000
136.50000
134.80000
131.70000
127.80000
125.70000
125.90000
122.70000
109.10000
78.10000
47.20000
41.90000
44.60000
55.90000
66.90000
89.10000
95.00000
101.40000
64.10000
42.20000
51.70000
49.40000
41.70000
52.40000
90.80000
116.90000
135.70000
134.70000
125.90000
117.90000
122.30000
132.40001
142.60001
149.80000
160.80000
165.70000
176.70000
178.70000
179.20000
182.00000
189.30000
205.20000
208.40001
205.50000
204.30000
202.30000
191.80000
170.40001
158.20000
148.40001
144.50000
137.40001
127.90000
122.60000
119.50000
118.80000
119.30000
118.40000
114.70000
91.20000
58.10000
44.80000
52.10000
63.20000
82.20000
97.30000
106.00000
108.90000
65.90000
61.60000
45.50000
55.80000
52.30000
68.10000
106.70000
128.10001
133.00000
125.60000
116.30000
109.70000
113.80000
123.90000
138.60001
145.40001
156.90001
163.80000
179.60001
186.80000
187.20000
186.00000
195.00000
204.50000
211.40001
208.40001
206.00000
197.40001
183.10001
164.90001
158.70000
151.90001
141.10001
129.20000
120.60000
117.80000
117.40000
117.10000
115.40000
109.30000
109.20000
99.80000
68.60000
56.70000
53.50000
70.50000
88.00000
95.70000
109.30000
112.90000
64.90000
64.20000
66.70000
59.00000
61.80000
80.10000
114.90000
134.40001
130.40001
119.50000
113.20000
110.20000
116.30000
120.70000
127.60000
132.90001
143.80000
154.60001
167.20000
180.50000
186.30000
186.70000
192.20000
191.50000
197.20000
190.50000
189.80000
180.60001
174.60001
165.60001
150.10001
138.90001
129.70000
130.70000
130.40001
127.50000
125.40000
123.20000
114.90000
103.80000
102.30000
102.30000
77.20000
65.20000
59.90000
78.40000
92.90000
104.30000
106.70000
112.60000
81.20000
69.40000
73.10000
64.60000
63.50000
89.70000
125.40000
139.10001
137.50000
124.90000
127.70000
131.90001
127.80000
130.30000
136.40001
140.20000
138.30000
138.30000
148.90001
166.00000
173.80000
176.80000
179.70000
183.10001
183.00000
174.60001
174.70000
163.80000
155.30000
144.70000
139.80000
140.80000
148.20000
152.40001
149.30000
142.50000
131.00000
119.10000
113.30000
112.70000
109.40000
106.50000
84.10000
68.50000
77.50000
84.50000
101.20000
107.10000
106.40000
112.60000
108.00000
89.50000
73.30000
66.70000
66.80000
103.80000
135.80000
144.40001
143.30000
136.50000
148.30000
150.30000
146.00000
137.30000
144.30000
151.50000
149.30000
149.80000
144.10001
150.60001
162.10001
170.20000
175.70000
177.40001
175.30000
168.50000
164.50000
152.50000
144.10001
141.10001
147.80000
161.70000
167.90001
163.70000
149.00000
130.20000
127.10000
124.00000
126.10000
127.30000
124.40000
113.00000
92.80000
80.00000
84.80000
90.10000
107.70000
109.60000
110.70000
112.70000
109.30000
105.70000
82.80000
66.20000
70.60000
114.50000
141.30000
149.50000
145.20000
144.30000
156.70000
163.20000
165.60001
173.60001
174.50000
170.10001
150.30000
144.70000
145.50000
150.80000
151.70000
164.70000
173.30000
176.70000
174.60001
170.60001
160.00000
148.50000
150.10001
156.10001
159.20000
152.10001
142.10001
135.60001
138.50000
138.30000
137.00000
130.80000
131.90001
131.80000
129.70000
121.30000
101.60000
90.40000
90.30000
104.70000
111.40000
111.40000
112.50000
111.60000
101.20000
114.00000
100.10000
71.10000
72.80000
120.20000
146.50000
153.60001
150.40001
155.80000
162.30000
165.20000
170.30000
171.80000
182.90001
181.30000
162.00000
154.50000
166.50000
159.10001
155.20000
160.10001
171.80000
178.90001
179.00000
176.50000
164.70000
158.00000
163.00000
160.90001
156.70000
158.30000
150.80000
144.70000
155.50000
156.50000
152.40001
134.60001
134.20000
132.10001
131.90001
126.70000
111.40000
96.70000
103.70000
118.20000
116.80000
113.30000
110.30000
112.10000
113.20000
119.00000
111.00000
82.70000
80.00000
124.70000
151.60001
159.00000
161.30000
159.20000
156.10001
148.80000
161.10001
150.10001
143.40001
149.30000
156.60001
164.00000
152.50000
163.60001
162.00000
164.50000
170.80000
184.90001
190.00000
186.50000
172.80000
163.30000
168.00000
157.90001
144.70000
154.90001
144.30000
138.60001
138.70000
144.60001
138.70000
126.60000
125.20000
132.70000
136.30000
131.10001
119.30000
104.50000
110.90000
122.00000
122.30000
119.90000
113.10000
112.40000
131.30000
128.30000
122.60000
101.60000
90.30000
129.90001
154.60001
164.70000
169.20000
161.00000
138.30000
121.10000
122.80000
132.80000
105.30000
105.90000
120.10000
152.20000
133.30000
148.50000
174.60001
169.50000
170.80000
191.10001
200.00000
194.80000
178.00000
160.50000
169.30000
158.20000
139.40001
158.50000
130.30000
107.20000
114.00000
124.70000
120.70000
112.70000
117.60000
134.90001
142.00000
135.90001
122.50000
110.70000
108.30000
124.80000
124.30000
119.10000
115.50000
113.30000
139.20000
142.20000
123.60000
122.50000
107.60000
131.70000
156.40001
167.10001
172.60001
169.50000
160.50000
150.00000
149.00000
147.60001
137.40001
132.30000
127.40000
148.00000
143.10001
150.30000
179.70000
164.90001
174.60001
190.20000
199.80000
196.70000
179.50000
161.60001
170.30000
171.50000
151.50000
153.00000
154.60001
152.90001
162.00000
170.90001
165.00000
158.70000
153.30000
154.40001
152.70000
144.80000
127.90000
124.40000
119.90000
141.10001
127.60000
122.70000
116.70000
122.50000
153.80000
153.20000
111.70000
106.40000
125.70000
134.60001
154.60001
170.60001
172.00000
170.90001
169.70000
167.70000
173.30000
179.40001
175.20000
173.30000
176.30000
178.70000
174.10001
175.70000
186.50000
169.30000
177.20000
187.70000
193.50000
193.90001
180.00000
161.20000
167.50000
176.10001
172.00000
178.20000
155.40001
155.70000
162.00000
166.90001
165.80000
168.50000
166.90001
165.70000
156.60001
149.70000
134.40001
133.30000
130.40001
156.90001
149.40001
139.00000
124.70000
124.20000
138.90001
146.70000
120.70000
113.70000
123.40000
147.10001
155.40001
172.10001
173.50000
178.20000
182.30000
181.40001
188.30000
191.10001
187.30000
183.20000
183.30000
180.90001
182.50000
186.60001
182.90001
173.40001
180.80000
188.00000
191.40001
191.70000
179.50000
164.20000
165.40001
180.40001
178.40001
178.00000
168.80000
161.30000
160.80000
162.10001
155.00000
160.00000
167.00000
166.40001
159.20000
161.90001
152.30000
137.90001
135.60001
152.80000
169.00000
158.00000
150.70000
145.60001
121.60000
131.30000
131.40001
137.40001
119.50000
149.20000
158.20000
171.10001
178.90001
185.80000
189.00000
194.60001
197.70000
196.80000
195.80000
191.90001
181.70000
174.10001
190.10001
186.40001
176.90001
177.10001
183.20000
188.30000
188.80000
188.00000
179.20000
164.70000
163.20000
177.60001
182.20000
186.50000
190.60001
189.70000
187.60001
182.00000
176.80000
176.40001
177.90001
175.00000
174.30000
160.60001
154.70000
134.90001
139.30000
152.50000
174.00000
164.50000
156.90001
150.90001
124.40000
130.70000
131.80000
136.00000
125.40000
150.20000
161.40001
167.90001
181.40001
186.80000
189.90001
194.50000
196.30000
193.90001
188.20000
181.60001
178.40001
181.50000
197.10001
187.90001
182.10001
179.20000
182.20000
187.40001
189.60001
187.30000
181.50000
163.60001
159.90001
173.00000
183.70000
186.90001
188.00000
190.90001
191.70000
191.60001
190.20000
187.40001
184.00000
178.10001
178.10001
162.10001
151.40001
142.80000
143.70000
171.70000
170.30000
177.70000
183.10001
166.30000
123.10000
128.80000
115.30000
132.00000
129.90001
144.40001
162.60001
166.90001
182.40001
190.00000
195.50000
195.30000
191.20000
186.60001
192.50000
191.80000
188.60001
191.70000
194.90001
189.40001
179.90001
176.80000
178.80000
185.50000
188.00000
187.40001
180.60001
160.90001
155.70000
168.50000
182.50000
188.40001
189.70000
188.60001
190.80000
192.60001
193.20000
190.90001
187.00000
180.80000
177.60001
165.80000
146.40001
144.20000
142.30000
177.80000
169.30000
183.80000
178.80000
180.00000
89.70000
132.50000
126.40000
128.10001
129.30000
138.90001
162.10001
165.60001
180.30000
190.50000
197.80000
200.40001
194.60001
196.70000
196.40001
193.90001
196.30000
194.90001
192.80000
188.60001
179.80000
173.60001
176.70000
185.40001
189.80000
188.30000
179.80000
161.10001
151.70000
162.90001
177.60001
187.60001
190.60001
189.10001
192.00000
193.80000
194.80000
192.60001
186.40001
189.10001
175.40001
169.10001
142.90001
136.30000
146.40001
169.40001
163.90001
195.40001
182.00000
185.10001
61.60000
119.90000
131.70000
123.50000
132.40001
137.70000
153.70000
167.10001
178.10001
189.10001
199.50000
204.70000
201.40001
199.80000
197.80000
198.40001
196.50000
195.90001
195.40001
188.70000
180.00000
175.30000
178.40001
187.80000
192.70000
190.60001
182.90001
162.60001
151.40001
155.00000
173.10001
182.20000
190.90001
192.10001
191.10001
195.20000
195.20000
193.00000
185.90001
189.80000
177.70000
167.10001
150.70000
145.40001
175.20000
175.80000
162.80000
198.00000
195.80000
196.50000
49.50000
95.30000
132.40001
129.50000
135.80000
138.20000
147.90001
169.10001
176.10001
188.30000
200.10001
203.70000
203.20000
203.20000
202.80000
202.90001
200.80000
197.90001
189.20000
178.50000
180.00000
176.30000
180.50000
188.80000
195.20000
192.10001
183.20000
168.10001
153.60001
154.30000
163.70000
178.20000
185.50000
192.40001
192.60001
193.70000
195.00000
192.70000
184.50000
186.50000
175.50000
156.00000
148.90001
149.80000
179.60001
180.60001
179.00000
178.00000
202.60001
197.10001
50.20000
77.50000
136.30000
126.20000
130.50000
135.80000
144.80000
159.50000
177.80000
187.00000
197.30000
203.30000
203.80000
204.40001
204.90001
203.50000
199.10001
186.50000
170.80000
173.50000
179.90001
167.60001
178.70000
194.50000
193.60001
191.20000
180.50000
167.90001
161.00000
160.50000
159.90001
173.90001
182.40001
190.90001
193.00000
189.20000
193.50000
190.40001
192.80000
182.80000
177.00000
147.60001
147.50000
147.50000
179.80000
184.60001
195.20000
176.40001
201.30000
203.80000
54.50000
68.00000
116.10000
131.70000
129.20000
134.90001
144.10001
152.90001
167.90001
183.20000
192.50000
199.40001
201.60001
204.40001
203.80000
201.50000
195.90001
185.30000
165.70000
174.70000
180.30000
169.10001
169.00000
182.80000
186.70000
177.40001
169.10001
154.00000
151.80000
162.20000
159.00000
170.70000
179.10001
190.50000
193.00000
188.20000
186.90001
182.50000
189.40001
179.10001
177.20000
162.20000
149.30000
164.90001
179.60001
176.50000
215.90001
212.20000
210.00000
207.60001
54.80000
61.30000
96.20000
131.40001
134.80000
132.50000
143.30000
151.60001
159.70000
174.00000
187.00000
195.10001
198.90001
199.80000
199.60001
198.10001
193.40001
189.70000
170.70000
172.60001
177.50000
163.50000
159.90001
167.10001
159.50000
158.00000
152.90001
151.30000
164.60001
169.60001
156.40001
164.40001
182.80000
189.20000
191.00000
185.10001
179.60001
183.80000
185.60001
179.00000
166.60001
156.10001
156.20000
180.80000
177.20000
172.50000
205.80000
214.50000
200.10001
204.10001
54.90000
55.00000
75.40000
109.90000
123.10000
132.10001
142.00000
149.90001
158.40001
165.70000
181.10001
188.00000
192.50000
195.00000
194.10001
193.80000
192.20000
194.70000
188.10001
167.90001
160.00000
153.00000
155.30000
151.60001
147.50000
144.70000
145.10001
136.40001
137.90001
150.50000
162.20000
173.40001
179.60001
184.00000
184.00000
178.40001
173.20000
187.40001
175.60001
178.20000
149.90001
146.00000
155.30000
164.30000
170.00000
190.80000
186.60001
206.80000
205.50000
195.10001
47.70000
57.10000
67.20000
80.40000
105.00000
123.90000
142.60001
148.30000
155.90001
161.50000
168.30000
183.10001
186.10001
187.60001
189.80000
192.50000
193.90001
193.80000
192.10001
186.60001
181.50000
179.80000
178.30000
167.10001
153.50000
157.20000
161.20000
153.70000
153.40001
168.50000
179.10001
179.20000
179.90001
179.90001
177.00000
177.40001
177.40001
179.90001
171.30000
176.70000
162.60001
144.40001
170.30000
170.90001
161.50000
198.20000
194.60001
204.70000
210.10001
181.20000
41.60000
58.30000
66.10000
71.70000
89.70000
121.60000
141.00000
149.00000
154.20000
158.90001
164.30000
174.70000
172.90001
181.10001
187.70000
192.70000
193.10001
190.80000
188.50000
185.60001
183.40001
186.70000
184.10001
182.50000
176.40001
183.60001
176.60001
168.50000
174.10001
178.90001
178.80000
176.60001
178.80000
177.10001
177.80000
172.90001
180.40001
174.70000
168.40001
164.00000
152.80000
149.10001
187.10001
164.80000
171.90001
212.00000
210.30000
205.00000
197.90001
180.20000
40.40000
54.60000
63.40000
70.30000
73.20000
109.50000
139.30000
150.10001
153.90001
157.70000
162.00000
163.10001
167.00000
168.30000
167.20000
171.00000
175.80000
178.70000
180.50000
183.70000
181.20000
186.30000
187.90001
184.90001
179.50000
180.20000
177.20000
169.60001
171.10001
178.00000
176.00000
175.90001
178.80000
175.80000
171.70000
167.80000
175.30000
166.80000
168.40001
142.00000
147.70000
145.40001
180.50000
172.70000
176.30000
191.80000
205.60001
207.30000
210.40001
197.20000
40.70000
48.90000
54.70000
61.00000
70.20000
91.80000
128.00000
147.80000
152.90001
157.30000
161.00000
162.40001
164.00000
172.90001
173.80000
172.00000
172.70000
174.80000
174.80000
178.30000
182.80000
179.80000
179.00000
175.30000
175.00000
179.10001
176.40001
176.00000
178.20000
180.00000
177.20000
173.60001
171.00000
170.30000
164.20000
164.40001
166.30000
173.70000
174.40001
151.10001
150.40001
156.70000
173.10001
188.40001
187.20000
211.40001
213.00000
206.70000
187.30000
205.30000
41.50000
50.40000
53.10000
51.70000
62.70000
83.60000
111.20000
134.10001
145.50000
155.40001
160.60001
164.40001
164.20000
166.40001
170.90001
171.90001
172.80000
172.30000
174.90001
174.10001
168.00000
162.70000
163.40001
169.40001
172.40001
171.80000
169.20000
166.70000
164.80000
163.10001
162.70000
159.00000
155.00000
153.80000
160.40001
163.20000
164.60001
174.20000
168.60001
151.80000
146.80000
166.00000
159.10001
182.90001
202.00000
207.30000
202.60001
210.20000
185.50000
213.10001
40.80000
51.90000
53.10000
53.90000
55.90000
77.20000
104.10000
127.90000
140.90001
152.30000
157.00000
163.70000
165.80000
164.50000
168.70000
161.10001
151.30000
146.30000
141.40001
141.30000
141.30000
145.60001
144.00000
143.00000
142.10001
137.00000
140.30000
140.20000
142.20000
147.10001
142.40001
143.30000
143.60001
141.30000
149.60001
164.40001
166.20000
168.70000
138.00000
141.80000
142.70000
172.50000
170.70000
177.30000
200.00000
194.50000
201.10001
211.50000
195.80000
211.10001
41.90000
52.30000
53.90000
55.80000
54.20000
69.80000
94.50000
118.50000
135.70000
145.40001
153.60001
161.00000
165.60001
164.50000
165.70000
163.90001
145.40001
131.50000
135.30000
145.40001
153.60001
153.80000
149.50000
146.70000
144.10001
137.40001
137.10001
142.70000
133.50000
132.90001
126.50000
138.20000
144.30000
149.90001
144.30000
155.30000
166.40001
166.80000
151.20000
140.00000
157.00000
172.90001
171.60001
184.60001
207.70000
194.40001
201.20000
197.20000
201.50000
205.10001
43.70000
52.80000
55.10000
56.60000
56.70000
62.80000
81.40000
108.70000
131.40001
138.60001
148.50000
156.20000
163.20000
164.10001
163.00000
165.00000
164.40001
155.10001
150.00000
153.20000
163.40001
164.00000
162.70000
157.70000
159.70000
159.30000
162.50000
165.50000
160.30000
150.90001
136.40001
144.90001
146.50000
154.00000
156.20000
157.50000
162.80000
160.70000
145.30000
146.80000
168.90001
162.00000
174.40001
205.60001
207.60001
194.40001
203.20000
185.90001
203.60001
208.80000
48.00000
53.80000
55.60000
59.00000
59.00000
59.80000
72.40000
97.30000
122.60000
132.30000
142.60001
151.40001
159.70000
162.70000
162.60001
163.30000
169.10001
163.50000
153.40001
151.00000
156.20000
168.90001
172.00000
167.90001
171.50000
170.70000
174.70000
171.00000
149.70000
141.60001
133.20000
145.90001
144.50000
147.50000
153.80000
167.10001
163.40001
140.20000
140.10001
148.60001
179.00000
145.80000
176.40001
205.10001
196.40001
209.10001
213.60001
199.80000
206.40001
211.00000
50.40000
53.70000
56.70000
59.40000
61.00000
59.50000
69.50000
86.80000
114.30000
125.00000
134.70000
144.20000
153.00000
159.60001
160.60001
162.00000
164.90001
166.20000
159.60001
153.90001
147.00000
153.10001
154.70000
154.30000
153.80000
148.80000
148.90001
141.70000
125.10000
121.30000
124.80000
151.90001
150.60001
144.00000
158.70000
166.30000
159.30000
143.50000
152.40001
161.80000
169.90001
153.40001
191.20000
205.30000
202.00000
212.20000
203.10001
214.30000
210.40001
219.50000
51.80000
53.90000
56.80000
60.40000
62.70000
63.00000
72.60000
83.80000
100.80000
117.80000
129.00000
136.50000
146.00000
154.50000
157.60001
159.00000
158.00000
163.40001
165.50000
160.10001
155.50000
149.00000
147.10001
142.00000
140.40001
133.80000
131.00000
129.80000
124.90000
144.20000
151.20000
157.70000
156.00000
156.90001
159.70000
147.20000
141.90001
137.50000
154.60001
160.10001
155.60001
166.20000
210.20000
209.80000
201.20000
199.30000
188.90001
204.00000
198.70000
206.40001
53.70000
54.10000
57.80000
61.10000
64.30000
63.50000
75.60000
82.70000
95.20000
107.80000
123.40000
129.70000
138.00000
145.90001
151.60001
155.10001
155.60001
155.90001
160.60001
163.30000
163.30000
165.00000
159.00000
151.10001
143.70000
143.60001
143.20000
144.30000
140.50000
136.80000
142.00000
139.20000
144.00000
162.90001
154.60001
138.00000
121.30000
123.00000
161.80000
163.10001
159.10001
172.20000
202.50000
192.00000
209.40001
211.10001
196.80000
201.90001
212.70000
209.90001
54.20000
55.50000
58.80000
63.20000
65.50000
66.70000
76.90000
85.60000
93.00000
101.20000
110.90000
122.10000
130.70000
135.50000
143.70000
152.60001
155.10001
153.70000
155.30000
160.90001
165.60001
168.00000
165.00000
160.00000
158.00000
154.90001
156.00000
151.10001
145.00000
138.40001
127.70000
137.90001
147.50000
147.40001
143.10001
138.10001
128.80000
132.90001
156.40001
156.30000
175.90001
187.30000
208.20000
203.00000
209.80000
206.70000
204.00000
201.80000
219.50000
207.70000
54.20000
55.90000
59.90000
63.40000
66.20000
69.20000
77.50000
89.50000
97.60000
98.80000
102.90000
109.90000
121.60000
125.60000
133.30000
144.10001
152.10001
155.20000
157.50000
158.50000
163.10001
166.20000
167.50000
163.70000
161.10001
162.20000
159.60001
150.10001
145.60001
137.30000
141.00000
143.60001
158.00000
149.10001
143.70000
137.30000
126.70000
136.20000
144.20000
146.80000
142.90001
188.20000
210.10001
203.10001
191.50000
187.10001
203.50000
201.90001
207.60001
189.50000
54.90000
56.10000
60.30000
63.90000
68.90000
71.00000
80.00000
93.10000
102.60000
104.90000
104.60000
95.70000
107.80000
114.80000
123.30000
133.90001
143.20000
151.60001
155.60001
156.90001
157.90001
157.60001
158.90001
154.60001
157.50000
160.70000
151.00000
145.20000
139.60001
144.50000
150.10001
146.80000
139.20000
156.20000
142.90001
126.50000
124.30000
127.60000
151.50000
144.70000
140.40001
157.40001
190.60001
208.10001
198.00000
196.70000
193.50000
208.10001
212.50000
182.50000
54.80000
57.20000
60.10000
65.00000
69.90000
72.10000
85.30000
96.60000
104.60000
112.80000
112.70000
102.90000
95.60000
99.60000
110.00000
122.30000
134.50000
144.10001
150.40001
152.70000
153.00000
151.60001
154.50000
155.20000
154.40001
151.10001
142.20000
139.90001
138.30000
142.00000
148.20000
145.80000
136.30000
141.70000
141.00000
126.00000
130.30000
132.00000
148.80000
135.30000
159.50000
166.00000
160.30000
183.30000
192.30000
187.50000
200.60001
217.30000
200.20000
182.30000
